10098.1660887 1.17520966081e-16
11881.5364974 9.25575843213e-17
13664.906906 7.46901794234e-17
15448.2773146 6.16452427201e-17
17231.6477233 5.18682746673e-17
19015.0181319 4.42969818021e-17
20798.3885406 3.82241417509e-17
22581.7589492 3.32080807442e-17
24365.1293578 2.94446865878e-17
26148.4997665 2.61162121016e-17
27931.8701751 2.33203751103e-17
29715.2405838 2.10256245638e-17
31498.6109924 1.89419841776e-17
33281.981401 1.72671246271e-17
35065.3518097 1.57239798058e-17
36848.7222183 1.44103648898e-17
38632.092627 1.32688942245e-17
40415.4630356 1.21631666654e-17
42198.8334442 1.13196453082e-17
43982.2038529 1.04761239509e-17
45765.5742615 9.71526721428e-18
47548.9446702 9.09554491334e-18
49332.3150788 8.47582261239e-18
51115.6854874 7.90289321775e-18
52899.0558961 7.44842768268e-18
54682.4263047 6.9939621476e-18
56465.7967134 6.53949661252e-18
58249.167122 6.18538598922e-18
60032.5375306 5.85325075593e-18
61815.9079393 5.52111552264e-18
63599.2783479 5.18898028934e-18
65382.6487566 4.94094195197e-18
67166.0191652 4.69874577882e-18
68949.3895738 4.45654960567e-18
70732.7599825 4.21435343252e-18
72516.1303911 4.01041361221e-18
74299.5007998 3.83467561261e-18
76082.8712084 3.65893761302e-18
77866.241617 3.48319961342e-18
79649.6120257 3.30746161382e-18
81432.9824343 3.16498602137e-18
83216.352843 3.03785445386e-18
84999.7232516 2.91072288636e-18
86783.0936602 2.78359131885e-18
88566.4640689 2.65645975135e-18
90349.8344775 2.53639313094e-18
92133.2048862 2.44527693182e-18
93916.5752948 2.3541607327e-18
95699.9457034 2.26304453358e-18
97483.3161121 2.17192833446e-18
99266.6865207 2.08081213534e-18
101050.056929 1.99068846773e-18
102833.427338 1.92545170932e-18
104616.797747 1.86021495092e-18
106400.168155 1.79497819252e-18
108183.538564 1.72974143411e-18
109966.908973 1.66450467571e-18
111750.279381 1.59926791731e-18
113533.64979 1.5364537253e-18
115317.020198 1.48997144702e-18
117100.390607 1.44348916875e-18
118883.761016 1.39700689048e-18
120667.131424 1.35052461221e-18
122450.501833 1.30404233394e-18
124233.872242 1.25756005567e-18
126017.24265 1.21107777739e-18
127800.613059 1.16976415483e-18
129583.983468 1.1369938088e-18
131367.353876 1.10422346276e-18
133150.724285 1.07145311673e-18
134934.094694 1.03868277069e-18
136717.465102 1.00591242466e-18
138500.835511 9.73142078621e-19
140284.205919 9.40371732586e-19
142067.576328 9.07601386551e-19
143850.946737 8.81484803807e-19
145634.317145 8.58516640472e-19
147417.687554 8.35548477138e-19
149201.057963 8.12580313804e-19
150984.428371 7.8961215047e-19
152767.79878 7.66643987135e-19
154551.169189 7.43675823801e-19
156334.539597 7.20707660467e-19
158117.910006 6.97739497133e-19
159901.280414 6.74771333798e-19
161684.650823 6.58165348342e-19
163468.021232 6.42117644072e-19
165251.39164 6.26069939803e-19
167034.762049 6.10022235533e-19
168818.132458 5.93974531264e-19
170601.502866 5.77926826994e-19
172384.873275 5.61879122724e-19
174168.243684 5.45831418455e-19
175951.614092 5.29783714185e-19
177734.984501 5.13736009916e-19
179518.35491 4.97688305646e-19
181301.725318 4.86505956203e-19
183085.095727 4.75479167747e-19
184868.466135 4.6445237929e-19
186651.836544 4.53425590833e-19
188435.206953 4.42398802376e-19
190218.577361 4.31372013919e-19
192001.94777 4.20345225463e-19
193785.318179 4.09318437006e-19
195568.688587 3.98291648549e-19
197352.058996 3.87264860092e-19
199135.429405 3.76238071635e-19
200918.799813 3.65211283179e-19
202702.170222 3.56622432703e-19
204485.54063 3.491673699e-19
206268.911039 3.41712307098e-19
208052.281448 3.34257244296e-19
209835.651856 3.26802181493e-19
211619.022265 3.19347118691e-19
213402.392674 3.11892055889e-19
215185.763082 3.04436993086e-19
216969.133491 2.96981930284e-19
218752.5039 2.89526867482e-19
220535.874308 2.82071804679e-19
222319.244717 2.74616741877e-19
224102.615125 2.67161679075e-19
225885.985534 2.59706616272e-19
227669.355943 2.54424524121e-19
229452.726351 2.49392108869e-19
231236.09676 2.44359693616e-19
233019.467169 2.39327278364e-19
234802.837577 2.34294863111e-19
236586.207986 2.29262447858e-19
238369.578395 2.24230032606e-19
240152.948803 2.19197617353e-19
241936.319212 2.14165202101e-19
243719.689621 2.09132786848e-19
245503.060029 2.04100371595e-19
247286.430438 1.99067956343e-19
249069.800846 1.9403554109e-19
250853.171255 1.89003125837e-19
252636.541664 1.83970710585e-19
254419.912072 1.79675592433e-19
256203.282481 1.76360959952e-19
257986.65289 1.73046327471e-19
259770.023298 1.6973169499e-19
261553.393707 1.66417062509e-19
263336.764116 1.63102430028e-19
265120.134524 1.59787797547e-19
266903.504933 1.56473165066e-19
268686.875341 1.53158532585e-19
270470.24575 1.49843900104e-19
272253.616159 1.46529267623e-19
274036.986567 1.43214635142e-19
275820.356976 1.39900002662e-19
277603.727385 1.36585370181e-19
279387.097793 1.332707377e-19
281170.468202 1.29956105219e-19
282953.838611 1.26641472738e-19
284737.209019 1.23414557486e-19
286520.579428 1.21283049935e-19
288303.949837 1.19151542384e-19
290087.320245 1.17020034833e-19
291870.690654 1.14888527282e-19
293654.061062 1.12757019731e-19
295437.431471 1.1062551218e-19
297220.80188 1.08494004629e-19
299004.172288 1.06362497078e-19
300787.542697 1.04230989527e-19
302570.913106 1.02099481976e-19
304354.283514 9.99679744254e-20
306137.653923 9.78364668745e-20
307921.024332 9.57049593236e-20
309704.39474 9.35734517726e-20
311487.765149 9.14419442217e-20
313271.135557 8.93104366708e-20
315054.505966 8.71789291199e-20
316837.876375 8.50474215689e-20
318621.246783 8.2915914018e-20
320404.617192 8.12576860675e-20
322187.987601 7.99131064449e-20
323971.358009 7.85685268224e-20
325754.728418 7.72239471998e-20
327538.098827 7.58793675773e-20
329321.469235 7.45347879547e-20
331104.839644 7.31902083322e-20
332888.210053 7.18456287096e-20
334671.580461 7.05010490871e-20
336454.95087 6.91564694645e-20
338238.321278 6.7811889842e-20
340021.691687 6.64673102194e-20
341805.062096 6.51227305969e-20
343588.432504 6.37781509743e-20
345371.802913 6.24335713517e-20
347155.173322 6.10889917292e-20
348938.54373 5.97444121066e-20
350721.914139 5.83998324841e-20
352505.284548 5.70552528615e-20
354288.654956 5.5710673239e-20
356072.025365 5.43660936164e-20
357855.395773 5.30215139939e-20
359638.766182 5.20716822332e-20
361422.136591 5.12515569081e-20
363205.506999 5.0431431583e-20
364988.877408 4.96113062579e-20
366772.247817 4.87911809329e-20
368555.618225 4.79710556078e-20
370338.988634 4.71509302827e-20
372122.359043 4.63308049577e-20
373905.729451 4.55106796326e-20
375689.09986 4.46905543075e-20
377472.470269 4.38704289824e-20
379255.840677 4.30503036574e-20
381039.211086 4.22301783323e-20
382822.581494 4.14100530072e-20
384605.951903 4.05899276822e-20
386389.322312 3.97698023571e-20
388172.69272 3.8949677032e-20
389956.063129 3.81295517069e-20
391739.433538 3.73094263819e-20
393522.803946 3.64893010568e-20
395306.174355 3.56691757317e-20
397089.544764 3.48490504067e-20
398872.915172 3.40289250816e-20
400656.285581 3.32087997565e-20
402439.655989 3.24686198404e-20
404223.026398 3.19844147145e-20
406006.396807 3.15002095886e-20
407789.767215 3.10160044627e-20
409573.137624 3.05317993369e-20
411356.508033 3.0047594211e-20
413139.878441 2.95633890851e-20
414923.24885 2.90791839592e-20
416706.619259 2.85949788333e-20
418489.989667 2.81107737074e-20
420273.360076 2.76265685815e-20
422056.730485 2.71423634556e-20
423840.100893 2.66581583297e-20
425623.471302 2.61739532038e-20
427406.84171 2.56897480779e-20
429190.212119 2.5205542952e-20
430973.582528 2.47213378261e-20
432756.952936 2.42371327002e-20
434540.323345 2.37529275743e-20
436323.693754 2.32687224484e-20
438107.064162 2.27845173225e-20
439890.434571 2.23003121966e-20
441673.80498 2.18161070707e-20
443457.175388 2.13319019448e-20
445240.545797 2.08476968189e-20
447023.916205 2.0363491693e-20
448807.286614 1.98792865671e-20
450590.657023 1.93950814412e-20
452374.027431 1.90624549473e-20
454157.39784 1.87853101754e-20
455940.768249 1.85081654036e-20
457724.138657 1.82310206317e-20
459507.509066 1.79538758599e-20
461290.879475 1.7676731088e-20
463074.249883 1.73995863162e-20
464857.620292 1.71224415443e-20
466640.990701 1.68452967724e-20
468424.361109 1.65681520006e-20
470207.731518 1.62910072287e-20
471991.101926 1.60138624569e-20
473774.472335 1.5736717685e-20
475557.842744 1.54595729132e-20
477341.213152 1.51824281413e-20
479124.583561 1.49052833695e-20
480907.95397 1.46281385976e-20
482691.324378 1.43509938258e-20
484474.694787 1.40738490539e-20
486258.065196 1.3796704282e-20
488041.435604 1.35195595102e-20
489824.806013 1.32424147383e-20
491608.176421 1.29652699665e-20
493391.54683 1.26881251946e-20
495174.917239 1.24109804228e-20
496958.287647 1.21338356509e-20
498741.658056 1.18566908791e-20
500525.028465 1.15795461072e-20
502308.398873 1.13024013353e-20
504091.769282 1.10252565635e-20
505875.139691 1.07481117916e-20
507658.510099 1.05838077551e-20
509441.880508 1.0436382939e-20
511225.250917 1.02889581229e-20
513008.621325 1.01415333069e-20
514791.991734 9.99410849083e-21
516575.362142 9.84668367477e-21
518358.732551 9.69925885872e-21
520142.10296 9.55183404266e-21
521925.473368 9.4044092266e-21
523708.843777 9.25698441055e-21
525492.214186 9.10955959449e-21
527275.584594 8.96213477843e-21
529058.955003 8.81470996238e-21
530842.325412 8.66728514632e-21
532625.69582 8.51986033026e-21
534409.066229 8.37243551421e-21
536192.436637 8.22501069815e-21
537975.807046 8.07758588209e-21
539759.177455 7.93016106603e-21
541542.547863 7.78273624998e-21
543325.918272 7.63531143392e-21
545109.288681 7.48788661786e-21
546892.659089 7.34046180181e-21
548676.029498 7.19303698575e-21
550459.399907 7.04561216969e-21
552242.770315 6.89818735364e-21
554026.140724 6.75076253758e-21
555809.511133 6.60333772152e-21
557592.881541 6.45591290547e-21
559376.25195 6.30848808941e-21
561159.622358 6.16106327335e-21
562942.992767 6.0136384573e-21
564726.363176 5.86621364124e-21
566509.733584 5.71878882518e-21
568293.103993 5.58929495089e-21
570076.474402 5.51597896102e-21
571859.84481 5.44266297115e-21
573643.215219 5.36934698127e-21
575426.585628 5.2960309914e-21
577209.956036 5.22271500153e-21
578993.326445 5.14939901166e-21
580776.696853 5.07608302179e-21
582560.067262 5.00276703192e-21
584343.437671 4.92945104204e-21
586126.808079 4.85613505217e-21
587910.178488 4.7828190623e-21
589693.548897 4.70950307243e-21
591476.919305 4.63618708256e-21
593260.289714 4.56287109269e-21
595043.660123 4.48955510281e-21
596827.030531 4.41623911294e-21
598610.40094 4.34292312307e-21
600393.771349 4.2696071332e-21
602177.141757 4.19629114333e-21
603960.512166 4.12297515346e-21
605743.882574 4.04965916358e-21
607527.252983 3.97634317371e-21
609310.623392 3.90302718384e-21
611093.9938 3.82971119397e-21
612877.364209 3.7563952041e-21
614660.734618 3.68307921422e-21
616444.105026 3.60976322435e-21
618227.475435 3.53644723448e-21
620010.845844 3.46313124461e-21
621794.216252 3.38981525474e-21
623577.586661 3.31649926487e-21
625360.957069 3.24318327499e-21
627144.327478 3.16986728512e-21
628927.697887 3.09655129525e-21
630711.068295 3.02323530538e-21
632494.438704 2.94991931551e-21
634277.809113 2.87660332564e-21
636061.179521 2.80328733576e-21
637844.54993 2.74546353664e-21
639627.920339 2.71199546524e-21
641411.290747 2.67852739383e-21
643194.661156 2.64505932243e-21
644978.031565 2.61159125102e-21
646761.401973 2.57812317962e-21
648544.772382 2.54465510821e-21
650328.14279 2.5111870368e-21
652111.513199 2.4777189654e-21
653894.883608 2.44425089399e-21
655678.254016 2.41078282259e-21
657461.624425 2.37731475118e-21
659244.994834 2.34384667978e-21
661028.365242 2.31037860837e-21
662811.735651 2.27691053696e-21
664595.10606 2.24344246556e-21
666378.476468 2.20997439415e-21
668161.846877 2.17650632275e-21
669945.217285 2.14303825134e-21
671728.587694 2.10957017994e-21
673511.958103 2.07610210853e-21
675295.328511 2.04263403712e-21
677078.69892 2.00916596572e-21
678862.069329 1.97569789431e-21
680645.439737 1.94222982291e-21
682428.810146 1.9087617515e-21
684212.180555 1.8752936801e-21
685995.550963 1.84182560869e-21
687778.921372 1.80835753728e-21
689562.29178 1.77488946588e-21
691345.662189 1.74142139447e-21
693129.032598 1.70795332307e-21
694912.403006 1.67448525166e-21
696695.773415 1.64101718025e-21
698479.143824 1.60754910885e-21
700262.514232 1.57408103744e-21
702045.884641 1.54061296604e-21
703829.25505 1.50714489463e-21
705612.625458 1.47367682323e-21
707395.995867 1.44020875182e-21
709179.366276 1.40674068041e-21
710962.736684 1.37327260901e-21
712746.107093 1.3398045376e-21
714529.477501 1.3063364662e-21
716312.84791 1.28856222834e-21
718096.218319 1.27483960249e-21
719879.588727 1.26111697663e-21
721662.959136 1.24739435078e-21
723446.329545 1.23367172492e-21
725229.699953 1.21994909907e-21
727013.070362 1.20622647321e-21
728796.440771 1.19250384736e-21
730579.811179 1.1787812215e-21
732363.181588 1.16505859565e-21
734146.551996 1.15133596979e-21
735929.922405 1.13761334394e-21
737713.292814 1.12389071808e-21
739496.663222 1.11016809223e-21
741280.033631 1.09644546637e-21
743063.40404 1.08272284052e-21
744846.774448 1.06900021466e-21
746630.144857 1.0552775888e-21
748413.515266 1.04155496295e-21
750196.885674 1.02783233709e-21
751980.256083 1.01410971124e-21
753763.626492 1.00038708538e-21
755546.9969 9.86664459529e-22
757330.367309 9.72941833673e-22
759113.737717 9.59219207818e-22
760897.108126 9.45496581963e-22
762680.478535 9.31773956108e-22
764463.848943 9.18051330252e-22
766247.219352 9.04328704397e-22
768030.589761 8.90606078542e-22
769813.960169 8.76883452687e-22
771597.330578 8.63160826831e-22
773380.700987 8.49438200976e-22
775164.071395 8.35715575121e-22
776947.441804 8.21992949265e-22
778730.812212 8.0827032341e-22
780514.182621 7.94547697555e-22
782297.55303 7.808250717e-22
784080.923438 7.67102445844e-22
785864.293847 7.53379819989e-22
787647.664256 7.39657194134e-22
789431.034664 7.25934568279e-22
791214.405073 7.12211942423e-22
792997.775482 6.98489316568e-22
794781.14589 6.84766690713e-22
796564.516299 6.71044064857e-22
798347.886708 6.57321439002e-22
800131.257116 6.43598813147e-22
801914.627525 6.29876187292e-22
803697.997933 6.23958090318e-22
805481.368342 6.19088521662e-22
807264.738751 6.14218953005e-22
809048.109159 6.09349384348e-22
810831.479568 6.04479815692e-22
812614.849977 5.99610247035e-22
814398.220385 5.94740678378e-22
816181.590794 5.89871109721e-22
817964.961203 5.85001541065e-22
819748.331611 5.80131972408e-22
821531.70202 5.75262403751e-22
823315.072428 5.70392835095e-22
825098.442837 5.65523266438e-22
826881.813246 5.60653697781e-22
828665.183654 5.55784129125e-22
830448.554063 5.50914560468e-22
832231.924472 5.46044991811e-22
834015.29488 5.41175423154e-22
835798.665289 5.36305854498e-22
837582.035698 5.31436285841e-22
839365.406106 5.26566717184e-22
841148.776515 5.21697148528e-22
842932.146924 5.16827579871e-22
844715.517332 5.11958011214e-22
846498.887741 5.07088442558e-22
848282.258149 5.02218873901e-22
850065.628558 4.97349305244e-22
851848.998967 4.92479736587e-22
853632.369375 4.87610167931e-22
855415.739784 4.82740599274e-22
857199.110193 4.77871030617e-22
858982.480601 4.73001461961e-22
860765.85101 4.68131893304e-22
862549.221419 4.63262324647e-22
864332.591827 4.58392755991e-22
866115.962236 4.53523187334e-22
867899.332644 4.48653618677e-22
869682.703053 4.4378405002e-22
871466.073462 4.38914481364e-22
873249.44387 4.34044912707e-22
875032.814279 4.2917534405e-22
876816.184688 4.24305775394e-22
878599.555096 4.19436206737e-22
880382.925505 4.1456663808e-22
882166.295914 4.09697069423e-22
883949.666322 4.04827500767e-22
885733.036731 3.9995793211e-22
887516.40714 3.95088363453e-22
889299.777548 3.90218794797e-22
891083.147957 3.8534922614e-22
892866.518365 3.80479657483e-22
894649.888774 3.75610088827e-22
896433.259183 3.7074052017e-22
898216.629591 3.65870951513e-22
900000.0 3.61001382856e-22
1726253.02584 1e-300
3311055.01025 1e-300
6350798.58908 1e-300
12181205.8677 1e-300
23364270.5416 1e-300
44814047.4656 1e-300
85955983.3751 1e-300
164868640.434 1e-300
316227766.017 1e-300
