11193.6056928 4.20843260659e-18
12173.1776253 3.90032467285e-18
13152.7495578 3.62777558633e-18
14132.3214903 3.38042328046e-18
15111.8934228 3.18066458006e-18
16091.4653552 2.99246057397e-18
17071.0372877 2.83311451734e-18
18050.6092202 2.68345796208e-18
19030.1811527 2.55473580355e-18
20009.7530852 2.42861463392e-18
20989.3250176 2.32429849598e-18
21968.8969501 2.21998235803e-18
22948.4688826 2.12974087246e-18
23928.0408151 2.04786877673e-18
24907.6127476 1.96599668099e-18
25887.18468 1.89759998591e-18
26866.7566125 1.83167347792e-18
27846.328545 1.76574696993e-18
28825.9004775 1.70954015852e-18
29805.4724099 1.65704576445e-18
30785.0443424 1.60455137037e-18
31764.6162749 1.55422323156e-18
32744.1882074 1.51151897423e-18
33723.7601399 1.4688147169e-18
34703.3320723 1.42611045958e-18
35682.9040048 1.38583012846e-18
36662.4759373 1.35143920155e-18
37642.0478698 1.31704827464e-18
38621.6198023 1.28265734773e-18
39601.1917347 1.24826642082e-18
40580.7636672 1.21958965827e-18
41560.3355997 1.19167460633e-18
42539.9075322 1.16375955438e-18
43519.4794647 1.13584450244e-18
44499.0513971 1.10792945049e-18
45478.6233296 1.08534808073e-18
46458.1952621 1.06313640159e-18
47437.7671946 1.04092472245e-18
48417.3391271 1.01871304331e-18
49396.9110595 9.96501364167e-19
50376.482992 9.7599257907e-19
51356.0549245 9.58211663721e-19
52335.626857 9.40430748372e-19
53315.1987895 9.22649833023e-19
54294.7707219 9.04868917674e-19
55274.3426544 8.87088002325e-19
56253.9145869 8.69831282565e-19
57233.4865194 8.55406671573e-19
58213.0584518 8.4098206058e-19
59192.6303843 8.26557449588e-19
60172.2023168 8.12132838596e-19
61151.7742493 7.97708227603e-19
62131.3461818 7.83283616611e-19
63110.9181142 7.69372879617e-19
64090.4900467 7.58005566615e-19
65070.0619792 7.46638253614e-19
66049.6339117 7.35270940612e-19
67029.2058442 7.2390362761e-19
68008.7777766 7.12536314608e-19
68988.3497091 7.01169001606e-19
69967.9216416 6.89801688604e-19
70947.4935741 6.79194344457e-19
71927.0655066 6.70148947277e-19
72906.637439 6.61103550098e-19
73886.2093715 6.52058152918e-19
74865.781304 6.43012755739e-19
75845.3532365 6.33967358559e-19
76824.925169 6.2492196138e-19
77804.4971014 6.158765642e-19
78784.0690339 6.0683116702e-19
79763.6409664 5.987570511e-19
80743.2128989 5.9154493728e-19
81722.7848313 5.84332823459e-19
82702.3567638 5.77120709639e-19
83681.9286963 5.69908595818e-19
84661.5006288 5.62696481998e-19
85641.0725613 5.55484368177e-19
86620.6444937 5.48272254357e-19
87600.2164262 5.41060140536e-19
88579.7883587 5.33848026716e-19
89559.3602912 5.27416134981e-19
90538.9322237 5.21388241409e-19
91518.5041561 5.15360347836e-19
92498.0760886 5.09332454264e-19
93477.6480211 5.03304560692e-19
94457.2199536 4.97276667119e-19
95436.7918861 4.91248773547e-19
96416.3638185 4.85220879975e-19
97395.935751 4.79192986402e-19
98375.5076835 4.7316509283e-19
99355.079616 4.67137199258e-19
100334.651548 4.61872814814e-19
101314.223481 4.5715352188e-19
102293.795413 4.52434228946e-19
103273.367346 4.47714936012e-19
104252.939278 4.42995643078e-19
105232.511211 4.38276350144e-19
106212.083143 4.3355705721e-19
107191.655076 4.28837764276e-19
108171.227008 4.24118471341e-19
109150.798941 4.19399178407e-19
110130.370873 4.14679885473e-19
111109.942806 4.09960592539e-19
112089.514738 4.05405984587e-19
113069.086671 4.01737930334e-19
114048.658603 3.98069876082e-19
115028.230536 3.94401821829e-19
116007.802468 3.90733767577e-19
116987.374401 3.87065713324e-19
117966.946333 3.83397659071e-19
118946.518266 3.79729604819e-19
119926.090198 3.76061550566e-19
120905.662131 3.72393496314e-19
121885.234063 3.68725442061e-19
122864.805995 3.65057387809e-19
123844.377928 3.61389333556e-19
124823.94986 3.57721279304e-19
125803.521793 3.54205771085e-19
126783.093725 3.51252007741e-19
127762.665658 3.48298244397e-19
128742.23759 3.45344481053e-19
129721.809523 3.42390717709e-19
130701.381455 3.39436954365e-19
131680.953388 3.36483191021e-19
132660.52532 3.33529427677e-19
133640.097253 3.30575664333e-19
134619.669185 3.27621900989e-19
135599.241118 3.24668137646e-19
136578.81305 3.21714374302e-19
137558.384983 3.18760610958e-19
138537.956915 3.15806847614e-19
139517.528848 3.1285308427e-19
140497.10078 3.09899320926e-19
141476.672713 3.07274205005e-19
142456.244645 3.04897874292e-19
143435.816578 3.02521543579e-19
144415.38851 3.00145212866e-19
145394.960443 2.97768882154e-19
146374.532375 2.95392551441e-19
147354.104307 2.93016220728e-19
148333.67624 2.90639890015e-19
149313.248172 2.88263559302e-19
150292.820105 2.8588722859e-19
151272.392037 2.83510897877e-19
152251.96397 2.81134567164e-19
153231.535902 2.78758236451e-19
154211.107835 2.76381905738e-19
155190.679767 2.74005575026e-19
156170.2517 2.71629244313e-19
157149.823632 2.692529136e-19
158129.395565 2.66884706172e-19
159108.967497 2.65021336809e-19
160088.53943 2.63157967447e-19
161068.111362 2.61294598084e-19
162047.683295 2.59431228721e-19
163027.255227 2.57567859359e-19
164006.82716 2.55704489996e-19
164986.399092 2.53841120633e-19
165965.971025 2.5197775127e-19
166945.542957 2.50114381908e-19
167925.11489 2.48251012545e-19
168904.686822 2.46387643182e-19
169884.258754 2.4452427382e-19
170863.830687 2.42660904457e-19
171843.402619 2.40797535094e-19
172822.974552 2.38934165732e-19
173802.546484 2.37070796369e-19
174782.118417 2.35207427006e-19
175761.690349 2.33344057644e-19
176741.262282 2.31480688281e-19
177720.834214 2.29740517105e-19
178700.406147 2.28261312895e-19
179679.978079 2.26782108684e-19
180659.550012 2.25302904474e-19
181639.121944 2.23823700263e-19
182618.693877 2.22344496053e-19
183598.265809 2.20865291842e-19
184577.837742 2.19386087632e-19
185557.409674 2.17906883421e-19
186536.981607 2.16427679211e-19
187516.553539 2.14948475e-19
188496.125472 2.1346927079e-19
189475.697404 2.11990066579e-19
190455.269337 2.10510862369e-19
191434.841269 2.09031658158e-19
192414.413202 2.07552453948e-19
193393.985134 2.06073249737e-19
194373.557066 2.04594045527e-19
195353.128999 2.03114841316e-19
196332.700931 2.01635637106e-19
197312.272864 2.00156432895e-19
198291.844796 1.98677228685e-19
199271.416729 1.97268867105e-19
200250.988661 1.96108236969e-19
201230.560594 1.94947606833e-19
202210.132526 1.93786976697e-19
203189.704459 1.92626346561e-19
204169.276391 1.91465716425e-19
205148.848324 1.90305086289e-19
206128.420256 1.89144456153e-19
207107.992189 1.87983826017e-19
208087.564121 1.86823195881e-19
209067.136054 1.85662565745e-19
210046.707986 1.84501935609e-19
211026.279919 1.83341305473e-19
212005.851851 1.82180675337e-19
212985.423784 1.81020045201e-19
213964.995716 1.79859415065e-19
214944.567649 1.78698784929e-19
215924.139581 1.77538154793e-19
216903.711513 1.76377524656e-19
217883.283446 1.7521689452e-19
218862.855378 1.74056264384e-19
219842.427311 1.72895634248e-19
220821.999243 1.71735004112e-19
221801.571176 1.70574373976e-19
222781.143108 1.6941374384e-19
223760.715041 1.68363044109e-19
224740.286973 1.67459467837e-19
225719.858906 1.66555891565e-19
226699.430838 1.65652315293e-19
227679.002771 1.64748739021e-19
228658.574703 1.63845162749e-19
229638.146636 1.62941586477e-19
230617.718568 1.62038010206e-19
231597.290501 1.61134433934e-19
232576.862433 1.60230857662e-19
233556.434366 1.5932728139e-19
234536.006298 1.58423705118e-19
235515.578231 1.57520128846e-19
236495.150163 1.56616552574e-19
237474.722096 1.55712976303e-19
238454.294028 1.54809400031e-19
239433.865961 1.53905823759e-19
240413.437893 1.53002247487e-19
241393.009825 1.52098671215e-19
242372.581758 1.51195094943e-19
243352.15369 1.50291518671e-19
244331.725623 1.49387942399e-19
245311.297555 1.48484366128e-19
246290.869488 1.47580789856e-19
247270.44142 1.46677213584e-19
248250.013353 1.45773637312e-19
249229.585285 1.4487006104e-19
250209.157218 1.43966484768e-19
251188.72915 1.43184760074e-19
252168.301083 1.42481754986e-19
253147.873015 1.41778749898e-19
254127.444948 1.4107574481e-19
255107.01688 1.40372739722e-19
256086.588813 1.39669734634e-19
257066.160745 1.38966729546e-19
258045.732678 1.38263724458e-19
259025.30461 1.3756071937e-19
260004.876543 1.36857714282e-19
260984.448475 1.36154709194e-19
261964.020408 1.35451704106e-19
262943.59234 1.34748699018e-19
263923.164272 1.34045693929e-19
264902.736205 1.33342688841e-19
265882.308137 1.32639683753e-19
266861.88007 1.31936678665e-19
267841.452002 1.31233673577e-19
268821.023935 1.30530668489e-19
269800.595867 1.29827663401e-19
270780.1678 1.29124658313e-19
271759.739732 1.28421653225e-19
272739.311665 1.27718648137e-19
273718.883597 1.27015643049e-19
274698.45553 1.26312637961e-19
275678.027462 1.25609632872e-19
276657.599395 1.24906627784e-19
277637.171327 1.24203622696e-19
278616.74326 1.23500617608e-19
279596.315192 1.2279761252e-19
280575.887125 1.22094607432e-19
281555.459057 1.21454500862e-19
282535.03099 1.20911615808e-19
283514.602922 1.20368730754e-19
284494.174855 1.198258457e-19
285473.746787 1.19282960647e-19
286453.31872 1.18740075593e-19
287432.890652 1.18197190539e-19
288412.462584 1.17654305485e-19
289392.034517 1.17111420431e-19
290371.606449 1.16568535377e-19
291351.178382 1.16025650324e-19
292330.750314 1.1548276527e-19
293310.322247 1.14939880216e-19
294289.894179 1.14396995162e-19
295269.466112 1.13854110108e-19
296249.038044 1.13311225054e-19
297228.609977 1.12768340001e-19
298208.181909 1.12225454947e-19
299187.753842 1.11682569893e-19
300167.325774 1.11139684839e-19
301146.897707 1.10596799785e-19
302126.469639 1.10053914731e-19
303106.041572 1.09511029678e-19
304085.613504 1.08968144624e-19
305065.185437 1.0842525957e-19
306044.757369 1.07882374516e-19
307024.329302 1.07339489462e-19
308003.901234 1.06796604408e-19
308983.473167 1.06253719355e-19
309963.045099 1.05710834301e-19
310942.617031 1.05167949247e-19
311922.188964 1.04625064193e-19
312901.760896 1.04082179139e-19
313881.332829 1.03539294085e-19
314860.904761 1.02996409032e-19
315840.476694 1.02498983328e-19
316820.048626 1.02079177751e-19
317799.620559 1.01659372175e-19
318779.192491 1.01239566598e-19
319758.764424 1.00819761022e-19
320738.336356 1.00399955446e-19
321717.908289 9.99801498691e-20
322697.480221 9.95603442927e-20
323677.052154 9.91405387163e-20
324656.624086 9.87207331399e-20
325636.196019 9.83009275634e-20
326615.767951 9.7881121987e-20
327595.339884 9.74613164106e-20
328574.911816 9.70415108342e-20
329554.483749 9.66217052578e-20
330534.055681 9.62018996814e-20
331513.627614 9.5782094105e-20
332493.199546 9.53622885286e-20
333472.771479 9.49424829522e-20
334452.343411 9.45226773757e-20
335431.915343 9.41028717993e-20
336411.487276 9.36830662229e-20
337391.059208 9.32632606465e-20
338370.631141 9.28434550701e-20
339350.203073 9.24236494937e-20
340329.775006 9.20038439173e-20
341309.346938 9.15840383409e-20
342288.918871 9.11642327645e-20
343268.490803 9.0744427188e-20
344248.062736 9.03246216116e-20
345227.634668 8.99048160352e-20
346207.206601 8.94850104588e-20
347186.778533 8.90652048824e-20
348166.350466 8.8645399306e-20
349145.922398 8.82255937296e-20
350125.494331 8.78057881532e-20
351105.066263 8.73859825768e-20
352084.638196 8.69661770003e-20
353064.210128 8.65463714239e-20
354043.782061 8.61337816953e-20
355023.353993 8.58136863044e-20
356002.925926 8.54935909136e-20
356982.497858 8.51734955227e-20
357962.069791 8.48534001319e-20
358941.641723 8.45333047411e-20
359921.213655 8.42132093502e-20
360900.785588 8.38931139594e-20
361880.35752 8.35730185685e-20
362859.929453 8.32529231777e-20
363839.501385 8.29328277868e-20
364819.073318 8.2612732396e-20
365798.64525 8.22926370051e-20
366778.217183 8.19725416143e-20
367757.789115 8.16524462234e-20
368737.361048 8.13323508326e-20
369716.93298 8.10122554417e-20
370696.504913 8.06921600509e-20
371676.076845 8.03720646601e-20
372655.648778 8.00519692692e-20
373635.22071 7.97318738784e-20
374614.792643 7.94117784875e-20
375594.364575 7.90916830967e-20
376573.936508 7.87715877058e-20
377553.50844 7.8451492315e-20
378533.080373 7.81313969241e-20
379512.652305 7.78113015333e-20
380492.224238 7.74912061424e-20
381471.79617 7.71711107516e-20
382451.368102 7.68510153607e-20
383430.940035 7.65309199699e-20
384410.511967 7.6210824579e-20
385390.0839 7.58907291882e-20
386369.655832 7.55706337974e-20
387349.227765 7.52505384065e-20
388328.799697 7.49304430157e-20
389308.37163 7.46103476248e-20
390287.943562 7.4290252234e-20
391267.515495 7.39701568431e-20
392247.087427 7.36500614523e-20
393226.65936 7.33299660614e-20
394206.231292 7.30098706706e-20
395185.803225 7.26897752797e-20
396165.375157 7.23696798889e-20
397144.94709 7.2049584498e-20
398124.519022 7.18034939706e-20
399104.090955 7.15588806307e-20
400083.662887 7.13142672907e-20
401063.23482 7.10696539508e-20
402042.806752 7.08250406109e-20
403022.378685 7.0580427271e-20
404001.950617 7.03358139311e-20
404981.52255 7.00912005912e-20
405961.094482 6.98465872513e-20
406940.666414 6.96019739114e-20
407920.238347 6.93573605715e-20
408899.810279 6.91127472316e-20
409879.382212 6.88681338916e-20
410858.954144 6.86235205517e-20
411838.526077 6.83789072118e-20
412818.098009 6.81342938719e-20
413797.669942 6.7889680532e-20
414777.241874 6.76450671921e-20
415756.813807 6.74004538522e-20
416736.385739 6.71558405123e-20
417715.957672 6.69112271724e-20
418695.529604 6.66666138325e-20
419675.101537 6.64220004925e-20
420654.673469 6.61773871526e-20
421634.245402 6.59327738127e-20
422613.817334 6.56881604728e-20
423593.389267 6.54435471329e-20
424572.961199 6.5198933793e-20
425552.533132 6.49543204531e-20
426532.105064 6.47097071132e-20
427511.676997 6.44650937733e-20
428491.248929 6.42204804334e-20
429470.820861 6.39758670934e-20
430450.392794 6.37312537535e-20
431429.964726 6.34866404136e-20
432409.536659 6.32420270737e-20
433389.108591 6.29974137338e-20
434368.680524 6.27528003939e-20
435348.252456 6.2508187054e-20
436327.824389 6.22635737141e-20
437307.396321 6.20189603742e-20
438286.968254 6.17743470343e-20
439266.540186 6.15297336943e-20
440246.112119 6.12851203544e-20
441225.684051 6.10405070145e-20
442205.255984 6.07958936746e-20
443184.827916 6.05512803347e-20
444164.399849 6.03066669948e-20
445143.971781 6.00620536549e-20
446123.543714 5.98568722901e-20
447103.115646 5.96898104905e-20
448082.687579 5.9522748691e-20
449062.259511 5.93556868914e-20
450041.831444 5.91886250918e-20
451021.403376 5.90215632923e-20
452000.975309 5.88545014927e-20
452980.547241 5.86874396931e-20
453960.119173 5.85203778936e-20
454939.691106 5.8353316094e-20
455919.263038 5.81862542944e-20
456898.834971 5.80191924949e-20
457878.406903 5.78521306953e-20
458857.978836 5.76850688957e-20
459837.550768 5.75180070962e-20
460817.122701 5.73509452966e-20
461796.694633 5.7183883497e-20
462776.266566 5.70168216975e-20
463755.838498 5.68497598979e-20
464735.410431 5.66826980983e-20
465714.982363 5.65156362988e-20
466694.554296 5.63485744992e-20
467674.126228 5.61815126997e-20
468653.698161 5.60144509001e-20
469633.270093 5.58473891005e-20
470612.842026 5.5680327301e-20
471592.413958 5.55132655014e-20
472571.985891 5.53462037018e-20
473551.557823 5.51791419023e-20
474531.129756 5.50120801027e-20
475510.701688 5.48450183031e-20
476490.27362 5.46779565036e-20
477469.845553 5.4510894704e-20
478449.417485 5.43438329044e-20
479428.989418 5.41767711049e-20
480408.56135 5.40097093053e-20
481388.133283 5.38426475057e-20
482367.705215 5.36755857062e-20
483347.277148 5.35085239066e-20
484326.84908 5.3341462107e-20
485306.421013 5.31744003075e-20
486285.992945 5.30073385079e-20
487265.564878 5.28402767083e-20
488245.13681 5.26732149088e-20
489224.708743 5.25061531092e-20
490204.280675 5.23390913097e-20
491183.852608 5.21720295101e-20
492163.42454 5.20049677105e-20
493142.996473 5.1837905911e-20
494122.568405 5.16708441114e-20
495102.140338 5.15037823118e-20
496081.71227 5.13367205123e-20
497061.284203 5.11696587127e-20
498040.856135 5.10025969131e-20
499020.428068 5.08355351136e-20
500000.0 5.0668473314e-20
1023753.87687 1e-300
2096144.00083 1e-300
4291871.09466 1e-300
8787639.3444 1e-300
17992759.6948 1e-300
36840314.9864 1e-300
75430830.5851 1e-300
154445210.495 1e-300
316227766.017 1e-300
