50000.0 7.666610170762223e-22
56100.92271509815 6.74710771147186e-22
62946.27058970838 5.928245793405495e-22
70626.8772311377 5.20028568764781e-22
79244.6596230557 4.553131696133123e-22
88913.97050194614 3.980000718033419e-22
99763.11574844395 3.4736952864621267e-22
111936.05692841699 3.027303566106929e-22
125594.32157547897 2.634698276335209e-22
140919.14656322275 2.290732334419017e-22
158113.88300841898 1.9899287177063423e-22
177406.69461678766 1.7280710852257255e-22
199053.58527674866 1.500391108929159e-22
223341.7960754815 1.3029285172596012e-22
250593.61681363624 1.1322325738349842e-22
281170.66259517457 9.851736984876734e-23
315478.6722400965 8.590777588875095e-23
353972.89219206903 7.511278157745978e-23
397164.1173621407 6.584767929999017e-23
445625.46906687296 5.789972974569033e-23
500000.0 5.108718022007041e-23
561009.2271509818 4.5237278313094574e-23
629462.7058970837 4.0290509523446696e-23
706268.772311377 3.6022840772380013e-23
792446.5962305567 3.2340673692537755e-23
889139.7050194615 2.9167191748927575e-23
997631.1574844399 2.6417753964089027e-23
1119360.56928417 2.3986835180816557e-23
1255943.2157547898 2.1858900991833803e-23
1409191.4656322268 1.9959181039970227e-23
1581138.8300841895 1.8262172389185371e-23
1774066.9461678776 1.6736374155557362e-23
1990535.8527674866 1.5352870037175915e-23
2233417.960754815 1.4090496105367344e-23
2505936.168136361 1.2918741528524565e-23
2811706.6259517455 1.1822938827569409e-23
3154786.7224009666 1.0796314717798179e-23
3539728.92192069 9.82920297462671e-24
3971641.173621407 8.915957028197507e-24
4456254.690668727 8.058573714917778e-24
5000000.0 7.237019623677291e-24
5610092.271509818 6.461124343699009e-24
6294627.058970837 5.726347967758898e-24
7062687.723113772 5.0324200692073235e-24
7924465.962305567 4.381768029876205e-24
8891397.050194615 3.778125787873325e-24
9976311.574844398 3.2119903690690822e-24
11193605.692841697 2.6923926804695994e-24
12559432.1575479 2.222556661965593e-24
14091914.656322269 1.8035137246730763e-24
15811388.300841898 1.4354211648187115e-24
17740669.461678773 1.1179724064384478e-24
19905358.52767486 8.439478507554408e-25
22334179.60754816 6.173939832610917e-25
25059361.681363612 4.369561922086546e-25
28117066.259517454 2.9993258268106275e-25
31547867.224009663 1.971877679736145e-25
35397289.2192069 1.2551628615159334e-25
39716411.73621407 7.974458017517965e-26
44562546.906687275 5.299332965409831e-26
50000000.0 4.0522579678809047e-26
61372432.53885792 1e-300
75331509.51473334 1e-300
92465559.71486612 1e-300
113496726.5153672 1e-300
139311403.8289119 1e-300
170997594.66766945 1e-300
209890766.86097074 1e-300
257630138.59408116 1e-300
316227766.01683795 1e-300
