5000.0 4.3954391272e-19
5610.09227151 4.45420398878e-19
6294.62705897 3.797855744e-19
7062.68772311 3.05341173847e-19
7924.46596231 3.12752893774e-19
8891.39705019 2.36246961514e-19
9976.31157484 2.32548562724e-19
11193.6056928 2.02730085961e-19
12559.4321575 1.80842289214e-19
14091.9146563 1.52803724664e-19
15811.3883008 1.18663529877e-19
17740.6694617 1.1065622336e-19
19905.3585277 8.84471947565e-20
22334.1796075 7.92181393096e-20
25059.3616814 7.35993147333e-20
28117.0662595 6.28639621009e-20
31547.867224 4.96242401495e-20
35397.2892192 4.2266599648e-20
39716.4117362 3.79015030308e-20
44562.5469067 2.94148431995e-20
50000.0 2.49490561784e-20
56100.9227151 2.11249674749e-20
62946.2705897 1.78593074425e-20
70626.8772311 1.55816635244e-20
79244.6596231 1.27296591674e-20
88913.9705019 1.18064330875e-20
99763.1157484 9.94044053587e-21
111936.056928 7.65278917137e-21
125594.321575 6.93379123038e-21
140919.146563 5.84016316792e-21
158113.883008 4.61492172183e-21
177406.694617 3.9022042659e-21
199053.585277 3.30796531511e-21
223341.796075 2.97798962304e-21
250593.616814 2.55879551259e-21
281170.662595 2.08166735939e-21
315478.67224 1.83033783214e-21
353972.892192 1.5836750859e-21
397164.117362 1.3390100196e-21
445625.469067 1.13342977246e-21
500000.0 9.46532375377e-22
561009.227151 8.55993820728e-22
629462.705897 7.13578641523e-22
706268.772311 6.07137388671e-22
792446.596231 5.48594119351e-22
889139.705019 4.66124402416e-22
997631.157484 3.91734901658e-22
1119360.56928 3.37503832593e-22
1255943.21575 2.94961246273e-22
1409191.46563 2.53413626309e-22
1581138.83008 2.13775689749e-22
1774066.94617 1.88629791775e-22
1990535.85277 1.60719562261e-22
2233417.96075 1.36345196601e-22
2505936.16814 1.14855703219e-22
2811706.62595 9.79609471239e-23
3154786.7224 8.20941637985e-23
3539728.92192 6.73816376022e-23
3971641.17362 5.73684578354e-23
4456254.69067 4.65318185691e-23
5000000.0 4.03093051275e-23
7926554.46867 1e-300
12566053.149 1e-300
19921100.9483 1e-300
31581138.3485 1e-300
50065922.6604 1e-300
79370052.5984 1e-300
125826209.021 1e-300
199473659.878 1e-300
316227766.017 1e-300
