110942.523472 3.63968330218e-21
124479.558703 3.15823527418e-21
139668.362048 2.73694764997e-21
156710.4797 2.36852732025e-21
175832.050206 2.04662515602e-21
197286.805189 1.76670751099e-21
221359.436212 1.51867091688e-21
248369.372464 1.30331404319e-21
278675.019387 1.1157759333e-21
312678.514506 9.52850446447e-22
350831.063539 8.11653708681e-22
393638.927633 6.89080384271e-22
441670.141136 5.82635207081e-22
495562.049069 4.9098801926e-22
556029.764307 4.12312006231e-22
623875.656694 3.44996622771e-22
700000.0 2.87614723352e-22
785412.918011 2.38896781016e-22
881247.788256 1.97511439289e-22
988776.281236 1.62697981882e-22
1109425.23472 1.33513746865e-22
1244795.58703 1.09110759981e-22
1396683.62048 8.87752672538e-23
1567104.797 7.19229683128e-23
1758320.50206 5.79209322089e-23
1972868.05189 4.6418178288e-23
2213594.36212 3.70108077284e-23
2483693.72464 2.93537403592e-23
2786750.19387 2.31533077741e-23
3126785.14506 1.81602824428e-23
3508310.63539 1.41388599096e-23
3936389.27633 1.09450782549e-23
4416701.41136 8.41771411446e-24
4955620.49069 6.43166168314e-24
5560297.64307 4.88301036399e-24
6238756.56694 3.68332661993e-24
7000000.0 2.75548683131e-24
7854129.18011 2.04847709864e-24
8812477.88256 1.51349492228e-24
9887762.81236 1.11178949543e-24
11094252.3472 8.12605931178e-25
12447955.8703 5.91621267427e-25
13966836.2048 4.29852652023e-25
15671047.97 3.12751933379e-25
17583205.0206 2.28758738678e-25
19728680.5189 1.69004484446e-25
22135943.6212 1.26815844645e-25
24836937.2464 9.72791396996e-26
27867501.9387 7.75264165488e-26
31267851.4506 6.42894402781e-26
35083106.3539 5.59692866764e-26
39363892.7633 5.13414651451e-26
44167014.1136 5.12961445121e-26
49556204.9069 5.68648514839e-26
55602976.4307 7.72599016468e-26
62387565.6694 1.66008377371e-25
70000000.0 3.56849761788e-25
82768469.4755 1e-300
97865993.4188 1e-300
115717406.985 1e-300
136825038.112 1e-300
161782842.721 1e-300
191293118.277 1e-300
226186266.014 1e-300
267444157.92 1e-300
316227766.017 1e-300
