10000.0 1.5552934103807223e-18
11220.18454301963 1.3363250809102936e-18
12589.254117941675 1.1900204062933986e-18
14125.375446227541 1.0586650146025604e-18
15848.93192461114 9.395222118307425e-19
17782.79410038923 8.541456733150403e-19
19952.62314968879 7.214703861322059e-19
22387.2113856834 6.378286007365054e-19
25118.864315095794 5.721227032833033e-19
28183.82931264455 5.119407520756059e-19
31622.776601683792 4.475879217334374e-19
35481.338923357536 3.8440721133099217e-19
39810.717055349734 3.308845633656558e-19
44668.3592150963 2.8752210996647695e-19
50118.72336272724 2.489894260729462e-19
56234.13251903491 2.1488522121677537e-19
63095.7344480193 1.8589007943476616e-19
70794.57843841381 1.6003123545242162e-19
79432.82347242814 1.360943696901758e-19
89125.0938133746 1.1421596677961085e-19
100000.0 9.68508990109705e-20
112201.84543019635 8.143796406396505e-20
125892.54117941676 6.797274587526989e-20
141253.7544622754 5.684495497532929e-20
158489.31924611132 4.7129504700628524e-20
177827.9410038923 3.890960604192652e-20
199526.23149688798 3.1982510948588515e-20
223872.11385683398 2.6232771604045202e-20
251188.64315095794 2.13212936414224e-20
281838.2931264454 1.7259002899517564e-20
316227.7660168379 1.385250179512102e-20
354813.3892335755 1.116041962366698e-20
398107.17055349733 8.887109477764512e-21
446683.592150963 6.973797081556498e-21
501187.2336272722 5.49963513551499e-21
562341.3251903491 4.2877569200711384e-21
630957.3444801933 3.319489366818354e-21
707945.7843841381 2.5507003442928813e-21
794328.2347242814 1.9578545502504308e-21
891250.9381337456 1.4783022769254168e-21
1000000.0 1.1050858219613986e-21
1122018.4543019636 8.071352932291193e-22
1258925.4117941672 5.958778320011986e-22
1412537.5446227544 4.346679941043854e-22
1584893.1924611134 3.0653950458875767e-22
1778279.410038923 2.1842027211666904e-22
1995262.3149688798 1.5051464059358975e-22
2238721.1385683394 1.043320582131128e-22
2511886.4315095805 6.896165756952829e-23
2818382.931264454 4.60337146408737e-23
3162277.6601683795 2.940952562953092e-23
3548133.892335755 1.8601756736510868e-23
3981071.705534972 1.1496644887064546e-23
4466835.921509632 6.890690551021269e-24
5011872.336272722 4.073870495727924e-24
5623413.251903491 2.3362597171722537e-24
6309573.444801932 1.3019259084400978e-24
7079457.8438413795 7.135103820810165e-25
7943282.3472428145 3.7577792063094375e-25
8912509.381337455 1.6323707213550586e-25
10000000.0 6.03724653983342e-26
14677992.676220706 1e-300
21544346.900318824 1e-300
31622776.60168379 1e-300
46415888.33612782 1e-300
68129206.90579608 1e-300
100000000.0 1e-300
146779926.76220676 1e-300
215443469.00318867 1e-300
316227766.01683795 1e-300
