10000.0 7.3588485618e-20
11220.184543 6.16079243821e-20
12589.2541179 5.42552821662e-20
14125.3754462 4.76624851883e-20
15848.9319246 4.17593724106e-20
17782.7941004 3.82483319459e-20
19952.6231497 3.05899400806e-20
22387.2113857 2.66254784247e-20
25118.8643151 2.40043582642e-20
28183.8293126 2.1676740774e-20
31622.7766017 1.86900045639e-20
35481.3389234 1.54238183661e-20
39810.7170553 1.27977627288e-20
44668.3592151 1.09737707233e-20
50118.7233627 9.38718447449e-21
56234.132519 8.01413636309e-21
63095.734448 7.0384228863e-21
70794.5784384 6.18944431174e-21
79432.8234724 5.24057733347e-21
89125.0938134 4.16718930322e-21
100000.0 3.62229087088e-21
112201.84543 3.05638645594e-21
125892.541179 2.50756872035e-21
141253.754462 2.22826730109e-21
158489.319246 1.87414528947e-21
177827.941004 1.57530602055e-21
199526.231497 1.32267353871e-21
223872.113857 1.0591952002e-21
251188.643151 9.10680169764e-22
281838.293126 7.66485714191e-22
316227.766017 6.60113121516e-22
354813.389234 5.33674377255e-22
398107.170553 4.50604015815e-22
446683.592151 3.96277408438e-22
501187.233627 3.29025634187e-22
562341.32519 2.79194565316e-22
630957.34448 2.3741775532e-22
707945.784384 2.02437965638e-22
794328.234724 1.70799063675e-22
891250.938134 1.46245285924e-22
1000000.0 1.25249525831e-22
1122018.4543 1.11366656209e-22
1258925.41179 9.41486175303e-23
1412537.54462 7.99069836144e-23
1584893.19246 7.09517705246e-23
1778279.41004 6.04766708861e-23
1995262.31497 5.27571597001e-23
2238721.13857 4.48001553541e-23
2511886.43151 3.91235132178e-23
2818382.93126 3.26316290324e-23
3162277.66017 2.87828209051e-23
3548133.89234 2.45816602718e-23
3981071.70553 2.05973954417e-23
4466835.92151 1.77930161089e-23
5011872.33627 1.4654902067e-23
5623413.2519 1.2384390091e-23
6309573.4448 1.04231343186e-23
7079457.84384 8.84169698645e-24
7943282.34724 7.48088628823e-24
8912509.38134 6.01242000274e-24
10000000.0 5.2021459682e-24
14677992.6762 1e-300
21544346.9003 1e-300
31622776.6017 1e-300
46415888.3361 1e-300
68129206.9058 1e-300
100000000.0 1e-300
146779926.762 1e-300
215443469.003 1e-300
316227766.017 1e-300
