0.0785412918011 2.15631296219e-21
0.0881247788256 2.40226993807e-21
0.0988776281236 2.56923040315e-21
0.110942523472 2.67146717494e-21
0.124479558703 3.99659065769e-21
0.139668362048 6.97235735992e-21
0.1567104797 1.26308744251e-20
0.175832050206 2.40195411426e-20
0.197286805189 4.16345171319e-20
0.221359436212 5.86249224315e-20
0.248369372464 7.5177934903e-20
0.278675019387 8.87288084476e-20
0.312678514506 1.00779139439e-19
0.350831063539 1.08344586404e-19
0.393638927633 1.14444105807e-19
0.441670141136 1.19373616871e-19
0.495562049069 1.22667814336e-19
0.556029764307 1.29754190526e-19
0.623875656694 1.47676262803e-19
0.7 1.76814452502e-19
0.785412918011 1.98488608169e-19
0.881247788256 1.94896160076e-19
0.988776281236 2.07732983221e-19
1.10942523472 2.23306032962e-19
1.24479558703 2.25127101409e-19
1.39668362048 2.22683452507e-19
1.567104797 2.17791398376e-19
1.75832050206 2.11329822509e-19
1.97286805189 2.0418618795e-19
2.21359436212 1.96360017514e-19
2.48369372464 1.85988676706e-19
2.78675019387 1.75228001717e-19
3.12678514506 1.64746980179e-19
3.50831063539 1.54482303343e-19
3.93638927633 1.44967015699e-19
4.41670141136 1.35756633232e-19
4.95562049069 1.26416412876e-19
5.56029764307 1.1766588199e-19
6.23875656694 1.09250573465e-19
7.0 1.01100123833e-19
7.85412918011 9.33899143924e-20
8.81247788256 8.62619100714e-20
9.88776281236 7.94341809894e-20
11.0942523472 7.30150142728e-20
12.4479558703 6.72243555392e-20
13.9668362048 6.17985800217e-20
15.67104797 5.68105661042e-20
17.5832050206 5.22656787353e-20
19.7286805189 4.79435414483e-20
22.1359436212 4.39643881996e-20
24.8369372464 4.02214737094e-20
27.8675019387 3.67415512412e-20
31.2678514506 3.36173074973e-20
35.0831063539 3.07205628857e-20
39.3638927633 2.8068653892e-20
44.1670141136 2.56723975364e-20
49.5562049069 2.34081289237e-20
55.6029764307 2.13671799487e-20
62.3875656694 1.94717531903e-20
70.0 1.77375456195e-20
78.5412918011 1.61881152549e-20
88.1247788256 1.4797862705e-20
98.8776281236 1.34892089754e-20
110.942523472 1.22283547647e-20
124.479558703 1.11034642193e-20
139.668362048 1.00907441891e-20
156.7104797 9.16670513828e-21
175.832050206 8.31443339575e-21
197.286805189 7.54266149737e-21
221.359436212 6.84912195321e-21
248.369372464 6.22860271319e-21
278.675019387 5.66052574337e-21
312.678514506 5.14369686357e-21
350.831063539 4.66379545452e-21
393.638927633 4.2255850843e-21
441.670141136 3.82999740731e-21
495.562049069 3.46062927791e-21
556.029764307 3.12706456966e-21
623.875656694 2.82247614601e-21
700.0 2.54502123003e-21
785.412918011 2.29105556841e-21
881.247788256 2.07129719736e-21
988.776281236 1.86911511829e-21
1109.42523472 1.6790266604e-21
1244.79558703 1.51537962663e-21
1396.68362048 1.36617279548e-21
1567.104797 1.23369870742e-21
1758.32050206 1.11286928666e-21
1972.86805189 1.00080580138e-21
2213.59436212 9.00059922479e-22
2483.69372464 8.10442856622e-22
2786.75019387 7.28491624939e-22
3126.78514506 6.5647605906e-22
3508.31063539 5.90705788057e-22
3936.38927633 5.30877058009e-22
4416.70141136 4.77731728839e-22
4955.62049069 4.28433841809e-22
5560.29764307 3.84429151835e-22
6238.75656694 3.45827810744e-22
7000.0 3.10427084188e-22
7854.12918011 2.78691321102e-22
8812.47788256 2.49479336474e-22
9887.76281236 2.23698609152e-22
11094.2523472 2.00917229845e-22
12447.9558703 1.80453721241e-22
13966.8362048 1.61930726089e-22
15671.04797 1.45189537449e-22
17583.2050206 1.2998484716e-22
19728.6805189 1.16802525955e-22
22135.9436212 1.04964911077e-22
24836.9372464 9.41578063933e-23
27867.5019387 8.4520267362e-23
31267.8514506 7.58111668847e-23
35083.1063539 6.78524943626e-23
39363.8927633 6.06932910656e-23
44167.0141136 5.43661626453e-23
49556.2049069 4.87324218077e-23
55602.9764307 4.37587250665e-23
62387.5656694 3.92852113362e-23
70000.0 3.52137935619e-23
78541.2918011 3.15813596442e-23
88124.7788256 2.83236033644e-23
98877.6281236 2.54353809912e-23
110942.523472 2.27865654973e-23
124479.558703 2.04078674058e-23
139668.362048 1.8288948074e-23
156710.4797 1.63747466585e-23
175832.050206 1.4654147473e-23
197286.805189 1.30966846217e-23
221359.436212 1.17198201375e-23
248369.372464 1.05126369379e-23
278675.019387 9.43032262249e-24
312678.514506 8.44655797155e-24
350831.063539 7.55832471819e-24
393638.927633 6.75779537558e-24
441670.141136 6.04597052724e-24
495562.049069 5.40902477781e-24
556029.764307 4.84550805246e-24
623875.656694 4.33157688949e-24
700000.0 3.8774881697e-24
785412.918011 3.46453455939e-24
881247.788256 3.1016788192e-24
988776.281236 2.7701549258e-24
1109425.23472 2.47505709186e-24
1244795.58703 2.21481700526e-24
1396683.62048 1.97739844052e-24
1567104.797 1.76600563346e-24
1758320.50206 1.57208799768e-24
1972868.05189 1.39941338073e-24
2213594.36212 1.2499015171e-24
2483693.72464 1.11440634024e-24
2786750.19387 9.92870048877e-25
3126785.14506 8.83224044909e-25
3508310.63539 7.85017021646e-25
3936389.27633 6.98523152383e-25
4416701.41136 6.2056306428e-25
4955620.49069 5.50952139394e-25
5560297.64307 4.88310554752e-25
6238756.56694 4.32528232452e-25
7000000.0 3.83145864833e-25
7854129.18011 3.38975093047e-25
8812477.88256 2.98784725818e-25
9887762.81236 2.63191962499e-25
11094252.3472 2.31162054647e-25
12447955.8703 2.02649255144e-25
13966836.2048 1.77357066748e-25
15671047.97 1.54959214866e-25
17583205.0206 1.34735177965e-25
19728680.5189 1.16506362895e-25
22135943.6212 1.00761226794e-25
24836937.2464 8.69306668237e-26
27867501.9387 7.4603987387e-26
31267851.4506 6.37031135414e-26
35083106.3539 5.42181533445e-26
39363892.7633 4.60672482953e-26
44167014.1136 3.91308681299e-26
49556204.9069 3.30577264307e-26
55602976.4307 2.77869284333e-26
62387565.6694 2.3156364173e-26
70000000.0 1.95787264745e-26
82768469.4755 1e-300
97865993.4188 1e-300
115717406.985 1e-300
136825038.112 1e-300
161782842.721 1e-300
191293118.277 1e-300
226186266.014 1e-300
267444157.92 1e-300
316227766.017 1e-300
