0.0673211072581 4.28018140064e-21
0.0755355247076 4.95913039531e-21
0.0847522526774 6.45975097891e-21
0.0950935915477 7.42383412851e-21
0.106696764602 9.31711102202e-21
0.119715738898 1.45618834294e-20
0.134323268314 2.638561899e-20
0.150713185891 5.14297550033e-20
0.169102975876 8.82656929756e-20
0.18973665961 1.21645120111e-19
0.21288803354 1.49766125203e-19
0.238864302332 1.73468675109e-19
0.268010155291 1.89707210521e-19
0.300712340176 1.99356268296e-19
0.337404795114 2.03382115938e-19
0.378574406688 1.93785186289e-19
0.42476747063 1.77222343269e-19
0.476596940835 1.83191282864e-19
0.53475056288 1.99075514295e-19
0.6 2.04439978046e-19
0.673211072581 2.03672431949e-19
0.755355247076 2.03095463266e-19
0.847522526774 2.11318853734e-19
0.950935915477 2.26320886146e-19
1.06696764602 2.41920813146e-19
1.19715738898 2.52353829447e-19
1.34323268314 2.61163998694e-19
1.50713185891 2.66813362806e-19
1.69102975876 2.68988847358e-19
1.8973665961 2.66427111693e-19
2.1288803354 2.58520830672e-19
2.38864302332 2.49925174611e-19
2.68010155291 2.39749274073e-19
3.00712340176 2.29391462863e-19
3.37404795114 2.20445205069e-19
3.78574406688 2.12699412053e-19
4.2476747063 2.05204818522e-19
4.76596940835 1.96767389322e-19
5.3475056288 1.8510062334e-19
6.0 1.70791664534e-19
6.73211072581 1.56939271327e-19
7.55355247076 1.44053201195e-19
8.47522526774 1.32241302145e-19
9.50935915477 1.20703967589e-19
10.6696764602 1.10072889737e-19
11.9715738898 1.0044931605e-19
13.4323268314 9.20815199305e-20
15.0713185891 8.44910575458e-20
16.9102975876 7.74889289751e-20
18.973665961 7.05830243118e-20
21.288803354 6.41855789095e-20
23.8864302332 5.8829162819e-20
26.8010155291 5.38276066986e-20
30.0712340176 4.90801621738e-20
33.7404795114 4.4557891661e-20
37.8574406688 4.04695929105e-20
42.476747063 3.68574988587e-20
47.6596940835 3.35321667519e-20
53.475056288 3.04696807933e-20
60.0 2.77028896724e-20
67.3211072581 2.52243930484e-20
75.5355247076 2.29172859714e-20
84.7522526774 2.08201173919e-20
95.0935915477 1.89015362116e-20
106.696764602 1.71607681966e-20
119.715738898 1.557495727e-20
134.323268314 1.41248868487e-20
150.713185891 1.28086856373e-20
169.102975876 1.16280678655e-20
189.73665961 1.05259476872e-20
212.88803354 9.52202601999e-21
238.864302332 8.64038061428e-21
268.010155291 7.82272116245e-21
300.712340176 7.08287284873e-21
337.404795114 6.40946163104e-21
378.574406688 5.80506892401e-21
424.76747063 5.25982347562e-21
476.596940835 4.76533126206e-21
534.75056288 4.30958479362e-21
600.0 3.89367632135e-21
673.211072581 3.51586940793e-21
755.355247076 3.17338568712e-21
847.522526774 2.87314424132e-21
950.935915477 2.5965693152e-21
1066.96764602 2.34423914538e-21
1197.15738898 2.11895862742e-21
1343.23268314 1.91431956117e-21
1507.13185891 1.73005680869e-21
1691.02975876 1.5640578557e-21
1897.3665961 1.41371827822e-21
2128.8803354 1.27735007084e-21
2388.64302332 1.15261369745e-21
2680.10155291 1.04055130686e-21
3007.12340176 9.3953289039e-22
3374.04795114 8.46809173633e-22
3785.74406688 7.64104275397e-22
4247.6747063 6.87734621786e-22
4765.96940835 6.18826804023e-22
5347.5056288 5.57882927574e-22
6000.0 5.02942996495e-22
6732.11072581 4.52781129557e-22
7553.55247077 4.07928529529e-22
8475.22526774 3.66713263335e-22
9509.35915477 3.30125783149e-22
10669.6764602 2.97814027136e-22
11971.5738898 2.68764229649e-22
13432.3268314 2.42203893536e-22
15071.3185891 2.18456965839e-22
16910.2975876 1.96853794972e-22
18973.665961 1.77610228023e-22
21288.803354 1.60320813358e-22
23886.4302332 1.44893390158e-22
26801.0155291 1.31352218935e-22
30071.2340176 1.1899235968e-22
33740.4795114 1.07953502043e-22
37857.4406688 9.79867259228e-23
42476.747063 8.90225988162e-23
47659.6940835 8.09648034047e-23
53475.056288 7.37864543239e-23
60000.0 6.7377308057e-23
67321.1072581 6.15918103552e-23
75535.5247077 5.6370053732e-23
84752.2526774 5.16395893123e-23
95093.5915477 4.74408756971e-23
106696.764602 4.36864482457e-23
119715.738898 4.03464058294e-23
134323.268314 3.73218145097e-23
150713.185891 3.4548654881e-23
169102.975876 3.21110761442e-23
189736.65961 2.99619827894e-23
212888.03354 2.80155369716e-23
238864.302332 2.62399719599e-23
268010.155291 2.46446277272e-23
300712.340176 2.32303472954e-23
337404.795114 2.19420821915e-23
378574.406688 2.07402287135e-23
424767.47063 1.96508204395e-23
476596.940835 1.86867804947e-23
534750.56288 1.779278159e-23
600000.0 1.6956800218e-23
673211.072581 1.61717451833e-23
755355.247077 1.54048328506e-23
847522.526774 1.46877907909e-23
950935.915477 1.39991391668e-23
1066967.64602 1.33118021181e-23
1197157.38898 1.26473688315e-23
1343232.68314 1.20137262796e-23
1507131.85891 1.13897023709e-23
1691029.75876 1.07712686943e-23
1897366.5961 1.01644369179e-23
2128880.3354 9.56117636045e-24
2388643.02332 8.96354744821e-24
2680101.55291 8.37737688006e-24
3007123.40176 7.808029478e-24
3374047.95114 7.25068131927e-24
3785744.06688 6.70186581704e-24
4247674.7063 6.16329789389e-24
4765969.40835 5.63791124539e-24
5347505.6288 5.12939117867e-24
6000000.0 4.63441946285e-24
6732110.72581 4.15873981376e-24
7553552.47077 3.70335460096e-24
8475225.26774 3.26582910346e-24
9509359.15477 2.85153408053e-24
10669676.4602 2.46396537232e-24
11971573.8898 2.10010038665e-24
13432326.8314 1.76504453061e-24
15071318.5891 1.46151510021e-24
16910297.5876 1.18770946937e-24
18973665.961 9.45965455411e-25
21288803.354 7.37054393099e-25
23886430.2332 5.57944863757e-25
26801015.5291 4.10569623913e-25
30071234.0176 2.92542986729e-25
33740479.5114 2.00215025546e-25
37857440.6688 1.32288454508e-25
42476747.063 8.5099286195e-26
47659694.0835 5.47382203706e-26
53475056.288 3.70888271394e-26
60000000.0 2.81096565538e-26
72169993.637 1e-300
86808466.3595 1e-300
104416107.747 1e-300
125595163.862 1e-300
151070036.279 1e-300
181712059.283 1e-300
218569302.704 1e-300
262902419.757 1e-300
316227766.017 1e-300
