100714.032944 1.87044386882e-19
113003.00357 1.54490303173e-19
126791.455397 1.27295001165e-19
142262.352803 1.03897155784e-19
159620.985198 8.49304838963e-20
179097.691085 7.00344696349e-20
200950.914521 5.6122423058e-20
225470.634501 4.50771930218e-20
252982.212813 3.64737644299e-20
283850.711387 2.89308370151e-20
318485.736443 2.27645382125e-20
357346.873721 1.74266063617e-20
400949.786902 1.32673669436e-20
449873.060152 1.03908178034e-20
504765.875584 7.70200979466e-21
566356.627507 5.65110173812e-21
635462.587779 4.21268249791e-21
713000.750507 3.0922590891e-21
800000.0 2.23726133222e-21
897614.763442 1.49404918165e-21
1007140.32944 1.0714055187e-21
1130030.0357 7.35035780259e-22
1267914.55397 4.64694045048e-22
1422623.52803 3.15067730139e-22
1596209.85198 2.05957250636e-22
1790976.91085 1.29614224986e-22
2009509.14521 7.97350001372e-23
2254706.34501 4.86817432587e-23
2529822.12813 2.93671736508e-23
2838507.11387 1.70655788415e-23
3184857.36443 1.01986733666e-23
3573468.73721 6.13160925428e-24
4009497.86902 3.72411828476e-24
4498730.60152 2.44471265404e-24
5047658.75584 1.61097969545e-24
5663566.27507 1.097517197e-24
6354625.87779 8.07909266126e-25
7130007.50507 5.3421223195e-25
8000000.0 4.146271291e-25
12037171.0755 1e-300
18111685.9377 1e-300
27251682.7623 1e-300
41004145.9383 1e-300
61696739.9331 1e-300
92831776.6723 1e-300
139678997.131 1e-300
210167498.016 1e-300
316227766.017 1e-300
