4000.0 2.05916697604e-17
4488.07381721 1.90061620685e-17
5035.70164718 1.69593790136e-17
5650.15017849 1.4708443146e-17
6339.57276984 1.22343863382e-17
7113.11764016 1.16467011539e-17
7981.04925988 1.03329057118e-17
8954.88455427 9.3370235661e-18
10047.545726 8.23529885592e-18
11273.5317251 6.97009644507e-18
12649.1106407 6.25312844551e-18
14192.5355693 5.47555519598e-18
15924.2868221 4.70115217936e-18
17867.343686 4.09665811376e-18
20047.4893451 3.60758962312e-18
22493.6530076 3.11796263208e-18
25238.2937792 2.68255573701e-18
28317.8313754 2.31787263974e-18
31773.129389 1.9769760881e-18
35650.0375253 1.67975484622e-18
40000.0 1.40475120259e-18
44880.7381721 1.17879243798e-18
50357.0164718 1.00165753361e-18
56501.5017849 8.38066235097e-19
63395.7276984 6.96188262202e-19
71131.1764016 5.80057897531e-19
79810.4925988 4.78551396281e-19
89548.8455427 3.93414454045e-19
100475.45726 3.22064971164e-19
112735.317251 2.61629830458e-19
126491.106407 2.11748130414e-19
141925.355693 1.70495333773e-19
159242.868221 1.37139504741e-19
178673.43686 1.10001373915e-19
200474.893451 8.60090100201e-20
224936.530076 6.85988640518e-20
252382.937792 5.36598744623e-20
283178.313754 4.09649967958e-20
317731.29389 3.15573873948e-20
356500.375253 2.39259428186e-20
400000.0 1.82762776034e-20
448807.381721 1.37280264398e-20
503570.164718 1.04721691912e-20
565015.017849 7.4778774305e-21
633957.276984 5.46419266237e-21
711311.764016 3.9569562901e-21
798104.925988 2.83604533882e-21
895488.455427 2.07739327832e-21
1004754.5726 1.43045506518e-21
1127353.17251 1.01983329714e-21
1264911.06407 7.17351695135e-22
1419253.55693 5.10825910338e-22
1592428.68221 3.69112585002e-22
1786734.3686 2.77645762181e-22
2004748.93451 2.19743393235e-22
6500431.92442 1e-300
10563903.801 1e-300
17167484.3787 1e-300
27899015.8792 1e-300
45338913.3704 1e-300
73680629.9728 1e-300
119738979.822 1e-300
194588771.758 1e-300
316227766.017 1e-300
