100981.660887 1.58492986686e-19
113303.287061 1.31451468763e-19
127128.379016 1.08364586732e-19
142640.387322 8.92935626613e-20
160045.146904 7.29702932253e-20
179573.608347 5.98816311024e-20
201484.902471 4.89662203824e-20
226069.778836 3.97193152103e-20
253654.463814 3.1659153398e-20
284604.989415 2.52534189409e-20
319332.05031 1.99961937339e-20
358296.453498 1.58426967081e-20
402015.232936 1.24083229075e-20
451068.510265 9.42170922468e-21
506107.192671 7.29780345042e-21
567861.610032 5.50482986884e-21
637151.205946 4.026836348e-21
714895.411252 2.95870156232e-21
802125.84432 2.10985100192e-21
900000.0 1.52546207128e-21
1009816.60887 1.06864905987e-21
1133032.87061 7.52482339607e-22
1271283.79016 4.89744824216e-22
1426403.87322 3.26369480198e-22
1600451.46904 2.13940873598e-22
1795736.08347 1.37119722166e-22
2014849.02471 9.02513701761e-23
2260697.78836 5.37053251627e-23
2536544.63814 3.37759850958e-23
2846049.89415 2.05469840368e-23
3193320.5031 1.18716053978e-23
3582964.53498 7.15856513692e-24
4020152.32936 4.27297657434e-24
4510685.10265 2.61556730014e-24
5061071.92671 1.65943333731e-24
5678616.10032 1.10392887828e-24
6371512.05946 8.3704973785e-25
7148954.11252 5.54522543557e-25
8021258.4432 3.75194324771e-25
9000000.0 2.9120588491e-25
13365750.2503 1e-300
19849253.3058 1e-300
29477795.8156 1e-300
43776984.0888 1e-300
65012470.6713 1e-300
96548938.4606 1e-300
143383222.044 1e-300
212936037.324 1e-300
316227766.017 1e-300
