10071.4032944 1.40098882707e-16
11654.4265342 1.12767401073e-16
13237.4497741 9.27260190632e-17
14820.473014 7.76337115653e-17
16403.4962539 6.59506514624e-17
17986.5194938 5.66335848035e-17
19569.5427337 4.95369038962e-17
21152.5659736 4.36355135131e-17
22735.5892135 3.84878614256e-17
24318.6124534 3.45214655933e-17
25901.6356933 3.09408011861e-17
27484.6589332 2.79863497128e-17
29067.682173 2.53601684083e-17
30650.7054129 2.31669986608e-17
32233.7286528 2.11120762045e-17
33816.7518927 1.94871158009e-17
35399.7751326 1.78621553972e-17
36982.7983725 1.65714297709e-17
38565.8216124 1.53703911338e-17
40148.8448523 1.41801694567e-17
41731.8680922 1.32970205363e-17
43314.8913321 1.24138716158e-17
44897.914572 1.15307226954e-17
46480.9378118 1.08698360357e-17
48063.9610517 1.02222514122e-17
49646.9842916 9.57466678867e-18
51230.0075315 9.00972670089e-18
52813.0307714 8.53578788632e-18
54396.0540113 8.06184907175e-18
55979.0772512 7.58791025718e-18
57562.1004911 7.18965297939e-18
59145.123731 6.8450327648e-18
60728.1469709 6.50041255021e-18
62311.1702108 6.15579233563e-18
63894.1934506 5.83185026353e-18
65477.2166905 5.58131087126e-18
67060.2399304 5.33077147899e-18
68643.2631703 5.08023208672e-18
70226.2864102 4.82969269446e-18
71809.3096501 4.60128189947e-18
73392.33289 4.41953218448e-18
74975.3561299 4.2377824695e-18
76558.3793698 4.05603275452e-18
78141.4026097 3.87428303954e-18
79724.4258496 3.69253332456e-18
81307.4490895 3.55306760658e-18
82890.4723293 3.42251418709e-18
84473.4955692 3.2919607676e-18
86056.5188091 3.16140734811e-18
87639.542049 3.03085392862e-18
89222.5652889 2.90030050913e-18
90805.5885288 2.79444956414e-18
92388.6117687 2.70134862513e-18
93971.6350086 2.60824768613e-18
95554.6582485 2.51514674712e-18
97137.6814884 2.42204580812e-18
98720.7047283 2.32894486911e-18
100303.727968 2.2358439301e-18
101886.751208 2.16246533978e-18
103469.774448 2.09598710911e-18
105052.797688 2.02950887844e-18
106635.820928 1.96303064777e-18
108218.844168 1.8965524171e-18
109801.867407 1.83007418643e-18
111384.890647 1.76359595576e-18
112967.913887 1.69711772509e-18
114550.937127 1.64975791558e-18
116133.960367 1.60283149633e-18
117716.983607 1.55590507708e-18
119300.006847 1.50897865783e-18
120883.030087 1.46205223859e-18
122466.053327 1.41512581934e-18
124049.076567 1.36819940009e-18
125632.099806 1.32127298084e-18
127215.123046 1.27810918716e-18
128798.146286 1.24524172123e-18
130381.169526 1.21237425531e-18
131964.192766 1.17950678938e-18
133547.216006 1.14663932346e-18
135130.239246 1.11377185753e-18
136713.262486 1.08090439161e-18
138296.285726 1.04803692568e-18
139879.308965 1.01516945976e-18
141462.332205 9.82301993835e-19
143045.355445 9.54333980594e-19
144628.378685 9.31371905844e-19
146211.401925 9.08409831095e-19
147794.425165 8.85447756345e-19
149377.448405 8.62485681596e-19
150960.471645 8.39523606846e-19
152543.494885 8.16561532097e-19
154126.518124 7.93599457347e-19
155709.541364 7.70637382598e-19
157292.564604 7.47675307848e-19
158875.587844 7.24713233099e-19
160458.611084 7.05562500417e-19
162041.634324 6.8980345409e-19
163624.657564 6.74044407764e-19
165207.680804 6.58285361437e-19
166790.704044 6.42526315111e-19
168373.727283 6.26767268784e-19
169956.750523 6.11008222458e-19
171539.773763 5.95249176131e-19
173122.797003 5.79490129805e-19
174705.820243 5.63731083478e-19
176288.843483 5.47972037152e-19
177871.866723 5.32212990825e-19
179454.889963 5.17593381864e-19
181037.913203 5.06884059782e-19
182620.936442 4.961747377e-19
184203.959682 4.85465415618e-19
185786.982922 4.74756093536e-19
187370.006162 4.64046771453e-19
188953.029402 4.53337449371e-19
190536.052642 4.42628127289e-19
192119.075882 4.31918805207e-19
193702.099122 4.21209483125e-19
195285.122362 4.10500161042e-19
196868.145602 3.9979083896e-19
198451.168841 3.89081516878e-19
200034.192081 3.78372194796e-19
201617.215321 3.69138447957e-19
203200.238561 3.61934854671e-19
204783.261801 3.54731261384e-19
206366.285041 3.47527668098e-19
207949.308281 3.40324074811e-19
209532.331521 3.33120481524e-19
211115.354761 3.25916888238e-19
212698.378 3.18713294951e-19
214281.40124 3.11509701665e-19
215864.42448 3.04306108378e-19
217447.44772 2.97102515092e-19
219030.47096 2.89898921805e-19
220613.4942 2.82695328519e-19
222196.51744 2.75491735232e-19
223779.54068 2.68288141946e-19
225362.56392 2.61084548659e-19
226945.587159 2.56183839134e-19
228528.610399 2.51451863151e-19
230111.633639 2.46719887169e-19
231694.656879 2.41987911186e-19
233277.680119 2.37255935204e-19
234860.703359 2.32523959221e-19
236443.726599 2.27791983239e-19
238026.749839 2.23060007256e-19
239609.773079 2.18328031274e-19
241192.796318 2.13596055291e-19
242775.819558 2.08864079309e-19
244358.842798 2.04132103326e-19
245941.866038 1.99400127344e-19
247524.889278 1.94668151361e-19
249107.912518 1.89936175379e-19
250690.935758 1.85204199397e-19
252273.958998 1.80472223414e-19
253856.982238 1.7666413676e-19
255440.005477 1.7360407367e-19
257023.028717 1.70544010579e-19
258606.051957 1.67483947489e-19
260189.075197 1.64423884399e-19
261772.098437 1.61363821308e-19
263355.121677 1.58303758218e-19
264938.144917 1.55243695128e-19
266521.168157 1.52183632037e-19
268104.191397 1.49123568947e-19
269687.214636 1.46063505857e-19
271270.237876 1.43003442766e-19
272853.261116 1.39943379676e-19
274436.284356 1.36883316586e-19
276019.307596 1.33823253495e-19
277602.330836 1.30763190405e-19
279185.354076 1.27703127315e-19
280768.377316 1.24643064224e-19
282351.400556 1.21583001134e-19
283934.423796 1.18582330206e-19
285517.447035 1.16645388217e-19
287100.470275 1.14708446228e-19
288683.493515 1.1277150424e-19
290266.516755 1.10834562251e-19
291849.539995 1.08897620262e-19
293432.563235 1.06960678274e-19
295015.586475 1.05023736285e-19
296598.609715 1.03086794296e-19
298181.632955 1.01149852308e-19
299764.656194 9.92129103189e-20
301347.679434 9.72759683303e-20
302930.702674 9.53390263416e-20
304513.725914 9.34020843529e-20
306096.749154 9.14651423642e-20
307679.772394 8.95282003755e-20
309262.795634 8.75912583868e-20
310845.818874 8.56543163981e-20
312428.842114 8.37173744095e-20
314011.865353 8.17804324208e-20
315594.888593 7.98434904321e-20
317177.911833 7.79065484434e-20
318760.935073 7.6100739541e-20
320343.958313 7.49181135272e-20
321926.981553 7.37354875134e-20
323510.004793 7.25528614997e-20
325093.028033 7.13702354859e-20
326676.051273 7.01876094721e-20
328259.074512 6.90049834583e-20
329842.097752 6.78223574446e-20
331425.120992 6.66397314308e-20
333008.144232 6.5457105417e-20
334591.167472 6.42744794032e-20
336174.190712 6.30918533895e-20
337757.213952 6.19092273757e-20
339340.237192 6.07266013619e-20
340923.260432 5.95439753481e-20
342506.283671 5.83613493344e-20
344089.306911 5.71787233206e-20
345672.330151 5.59960973068e-20
347255.353391 5.4813471293e-20
348838.376631 5.36308452793e-20
350421.399871 5.24482192655e-20
352004.423111 5.12655932517e-20
353587.446351 5.00829672379e-20
355170.469591 4.89003412241e-20
356753.49283 4.77177152104e-20
358336.51607 4.68347403887e-20
359919.53931 4.6131433799e-20
361502.56255 4.54281272092e-20
363085.58579 4.47248206195e-20
364668.60903 4.40215140297e-20
366251.63227 4.33182074399e-20
367834.65551 4.26149008502e-20
369417.67875 4.19115942604e-20
371000.70199 4.12082876707e-20
372583.725229 4.05049810809e-20
374166.748469 3.98016744912e-20
375749.771709 3.90983679014e-20
377332.794949 3.83950613116e-20
378915.818189 3.76917547219e-20
380498.841429 3.69884481321e-20
382081.864669 3.62851415424e-20
383664.887909 3.55818349526e-20
385247.911149 3.48785283629e-20
386830.934388 3.41752217731e-20
388413.957628 3.34719151833e-20
389996.980868 3.27686085936e-20
391580.004108 3.20653020038e-20
393163.027348 3.13619954141e-20
394746.050588 3.06586888243e-20
396329.073828 2.99553822346e-20
397912.097068 2.92520756448e-20
399495.120308 2.85487690551e-20
401078.143547 2.7869986125e-20
402661.166787 2.74691299695e-20
404244.190027 2.7068273814e-20
405827.213267 2.66674176586e-20
407410.236507 2.62665615031e-20
408993.259747 2.58657053476e-20
410576.282987 2.54648491922e-20
412159.306227 2.50639930367e-20
413742.329467 2.46631368812e-20
415325.352706 2.42622807258e-20
416908.375946 2.38614245703e-20
418491.399186 2.34605684148e-20
420074.422426 2.30597122593e-20
421657.445666 2.26588561039e-20
423240.468906 2.22579999484e-20
424823.492146 2.18571437929e-20
426406.515386 2.14562876375e-20
427989.538626 2.1055431482e-20
429572.561865 2.06545753265e-20
431155.585105 2.02537191711e-20
432738.608345 1.98528630156e-20
434321.631585 1.94520068601e-20
435904.654825 1.90511507046e-20
437487.678065 1.86502945492e-20
439070.701305 1.82494383937e-20
440653.724545 1.78485822382e-20
442236.747785 1.74477260828e-20
443819.771025 1.70468699273e-20
445402.794264 1.66460137718e-20
446985.817504 1.62451576163e-20
448568.840744 1.58443014609e-20
450151.863984 1.54765285017e-20
451734.887224 1.52635157778e-20
453317.910464 1.5050503054e-20
454900.933704 1.48374903301e-20
456483.956944 1.46244776063e-20
458066.980184 1.44114648824e-20
459650.003423 1.41984521586e-20
461233.026663 1.39854394347e-20
462816.049903 1.37724267109e-20
464399.073143 1.3559413987e-20
465982.096383 1.33464012632e-20
467565.119623 1.31333885393e-20
469148.142863 1.29203758155e-20
470731.166103 1.27073630916e-20
472314.189343 1.24943503678e-20
473897.212582 1.22813376439e-20
475480.235822 1.20683249201e-20
477063.259062 1.18553121962e-20
478646.282302 1.16422994724e-20
480229.305542 1.14292867485e-20
481812.328782 1.12162740247e-20
483395.352022 1.10032613008e-20
484978.375262 1.0790248577e-20
486561.398502 1.05772358531e-20
488144.421741 1.03642231293e-20
489727.444981 1.01512104054e-20
491310.468221 9.93819768155e-21
492893.491461 9.7251849577e-21
494476.514701 9.51217223385e-21
496059.537941 9.29915951e-21
497642.561181 9.08614678615e-21
499225.584421 8.8731340623e-21
500808.607661 8.66012133845e-21
502391.6309 8.4471086146e-21
503974.65414 8.23409589075e-21
505557.67738 8.07454781602e-21
507140.70062 7.9684252034e-21
508723.72386 7.86230259079e-21
510306.7471 7.75617997817e-21
511889.77034 7.65005736556e-21
513472.79358 7.54393475294e-21
515055.81682 7.43781214033e-21
516638.840059 7.33168952772e-21
518221.863299 7.2255669151e-21
519804.886539 7.11944430249e-21
521387.909779 7.01332168987e-21
522970.933019 6.90719907726e-21
524553.956259 6.80107646464e-21
526136.979499 6.69495385203e-21
527720.002739 6.58883123941e-21
529303.025979 6.4827086268e-21
530886.049219 6.37658601419e-21
532469.072458 6.27046340157e-21
534052.095698 6.16434078896e-21
535635.118938 6.05821817634e-21
537218.142178 5.95209556373e-21
538801.165418 5.84597295111e-21
540384.188658 5.7398503385e-21
541967.211898 5.63372772589e-21
543550.235138 5.52760511327e-21
545133.258378 5.42148250066e-21
546716.281617 5.31535988804e-21
548299.304857 5.20923727543e-21
549882.328097 5.10311466281e-21
551465.351337 4.9969920502e-21
553048.374577 4.89086943758e-21
554631.397817 4.78474682497e-21
556214.421057 4.67862421236e-21
557797.444297 4.57250159974e-21
559380.467537 4.46637898713e-21
560963.490776 4.36025637451e-21
562546.514016 4.2541337619e-21
564129.537256 4.14801114928e-21
565712.560496 4.04188853667e-21
567295.583736 3.96980382201e-21
568878.606976 3.92106704043e-21
570461.630216 3.87233025886e-21
572044.653456 3.82359347728e-21
573627.676696 3.77485669571e-21
575210.699935 3.72611991413e-21
576793.723175 3.67738313256e-21
578376.746415 3.62864635098e-21
579959.769655 3.57990956941e-21
581542.792895 3.53117278783e-21
583125.816135 3.48243600626e-21
584708.839375 3.43369922468e-21
586291.862615 3.38496244311e-21
587874.885855 3.33622566153e-21
589457.909094 3.28748887996e-21
591040.932334 3.23875209838e-21
592623.955574 3.19001531681e-21
594206.978814 3.14127853523e-21
595790.002054 3.09254175366e-21
597373.025294 3.04380497208e-21
598956.048534 2.99506819051e-21
600539.071774 2.94633140893e-21
602122.095014 2.89759462736e-21
603705.118254 2.84885784578e-21
605288.141493 2.80012106421e-21
606871.164733 2.75138428263e-21
608454.187973 2.70264750106e-21
610037.211213 2.65391071948e-21
611620.234453 2.60517393791e-21
613203.257693 2.55643715633e-21
614786.280933 2.50770037476e-21
616369.304173 2.45896359318e-21
617952.327413 2.4102268116e-21
619535.350652 2.36149003003e-21
621118.373892 2.31275324845e-21
622701.397132 2.26401646688e-21
624284.420372 2.2152796853e-21
625867.443612 2.16654290373e-21
627450.466852 2.11780612215e-21
629033.490092 2.06906934058e-21
630616.513332 2.020332559e-21
632199.536572 1.97159577743e-21
633782.559811 1.92285899585e-21
635365.583051 1.87412221428e-21
636948.606291 1.85265198667e-21
638531.629531 1.83296167273e-21
640114.652771 1.81327135879e-21
641697.676011 1.79358104484e-21
643280.699251 1.7738907309e-21
644863.722491 1.75420041696e-21
646446.745731 1.73451010301e-21
648029.76897 1.71481978907e-21
649612.79221 1.69512947513e-21
651195.81545 1.67543916118e-21
652778.83869 1.65574884724e-21
654361.86193 1.6360585333e-21
655944.88517 1.61636821936e-21
657527.90841 1.59667790541e-21
659110.93165 1.57698759147e-21
660693.95489 1.55729727753e-21
662276.978129 1.53760696358e-21
663860.001369 1.51791664964e-21
665443.024609 1.4982263357e-21
667026.047849 1.47853602175e-21
668609.071089 1.45884570781e-21
670192.094329 1.43915539387e-21
671775.117569 1.41946507992e-21
673358.140809 1.39977476598e-21
674941.164049 1.38008445204e-21
676524.187288 1.36039413809e-21
678107.210528 1.34070382415e-21
679690.233768 1.32101351021e-21
681273.257008 1.30132319627e-21
682856.280248 1.28163288232e-21
684439.303488 1.26194256838e-21
686022.326728 1.24225225444e-21
687605.349968 1.22256194049e-21
689188.373208 1.20287162655e-21
690771.396448 1.18318131261e-21
692354.419687 1.16349099866e-21
693937.442927 1.14380068472e-21
695520.466167 1.12411037078e-21
697103.489407 1.10442005683e-21
698686.512647 1.08472974289e-21
700269.535887 1.06503942895e-21
701852.559127 1.045349115e-21
703435.582367 1.02565880106e-21
705018.605607 1.00596848712e-21
706601.628846 9.86278173176e-22
708184.652086 9.66587859233e-22
709767.675326 9.46897545289e-22
711350.698566 9.27207231346e-22
712933.721806 9.07516917403e-22
714516.745046 9.00024185189e-22
716099.768286 8.93070761026e-22
717682.791526 8.86117336862e-22
719265.814766 8.79163912698e-22
720848.838005 8.72210488535e-22
722431.861245 8.65257064371e-22
724014.884485 8.58303640207e-22
725597.907725 8.51350216044e-22
727180.930965 8.4439679188e-22
728763.954205 8.37443367716e-22
730346.977445 8.30489943553e-22
731930.000685 8.23536519389e-22
733513.023925 8.16583095225e-22
735096.047164 8.09629671062e-22
736679.070404 8.02676246898e-22
738262.093644 7.95722822734e-22
739845.116884 7.88769398571e-22
741428.140124 7.81815974407e-22
743011.163364 7.74862550244e-22
744594.186604 7.6790912608e-22
746177.209844 7.60955701916e-22
747760.233084 7.54002277753e-22
749343.256323 7.47048853589e-22
750926.279563 7.40095429425e-22
752509.302803 7.33142005262e-22
754092.326043 7.26188581098e-22
755675.349283 7.19235156934e-22
757258.372523 7.12281732771e-22
758841.395763 7.05328308607e-22
760424.419003 6.98374884443e-22
762007.442243 6.9142146028e-22
763590.465483 6.84468036116e-22
765173.488722 6.77514611952e-22
766756.511962 6.70561187789e-22
768339.535202 6.63607763625e-22
769922.558442 6.56654339461e-22
771505.581682 6.49700915298e-22
773088.604922 6.42747491134e-22
774671.628162 6.3579406697e-22
776254.651402 6.28840642807e-22
777837.674642 6.21887218643e-22
779420.697881 6.14933794479e-22
781003.721121 6.07980370316e-22
782586.744361 6.01026946152e-22
784169.767601 5.94073521988e-22
785752.790841 5.87120097825e-22
787335.814081 5.80166673661e-22
788918.837321 5.73213249497e-22
790501.860561 5.66259825334e-22
792084.883801 5.5930640117e-22
793667.90704 5.52352977006e-22
795250.93028 5.45399552843e-22
796833.95352 5.38446128679e-22
798416.97676 5.31492704515e-22
800000.0 5.24539280352e-22
1554660.42703 1e-300
3021211.30423 1e-300
5871197.07049 1e-300
11409647.181 1e-300
22172658.6984 1e-300
43088693.8006 1e-300
83735358.8805 1e-300
162725060.994 1e-300
316227766.017 1e-300
