600.0 3.43318739697e-15
673.211072581 3.19418873661e-15
755.355247077 2.96207160964e-15
847.522526774 2.73742028343e-15
950.935915477 2.51949900845e-15
1066.96764602 2.31051646967e-15
1197.15738898 2.11120436432e-15
1343.23268314 1.9218458981e-15
1507.13185891 1.74265662069e-15
1691.02975876 1.57400342269e-15
1897.3665961 1.41447730732e-15
2128.8803354 1.26595776166e-15
2388.64302332 1.12832470524e-15
2680.10155291 1.00126352951e-15
3007.12340176 8.84547307819e-16
3374.04795114 7.78151888997e-16
3785.74406688 6.80765684936e-16
4247.6747063 5.92704745182e-16
4765.96940835 5.13646440701e-16
5347.5056288 4.43081744414e-16
6000.0 3.80462895192e-16
6732.11072581 3.25272471145e-16
7553.55247077 2.76495075408e-16
8475.22526774 2.33994058613e-16
9509.35915477 1.97143748405e-16
10669.6764602 1.65331473436e-16
11971.5738898 1.38001019653e-16
13432.3268314 1.14663727024e-16
15071.3185891 9.46896066412e-17
16910.2975876 7.77852580357e-17
18973.665961 6.35553154006e-17
21288.803354 5.16512844126e-17
23886.4302332 4.17504539947e-17
26801.0155291 3.35518301291e-17
30071.2340176 2.67688036765e-17
33740.4795114 2.12129639244e-17
37857.4406688 1.66951303996e-17
42476.747063 1.30448906643e-17
47659.6940835 1.01149369129e-17
53475.056288 7.78048484072e-18
60000.0 5.91868624014e-18
67321.1072581 4.45872916777e-18
75535.5247077 3.32852826682e-18
84752.2526774 2.46095433109e-18
95093.5915477 1.79988434337e-18
106696.764602 1.30057957848e-18
119715.738898 9.24497875089e-19
134323.268314 6.4803187498e-19
150713.185891 4.48238037212e-19
169102.975876 3.06504322829e-19
189736.65961 2.07745110898e-19
212888.03354 1.40013393028e-19
238864.302332 9.4437287658e-20
268010.155291 6.49751227784e-20
300712.340176 4.62955944465e-20
1203868.05156 1e-300
2415497.1426 1e-300
4846566.39767 1e-300
9724377.40984 1e-300
19511445.475 1e-300
39148676.4117 1e-300
78549734.6546 1e-300
157605860.015 1e-300
316227766.017 1e-300
