5000.0 4.402310385122492e-19
5610.092271509815 4.507944439825171e-19
6294.627058970837 3.855049745799118e-19
7062.6877231137705 3.1033695758134804e-19
7924.46596230557 3.217654890088475e-19
8891.397050194615 2.4360838014573184e-19
9976.311574844394 2.42820862854754e-19
11193.6056928417 2.1369756581509306e-19
12559.432157547897 1.927443443634575e-19
14091.914656322275 1.6503119087832215e-19
15811.388300841896 1.3048317113822828e-19
17740.669461678768 1.238272137870155e-19
19905.358527674867 1.015653871812923e-19
22334.17960754815 9.305897096366626e-20
25059.36168136362 8.824960127869085e-20
28117.066259517454 7.782805146277398e-20
31547.86722400965 6.465937178338005e-20
35397.289219206905 5.761641392177087e-20
39716.41173621407 5.344981564298954e-20
44562.5469066873 4.5089512830869824e-20
50000.0 4.071062642326627e-20
56100.922715098175 3.686527636523794e-20
62946.27058970838 3.356506444541624e-20
70626.8772311377 3.117169888616361e-20
79244.65962305566 2.8152834196987656e-20
88913.97050194615 2.6832066412508365e-20
99763.11574844399 2.4630416164797847e-20
111936.05692841699 2.2129477065536476e-20
125594.32157547897 2.081513376990302e-20
140919.1465632227 1.9237699582988443e-20
158113.88300841895 1.7650760506565207e-20
177406.69461678775 1.6375498349953103e-20
199053.58527674866 1.518691103573742e-20
223341.7960754815 1.411283650813791e-20
250593.6168136361 1.3033620412838383e-20
281170.66259517457 1.198916467489181e-20
315478.67224009667 1.0996060632903415e-20
353972.89219206903 1.0064395455268644e-20
397164.1173621407 9.162968816664932e-21
445625.4690668728 8.330763530886475e-21
500000.0 7.520467311394887e-21
561009.2271509818 6.6942769873049076e-21
629462.7058970836 5.973241616180485e-21
706268.7723113772 5.275309099522129e-21
792446.5962305567 4.564635354364473e-21
889139.7050194615 3.955134434361626e-21
997631.1574844399 3.3834580916946028e-21
1119360.5692841697 2.8367710807251455e-21
1255943.2157547902 2.3352059501096257e-21
1409191.465632227 1.8948847887563735e-21
1581138.8300841898 1.5112922923349598e-21
1774066.9461678774 1.1670570825090517e-21
1990535.852767486 8.783257425060356e-22
2233417.960754816 6.403762662110533e-22
2505936.168136361 4.502488944754651e-22
2811706.6259517455 3.055307516425111e-22
3154786.722400966 1.9691353986207542e-22
3539728.9219206898 1.2191994180046973e-22
3971641.1736214072 7.515819596230087e-23
4456254.690668727 4.717382619115694e-23
5000000.0 3.6310614756070293e-23
7926554.468671059 1e-300
12566053.148961805 1e-300
19921100.948292248 1e-300
31581138.34850658 1e-300
50065922.66041477 1e-300
79370052.59841008 1e-300
125826209.0205164 1e-300
199473659.87750262 1e-300
316227766.01683795 1e-300
