10644.401677 4.24027149598e-19
70743.3106917 4.02945876392e-20
130842.219706 1.74165123629e-20
190941.128721 1.02066920097e-20
251040.037736 6.86572267368e-21
311138.94675 4.92844407617e-21
371237.855765 3.69158869998e-21
431336.76478 2.86527264637e-21
491435.673794 2.29806474276e-21
551534.582809 1.88280997088e-21
611633.491824 1.56659690939e-21
671732.400838 1.31738551365e-21
731831.309853 1.13140743484e-21
791930.218868 9.76432200841e-22
852029.127882 8.42985914391e-22
912128.036897 7.42153345472e-22
972226.945912 6.51849554759e-22
1032325.85493 5.7789336826e-22
1092424.76394 5.13382980365e-22
1152523.67296 4.59712317589e-22
1212622.58197 4.1058942608e-22
1272721.49099 3.71853195391e-22
1332820.4 3.33116964701e-22
1392919.30901 3.03989996438e-22
1453018.21803 2.76177204707e-22
1513117.12704 2.49650408374e-22
1573216.03606 2.29925892262e-22
1633314.94507 2.1020137615e-22
1693413.85409 1.91097668616e-22
1753512.7631 1.77212061352e-22
1813611.67212 1.63326454088e-22
1873710.58113 1.49440846823e-22
1933809.49015 1.38391545427e-22
1993908.39916 1.28669823806e-22
2054007.30818 1.18948102186e-22
2114106.21719 1.09226380566e-22
2174205.12621 1.02061741622e-22
2234304.03522 9.53911352257e-23
2294402.94423 8.87205288292e-23
2354501.85325 8.20499224327e-23
2414600.76226 7.65118571151e-23
2474699.67128 7.19940960563e-23
2534798.58029 6.74763349976e-23
2594897.48931 6.29585739388e-23
2654996.39832 5.844081288e-23
2715095.30734 5.4941902518e-23
2775194.21635 5.19052281324e-23
2835293.12537 4.88685537468e-23
2895392.03438 4.58318793612e-23
2955490.9434 4.27952049756e-23
3015589.85241 4.0027628787e-23
3075688.76143 3.80283284334e-23
3135787.67044 3.60290280799e-23
3195886.57945 3.40297277263e-23
3255985.48847 3.20304273728e-23
3316084.39748 3.00311270192e-23
3376183.3065 2.81505223485e-23
3436282.21551 2.68555585638e-23
3496381.12453 2.55605947792e-23
3556480.03354 2.42656309946e-23
3616578.94256 2.29706672099e-23
3676677.85157 2.16757034253e-23
3736776.76059 2.03807396406e-23
3796875.6696 1.92426633953e-23
3856974.57862 1.84168058476e-23
3917073.48763 1.75909482998e-23
3977172.39665 1.67650907521e-23
4037271.30566 1.59392332044e-23
4097370.21467 1.51133756566e-23
4157469.12369 1.42875181089e-23
4217568.0327 1.34616605612e-23
4277666.94172 1.28429952808e-23
4337765.85073 1.23280163849e-23
4397864.75975 1.18130374891e-23
4457963.66876 1.12980585932e-23
4518062.57778 1.07830796973e-23
4578161.48679 1.02681008015e-23
4638260.39581 9.7531219056e-24
4698359.30482 9.23814300973e-24
4758458.21384 8.735746231e-24
4818557.12285 8.42088489662e-24
4878656.03187 8.10602356224e-24
4938754.94088 7.79116222786e-24
4998853.8499 7.47630089348e-24
5058952.75891 7.16143955911e-24
5119051.66792 6.84657822473e-24
5179150.57694 6.53171689035e-24
5239249.48595 6.21685555597e-24
5299348.39497 5.90199422159e-24
5359447.30398 5.63816827558e-24
5419546.213 5.44794272307e-24
5479645.12201 5.25771717056e-24
5539744.03103 5.06749161805e-24
5599842.94004 4.87726606553e-24
5659941.84906 4.68704051302e-24
5720040.75807 4.49681496051e-24
5780139.66709 4.30658940799e-24
5840238.5761 4.11636385548e-24
5900337.48512 3.92613830297e-24
5960436.39413 3.73591275046e-24
6020535.30314 3.59121402535e-24
6080634.21216 3.47972924784e-24
6140733.12117 3.36824447033e-24
6200832.03019 3.25675969283e-24
6260930.9392 3.14527491532e-24
6321029.84822 3.03379013782e-24
6381128.75723 2.92230536031e-24
6441227.66625 2.8108205828e-24
6501326.57526 2.6993358053e-24
6561425.48428 2.58785102779e-24
6621524.39329 2.47636625029e-24
6681623.30231 2.36488147278e-24
6741722.21132 2.27348505951e-24
6801821.12034 2.20923602787e-24
6861920.02935 2.14498699623e-24
6922018.93836 2.08073796459e-24
6982117.84738 2.01648893294e-24
7042216.75639 1.9522399013e-24
7102315.66541 1.88799086966e-24
7162414.57442 1.82374183802e-24
7222513.48344 1.75949280638e-24
7282612.39245 1.69524377474e-24
7342711.30147 1.6309947431e-24
7402810.21048 1.56674571146e-24
7462909.1195 1.50249667982e-24
7523008.02851 1.43824764818e-24
7583106.93753 1.39596173719e-24
7643205.84654 1.35953199238e-24
7703304.75556 1.32310224757e-24
7763403.66457 1.28667250276e-24
7823502.57358 1.25024275795e-24
7883601.4826 1.21381301314e-24
7943700.39161 1.17738326833e-24
8003799.30063 1.14095352351e-24
8063898.20964 1.1045237787e-24
8123997.11866 1.06809403389e-24
8184096.02767 1.03166428908e-24
8244194.93669 9.95234544271e-25
8304293.8457 9.5880479946e-25
8364392.75472 9.22375054649e-25
8424491.66373 8.85945309838e-25
8484590.57275 8.57516219491e-25
8544689.48176 8.37418049123e-25
8604788.39078 8.17319878754e-25
8664887.29979 7.97221708386e-25
8724986.2088 7.77123538018e-25
8785085.11782 7.5702536765e-25
8845184.02683 7.36927197282e-25
8905282.93585 7.16829026914e-25
8965381.84486 6.96730856545e-25
9025480.75388 6.76632686177e-25
9085579.66289 6.56534515809e-25
9145678.57191 6.36436345441e-25
9205777.48092 6.16338175073e-25
9265876.38994 5.96240004705e-25
9325975.29895 5.76141834336e-25
9386074.20797 5.56043663968e-25
9446173.11698 5.359454936e-25
9506272.026 5.18815369604e-25
9566370.93501 5.07893387899e-25
9626469.84403 4.96971406195e-25
9686568.75304 4.8604942449e-25
9746667.66205 4.75127442786e-25
9806766.57107 4.64205461081e-25
9866865.48008 4.53283479376e-25
9926964.3891 4.42361497672e-25
9987063.29811 4.31439515967e-25
10047162.2071 4.20517534263e-25
10107261.1161 4.09595552558e-25
10167360.0252 3.98673570853e-25
10227458.9342 3.87751589149e-25
10287557.8432 3.76829607444e-25
10347656.7522 3.6590762574e-25
10407755.6612 3.54985644035e-25
10467854.5702 3.4406366233e-25
10527953.4792 3.33141680626e-25
10588052.3883 3.22219698921e-25
10648151.2973 3.116173185e-25
10708250.2063 3.05817905766e-25
10768349.1153 3.00018493032e-25
10828448.0243 2.94219080298e-25
10888546.9333 2.88419667564e-25
10948645.8423 2.8262025483e-25
11008744.7514 2.76820842097e-25
11068843.6604 2.71021429363e-25
11128942.5694 2.65222016629e-25
11189041.4784 2.59422603895e-25
11249140.3874 2.53623191161e-25
11309239.2964 2.47823778427e-25
11369338.2055 2.42024365694e-25
11429437.1145 2.3622495296e-25
11489536.0235 2.30425540226e-25
11549634.9325 2.24626127492e-25
11609733.8415 2.18826714758e-25
11669832.7505 2.13027302024e-25
11729931.6595 2.07227889291e-25
11790030.5686 2.01428476557e-25
11850129.4776 1.95629063823e-25
11910228.3866 1.89829651089e-25
11970327.2956 1.85287644519e-25
12030426.2046 1.82275493504e-25
12090525.1136 1.79263342489e-25
12150624.0226 1.76251191474e-25
12210722.9317 1.73239040459e-25
12270821.8407 1.70226889444e-25
12330920.7497 1.6721473843e-25
12391019.6587 1.64202587415e-25
12451118.5677 1.611904364e-25
12511217.4767 1.58178285385e-25
12571316.3857 1.5516613437e-25
12631415.2948 1.52153983355e-25
12691514.2038 1.4914183234e-25
12751613.1128 1.46129681325e-25
12811712.0218 1.43117530311e-25
12871810.9308 1.40105379296e-25
12931909.8398 1.37093228281e-25
12992008.7488 1.34081077266e-25
13052107.6579 1.31068926251e-25
13112206.5669 1.28056775236e-25
13172305.4759 1.25044624221e-25
13232404.3849 1.22032473206e-25
13292503.2939 1.19020322191e-25
13352602.2029 1.16008171177e-25
13412701.1119 1.13292361406e-25
13472800.021 1.11740825338e-25
13532898.93 1.10189289269e-25
13592997.839 1.086377532e-25
13653096.748 1.07086217132e-25
13713195.657 1.05534681063e-25
13773294.566 1.03983144994e-25
13833393.4751 1.02431608926e-25
13893492.3841 1.00880072857e-25
13953591.2931 9.93285367887e-26
14013690.2021 9.777700072e-26
14073789.1111 9.62254646514e-26
14133888.0201 9.46739285828e-26
14193986.9291 9.31223925142e-26
14254085.8382 9.15708564456e-26
14314184.7472 9.0019320377e-26
14374283.6562 8.84677843084e-26
14434382.5652 8.69162482398e-26
14494481.4742 8.53647121712e-26
14554580.3832 8.38131761025e-26
14614679.2922 8.22616400339e-26
14674778.2013 8.07101039653e-26
14734877.1103 7.91585678967e-26
14794976.0193 7.76070318281e-26
14855074.9283 7.60554957595e-26
14915173.8373 7.45039596909e-26
14975272.7463 7.29524236223e-26
15035371.6553 7.14008875537e-26
15095470.5644 7.05924930448e-26
15155569.4734 6.97871448438e-26
15215668.3824 6.89817966429e-26
15275767.2914 6.81764484419e-26
15335866.2004 6.7371100241e-26
15395965.1094 6.656575204e-26
15456064.0184 6.57604038391e-26
15516162.9275 6.49550556381e-26
15576261.8365 6.41497074372e-26
15636360.7455 6.33443592362e-26
15696459.6545 6.25390110353e-26
15756558.5635 6.17336628343e-26
15816657.4725 6.09283146334e-26
15876756.3816 6.01229664324e-26
15936855.2906 5.93176182315e-26
15996954.1996 5.85122700305e-26
16057053.1086 5.77069218296e-26
16117152.0176 5.69015736286e-26
16177250.9266 5.60962254277e-26
16237349.8356 5.52908772267e-26
16297448.7447 5.44855290258e-26
16357547.6537 5.36801808248e-26
16417646.5627 5.28748326239e-26
16477745.4717 5.20694844229e-26
16537844.3807 5.1264136222e-26
16597943.2897 5.0458788021e-26
16658042.1987 4.96534398201e-26
16718141.1078 4.88480916191e-26
16778240.0168 4.80427434182e-26
16838338.9258 4.72373952172e-26
16898437.8348 4.66133524569e-26
16958536.7438 4.61944227474e-26
17018635.6528 4.57754930379e-26
17078734.5618 4.53565633283e-26
17138833.4709 4.49376336188e-26
17198932.3799 4.45187039093e-26
17259031.2889 4.40997741998e-26
17319130.1979 4.36808444902e-26
17379229.1069 4.32619147807e-26
17439328.0159 4.28429850712e-26
17499426.9249 4.24240553616e-26
17559525.834 4.20051256521e-26
17619624.743 4.15861959426e-26
17679723.652 4.1167266233e-26
17739822.561 4.07483365235e-26
17799921.47 4.0329406814e-26
17860020.379 3.99104771044e-26
17920119.2881 3.94915473949e-26
17980218.1971 3.90726176854e-26
18040317.1061 3.86536879758e-26
18100416.0151 3.82347582663e-26
18160514.9241 3.78158285568e-26
18220613.8331 3.73968988472e-26
18280712.7421 3.69779691377e-26
18340811.6512 3.65590394282e-26
18400910.5602 3.61401097186e-26
18461009.4692 3.57211800091e-26
18521108.3782 3.53022502996e-26
18581207.2872 3.488332059e-26
18641306.1962 3.44643908805e-26
18701405.1052 3.4045461171e-26
18761504.0143 3.36265314614e-26
18821602.9233 3.32076017519e-26
18881701.8323 3.27886720424e-26
18941800.7413 3.24093034951e-26
19001899.6503 3.21721405081e-26
19061998.5593 3.19349775211e-26
19122097.4683 3.16978145341e-26
19182196.3774 3.14606515471e-26
19242295.2864 3.12234885602e-26
19302394.1954 3.09863255732e-26
19362493.1044 3.07491625862e-26
19422592.0134 3.05119995992e-26
19482690.9224 3.02748366122e-26
19542789.8314 3.00376736252e-26
19602888.7405 2.98005106382e-26
19662987.6495 2.95633476512e-26
19723086.5585 2.93261846642e-26
19783185.4675 2.90890216772e-26
19843284.3765 2.88518586903e-26
19903383.2855 2.86146957033e-26
19963482.1945 2.83775327163e-26
20023581.1036 2.81403697293e-26
20083680.0126 2.79032067423e-26
20143778.9216 2.76660437553e-26
20203877.8306 2.74288807683e-26
20263976.7396 2.71917177813e-26
20324075.6486 2.69545547943e-26
20384174.5577 2.67173918074e-26
20444273.4667 2.64802288204e-26
20504372.3757 2.62430658334e-26
20564471.2847 2.60059028464e-26
20624570.1937 2.57687398594e-26
20684669.1027 2.55315768724e-26
20744768.0117 2.52944138854e-26
20804866.9208 2.50572508984e-26
20864965.8298 2.48200879114e-26
20925064.7388 2.45829249244e-26
20985163.6478 2.43457619375e-26
21045262.5568 2.41085989505e-26
21105361.4658 2.38714359635e-26
21165460.3748 2.36342729765e-26
21225559.2839 2.33971099895e-26
21285658.1929 2.32298795794e-26
21345757.1019 2.30816010521e-26
21405856.0109 2.29333225248e-26
21465954.9199 2.27850439975e-26
21526053.8289 2.26367654702e-26
21586152.7379 2.24884869429e-26
21646251.647 2.23402084156e-26
21706350.556 2.21919298882e-26
21766449.465 2.20436513609e-26
21826548.374 2.18953728336e-26
21886647.283 2.17470943063e-26
21946746.192 2.1598815779e-26
22006845.101 2.14505372517e-26
22066944.0101 2.13022587244e-26
22127042.9191 2.11539801971e-26
22187141.8281 2.10057016698e-26
22247240.7371 2.08574231425e-26
22307339.6461 2.07091446152e-26
22367438.5551 2.05608660879e-26
22427537.4642 2.04125875606e-26
22487636.3732 2.02643090333e-26
22547735.2822 2.0116030506e-26
22607834.1912 1.99677519787e-26
22667933.1002 1.98194734514e-26
22728032.0092 1.9671194924e-26
22788130.9182 1.95229163967e-26
22848229.8273 1.93746378694e-26
22908328.7363 1.92263593421e-26
22968427.6453 1.90780808148e-26
23028526.5543 1.89298022875e-26
23088625.4633 1.87815237602e-26
23148724.3723 1.86332452329e-26
23208823.2813 1.84849667056e-26
23268922.1904 1.83366881783e-26
23329021.0994 1.8188409651e-26
23389120.0084 1.80401311237e-26
23449218.9174 1.78918525964e-26
23509317.8264 1.77435740691e-26
23569416.7354 1.75952955418e-26
23629515.6444 1.74470170145e-26
23689614.5535 1.72987384872e-26
23749713.4625 1.71504599598e-26
23809812.3715 1.70021814325e-26
23869911.2805 1.68829198699e-26
23930010.1895 1.67781686371e-26
23990109.0985 1.66734174043e-26
24050208.0075 1.65686661715e-26
24110306.9166 1.64639149388e-26
24170405.8256 1.6359163706e-26
24230504.7346 1.62544124732e-26
24290603.6436 1.61496612404e-26
24350702.5526 1.60449100076e-26
24410801.4616 1.59401587748e-26
24470900.3706 1.5835407542e-26
24530999.2797 1.57306563092e-26
24591098.1887 1.56259050764e-26
24651197.0977 1.55211538436e-26
24711296.0067 1.54164026108e-26
24771394.9157 1.5311651378e-26
24831493.8247 1.52069001452e-26
24891592.7338 1.51021489124e-26
24951691.6428 1.49973976797e-26
25011790.5518 1.48926464469e-26
25071889.4608 1.47878952141e-26
25131988.3698 1.46831439813e-26
25192087.2788 1.45783927485e-26
25252186.1878 1.44736415157e-26
25312285.0969 1.43688902829e-26
25372384.0059 1.42641390501e-26
25432482.9149 1.41593878173e-26
25492581.8239 1.40546365845e-26
25552680.7329 1.39498853517e-26
25612779.6419 1.38451341189e-26
25672878.5509 1.37403828861e-26
25732977.46 1.36356316533e-26
25793076.369 1.35308804205e-26
25853175.278 1.34261291878e-26
25913274.187 1.3321377955e-26
25973373.096 1.32166267222e-26
26033472.005 1.31118754894e-26
26093570.914 1.30071242566e-26
26153669.8231 1.29023730238e-26
26213768.7321 1.2797621791e-26
26273867.6411 1.26928705582e-26
26333966.5501 1.25881193254e-26
26394065.4591 1.24833680926e-26
26454164.3681 1.23786168598e-26
26514263.2771 1.2273865627e-26
26574362.1862 1.21691143942e-26
26634461.0952 1.20643631614e-26
26694560.0042 1.19596119287e-26
26754658.9132 1.18681284713e-26
26814757.8222 1.1809923825e-26
26874856.7312 1.17517191786e-26
26934955.6403 1.16935145323e-26
26995054.5493 1.1635309886e-26
27055153.4583 1.15771052396e-26
27115252.3673 1.15189005933e-26
27175351.2763 1.14606959469e-26
27235450.1853 1.14024913006e-26
27295549.0943 1.13442866543e-26
27355648.0034 1.12860820079e-26
27415746.9124 1.12278773616e-26
27475845.8214 1.11696727152e-26
27535944.7304 1.11114680689e-26
27596043.6394 1.10532634226e-26
27656142.5484 1.09950587762e-26
27716241.4574 1.09368541299e-26
27776340.3665 1.08786494836e-26
27836439.2755 1.08204448372e-26
27896538.1845 1.07622401909e-26
27956637.0935 1.07040355445e-26
28016736.0025 1.06458308982e-26
28076834.9115 1.05876262519e-26
28136933.8205 1.05294216055e-26
28197032.7296 1.04712169592e-26
28257131.6386 1.04130123128e-26
28317230.5476 1.03548076665e-26
28377329.4566 1.02966030202e-26
28437428.3656 1.02383983738e-26
28497527.2746 1.01801937275e-26
28557626.1836 1.01219890811e-26
28617725.0927 1.00637844348e-26
28677824.0017 1.00055797885e-26
28737922.9107 9.94737514213e-27
28798021.8197 9.8891704958e-27
28858120.7287 9.83096584946e-27
28918219.6377 9.77276120312e-27
28978318.5468 9.71455655678e-27
29038417.4558 9.65635191044e-27
29098516.3648 9.5981472641e-27
29158615.2738 9.53994261776e-27
29218714.1828 9.48173797142e-27
29278813.0918 9.42353332509e-27
29338912.0008 9.36532867875e-27
29399010.9099 9.30712403241e-27
29459109.8189 9.24891938607e-27
29519208.7279 9.19071473973e-27
29579307.6369 9.13251009339e-27
29639406.5459 9.07430544705e-27
29699505.4549 9.01610080072e-27
29759604.3639 8.95789615438e-27
29819703.273 8.89969150804e-27
29879802.182 8.8414868617e-27
29939901.091 8.78328221536e-27
30000000.0 8.72507756902e-27
38973952.2417 1e-300
50632298.4447 1e-300
65778026.0491 1e-300
85454321.5265 1e-300
111016421.534 1e-300
144224957.031 1e-300
187367219.579 1e-300
243414702.252 1e-300
316227766.017 1e-300
