100.0 6.726654452268694e-15
112.2018454301963 6.113336868573497e-15
125.89254117941675 5.5520089299919515e-15
141.2537544622754 5.044325703049402e-15
158.4893192461114 4.575315639697833e-15
177.82794100389228 4.149183380151336e-15
199.5262314968879 3.764718141996591e-15
223.87211385683398 3.413737920237724e-15
251.18864315095794 3.0900090405209705e-15
281.8382931264455 2.7939629270367174e-15
316.22776601683796 2.5306176036372713e-15
354.8133892335753 2.2926325676283913e-15
398.1071705534973 2.07644175479392e-15
446.683592150963 1.8798914805377858e-15
501.18723362727246 1.700809368421694e-15
562.341325190349 1.536056176697925e-15
630.957344480193 1.3863727126919306e-15
707.945784384138 1.2537459510744659e-15
794.3282347242814 1.1343073643121856e-15
891.2509381337459 1.0255710952741598e-15
1000.0 9.259393481763072e-16
1122.0184543019636 8.344109204119467e-16
1258.9254117941675 7.526632419025013e-16
1412.537544622754 6.784676453150818e-16
1584.8931924611134 6.110402122162811e-16
1778.279410038923 5.500997347051293e-16
1995.26231496888 4.950625412486878e-16
2238.72113856834 4.446259962554107e-16
2511.8864315095793 4.00380298560751e-16
2818.382931264454 3.6014447499116456e-16
3162.277660168379 3.2380509502361186e-16
3548.1338923357553 2.910094006297985e-16
3981.0717055349737 2.612684336217673e-16
4466.83592150963 2.3403778074999083e-16
5011.872336272722 2.094536129790553e-16
5623.413251903491 1.8772165031033117e-16
6309.573444801933 1.6804609896230628e-16
7079.45784384138 1.5020203101253081e-16
7943.282347242814 1.340831775287618e-16
8912.509381337455 1.1945985733552925e-16
10000.0 1.0613157845476062e-16
11220.184543019635 9.428431527359179e-17
12589.254117941673 8.365731014888403e-17
14125.375446227546 7.40914941994143e-17
15848.931924611135 6.549119811766409e-17
17782.79410038923 5.779655123865009e-17
19952.623149688796 5.075452284166463e-17
22387.211385683393 4.443711497890685e-17
25118.8643150958 3.877600102489919e-17
28183.82931264454 3.375034045986438e-17
31622.776601683792 2.930537553793065e-17
35481.33892335755 2.5323227951346723e-17
39810.71705534972 2.1717694265207822e-17
44668.359215096316 1.852999394874256e-17
50118.72336272722 1.5753520397123785e-17
56234.13251903491 1.3344258029233385e-17
63095.73444801933 1.1251737245577956e-17
70794.5784384138 9.449708349107274e-18
79432.82347242815 7.900477759642228e-18
89125.09381337457 6.5663203423406525e-18
100000.0 5.602969346723238e-18
244843.67468222292 1e-300
599484.2503189408 1e-300
1467799.2676220706 1e-300
3593813.6638046256 1e-300
8799225.435691074 1e-300
21544346.900318865 1e-300
52749970.6370262 1e-300
129154966.50148827 1e-300
316227766.01683795 1e-300
