400.0 1.1883768247135692e-14
448.8073817207852 1.114614122027508e-14
503.570164717667 1.041087677138693e-14
565.0150178491016 9.683562802119515e-15
633.9572769844456 8.962640311697324e-15
711.3117640155691 8.260046394125615e-15
798.1049259875516 7.580992030544207e-15
895.4884554273359 6.928302369704717e-15
1004.7545726038318 6.304242268861959e-15
1127.353172505782 5.7116199883034224e-15
1264.9110640673518 5.146982715760557e-15
1419.2535569343013 4.617066674263902e-15
1592.4286822139893 4.1221118117411145e-15
1786.734368603852 3.662770865130804e-15
2004.7489345090898 3.239098012773175e-15
2249.365300761396 2.8500878411481142e-15
2523.829377920772 2.4920927897557222e-15
2831.783137536552 2.168138211151948e-15
3177.3129388971256 1.8764868159564178e-15
3565.0037525349835 1.6155357162044429e-15
4000.0 1.3836035779187678e-15
4488.0738172078545 1.1788398195858731e-15
5035.70164717667 9.980567471805925e-16
5650.150178491016 8.41165685238869e-16
6339.572769844453 7.057740645476e-16
7113.117640155692 5.894826768850688e-16
7981.04925987552 4.900084680357992e-16
8954.88455427336 4.052500090188041e-16
10047.545726038317 3.329595068023233e-16
11273.531725057815 2.719468620432253e-16
12649.110640673516 2.208228222038901e-16
14192.535569343021 1.7822943023590207e-16
15924.286822139895 1.4295061111365767e-16
17867.34368603852 1.1393794098823077e-16
20047.48934509089 9.004645954854648e-17
22493.653007613964 7.069580817937196e-17
25238.293779207732 5.506741539038662e-17
28317.83137536552 4.253662997455954e-17
31773.129388971254 3.258223719679181e-17
35650.03752534982 2.4749166141248798e-17
40000.0 1.8589939531678027e-17
44880.73817207854 1.3816852509357268e-17
50357.01647176669 1.0156025343749748e-17
56501.501784910186 7.37723982254499e-18
63395.72769844454 5.2911311576677916e-18
71131.17640155692 3.743930673874214e-18
79810.49259875518 2.603453098393538e-18
89548.84554273357 1.7794944110612924e-18
100475.4572603832 1.1937440016094751e-18
112735.31725057815 7.8478531378895115e-19
126491.10640673517 5.04853730191379e-19
141925.3556934302 3.17305049948425e-19
159242.86822139888 1.9302566985454295e-19
178673.43686038526 1.1360701506361478e-19
200474.8934509089 6.506747127442292e-20
224936.53007613964 3.6251858705998347e-20
252382.9377920773 1.9322765428254865e-20
283178.3137536552 9.905414660365275e-21
317731.2938897126 4.769661650058813e-21
356500.37525349826 2.0904747595784756e-21
400000.0 1.1216104503771282e-21
839563.0674438832 1e-300
1762165.3605394554 1e-300
3698622.3885946455 1e-300
7763066.894712855 1e-300
16293960.63724296 1e-300
34199518.9335339 1e-300
71781632.55235718 1e-300
150663019.0294667 1e-300
316227766.01683795 1e-300
