100192.13095377585 1.544180601929657e-19
100397.68586661953 1.539705689733287e-19
100603.66249743444 1.5352215967741392e-19
100810.06171142019 1.5307283042168935e-19
101016.88437555157 1.5262257931875858e-19
101224.13135858219 1.5217140447735262e-19
101431.80353104745 1.5171930400232387e-19
101639.9017652693 1.5126627599463504e-19
101848.42693535918 1.508123185513533e-19
102057.37991722186 1.5035742976564177e-19
102266.7615885591 1.499016077267515e-19
102476.57282887338 1.4944485052001338e-19
102686.81451947184 1.4898715622682966e-19
102897.48754346896 1.485285229246679e-19
103108.59278579176 1.4806894868704984e-19
103320.13113318253 1.4760843158354544e-19
103532.1034742028 1.4714696967976407e-19
103744.5106992371 1.4668456103734657e-19
103957.3537004969 1.462212037139565e-19
104170.63337202347 1.4575689576327387e-19
104384.35060969295 1.4529163523498439e-19
104598.50631121927 1.4482542017477277e-19
104813.1013761581 1.4435824862431428e-19
105028.13670591064 1.4389011862126655e-19
105243.61320372742 1.434210281992611e-19
105459.53177471232 1.42950975387895e-19
105675.89332582545 1.42479958212724e-19
105892.69876588833 1.4200797469525178e-19
106109.94900558678 1.4153502285292331e-19
106327.64495747504 1.4106110069911627e-19
106545.78753597947 1.4058620624313255e-19
106764.37765740276 1.401103374901892e-19
106983.41623992682 1.396334924414125e-19
107202.90420361796 1.3915566909382622e-19
107422.84247042988 1.3867686544034537e-19
107643.2319642078 1.3819707946976703e-19
107864.07361069224 1.377163091667624e-19
108085.36833752308 1.3723455251186765e-19
108307.11707424345 1.3675180748147569e-19
108529.32075230296 1.3626807204782891e-19
108751.98030506283 1.3578334417900829e-19
108975.09666779895 1.3529762183892647e-19
109198.67077770602 1.3481090298731898e-19
109422.70357390153 1.3432318557973535e-19
109647.19599742984 1.3383446756753038e-19
109872.14899126533 1.3334474689785717e-19
110097.56350031763 1.328540215136559e-19
110323.44047143478 1.323622893536468e-19
110549.78085340737 1.3186954835232117e-19
110776.58559697248 1.3137579643993279e-19
111003.855654818 1.3047857064241158e-19
111231.59198158572 1.3010464370646327e-19
111459.79553387658 1.2972994961926264e-19
111688.46727025388 1.2935448680691665e-19
111917.6081512476 1.28978253692303e-19
112147.21913935822 1.2860124869506404e-19
112377.30119906098 1.282234702315996e-19
112607.85529681008 1.2784491671506032e-19
112838.88240104177 1.2746558655534238e-19
113070.38348217988 1.2708547815907853e-19
113302.35951263884 1.26704589929633e-19
113534.81146682827 1.2632292026709423e-19
113767.74032115673 1.2594046756826838e-19
114001.14705403632 1.2555723022667195e-19
114235.03264588572 1.2517320663252704e-19
114469.39807913572 1.247883951727516e-19
114704.2443382325 1.2440279423095474e-19
114939.57240964187 1.2401640218742935e-19
115175.38328185356 1.2362921741914526e-19
115411.67794538522 1.2324123829974258e-19
115648.4573927869 1.2285246319952432e-19
115885.72261864434 1.2246289048545115e-19
116123.47461958436 1.220725185211322e-19
116361.71439427834 1.2168134566681982e-19
116600.4429434465 1.2128937027940215e-19
116839.6612698621 1.2089659071239654e-19
117079.37037835606 1.2050300531594163e-19
117319.57127581998 1.2010861243679268e-19
117560.26497121197 1.1971341041831183e-19
117801.45247555988 1.1931739760046295e-19
118043.13480196582 1.1892057231980393e-19
118285.31296561033 1.185229329094803e-19
118527.98798375676 1.1812447769921748e-19
118771.16087575568 1.177252050153141e-19
119014.83266304829 1.173251131806358e-19
119259.00436917211 1.169242005146066e-19
119503.6770197642 1.1652246533320275e-19
119748.85164256599 1.1611990594894577e-19
119994.52926742735 1.1571652067089492e-19
120240.71092631125 1.1531230780464e-19
120487.3976532971 1.149072656522959e-19
120734.59048458654 1.1450139251249268e-19
120982.29045850695 1.1409468668037034e-19
121230.49861551587 1.1368714644757123e-19
121479.2159982054 1.1327877010223286e-19
121728.44365130701 1.1286955592898002e-19
121978.1826216947 1.124595022089198e-19
122228.43395839103 1.1204860721963117e-19
122479.19871257049 1.1163686923516022e-19
122730.47793756417 1.1122428652601168e-19
122982.27268886418 1.1081085735914224e-19
123234.58402412804 1.1039657999795297e-19
123487.41300318354 1.0998145270228184e-19
123740.76068803188 1.0956547372839778e-19
123994.62814285405 1.0914864132899107e-19
124249.01643401389 1.087309537531677e-19
124503.92663006304 1.0862472874062984e-19
124759.35980174544 1.0829970625980219e-19
125015.31702200201 1.0797401696046181e-19
125271.79936597413 1.0764765947455954e-19
125528.80791100973 1.0732063243123866e-19
125786.3437366668 1.0699293445683022e-19
126044.40792471815 1.06664564174847e-19
126303.00155915593 1.063355202059779e-19
126562.12572619623 1.0600580116808193e-19
126821.78151428394 1.0567540567618217e-19
127081.97001409615 1.0534433234246132e-19
127342.69231854843 1.0501257977625374e-19
127603.94952279833 1.0468014658404104e-19
127865.74272425017 1.0434703136944596e-19
128128.0730225598 1.0401323273322631e-19
128390.94151963928 1.0367874927326897e-19
128654.3493196607 1.0334357958458515e-19
128918.29752906215 1.0300772225930264e-19
129182.78725655156 1.0267117588666113e-19
129447.81961311134 1.0233393905300602e-19
129713.39571200337 1.0199601034178236e-19
129979.5166687736 1.0165738833352875e-19
130246.18360125601 1.0131807160587251e-19
130513.39762957861 1.0097805873352195e-19
130781.1598761672 1.0063734828826143e-19
131049.47146575048 1.0029593883894527e-19
131318.33352536458 9.995382895149166e-20
131587.7471843578 9.961101718887644e-20
131857.71357439584 9.926750211112709e-20
132128.2338294652 9.892328227531782e-20
132399.30908587968 9.857835623556143e-20
132670.94048228415 9.823272254300471e-20
132943.12915965953 9.788637974582201e-20
133215.87626132753 9.7539326389209e-20
133489.18293295582 9.719156101537643e-20
133763.05032256173 9.684308216354522e-20
134037.47958051861 9.649388836993826e-20
134312.4718595597 9.614397816777584e-20
134588.02831478324 9.579335008726879e-20
134864.15010365722 9.544200265561268e-20
135140.8383860243 9.508993439698144e-20
135418.094324107 9.473714383252069e-20
135695.9190825114 9.438362948034324e-20
135974.3138282337 9.402938985552059e-20
136253.27973066407 9.367442347007794e-20
136532.81796159188 9.33187288329879e-20
136812.92969521048 9.296230445016405e-20
137093.6161081224 9.260514882445434e-20
137374.87837934346 9.224726045563609e-20
137656.71769030896 9.188863784040794e-20
137939.135224878 9.152927947238447e-20
138222.13216933832 9.116918384208985e-20
138505.7097124115 9.080834943695139e-20
138789.86904525798 9.044677474129316e-20
139074.61136148218 9.008445823632925e-20
139359.9378571365 8.972139840015917e-20
139645.84973072808 8.935759370775861e-20
139932.3481832226 8.918046276411245e-20
140219.43441804967 8.891001901196381e-20
140507.1096411078 8.8639020415424e-20
140795.37506076987 8.836746583616985e-20
141084.23188788703 8.809535413354377e-20
141373.68133579544 8.782268416454699e-20
141663.72462032025 8.754945478383614e-20
141954.36295978108 8.727566484371799e-20
142245.59757499694 8.700131319414488e-20
142537.4296892919 8.672639868270914e-20
142829.86052849886 8.645092015463988e-20
143122.8913209666 8.617487645279606e-20
143416.5232975636 8.589826641766308e-20
143710.7576916836 8.56210888873474e-20
144005.59573925092 8.534334269757164e-20
144301.03867872528 8.506502668166998e-20
144597.0877511078 8.478613967058258e-20
144893.74419994457 8.450668049285214e-20
145191.00927133384 8.422664797461704e-20
145488.88421393014 8.394604093960774e-20
145787.37027894976 8.366485820914135e-20
146086.46872017594 8.338309860211687e-20
146386.18079396448 8.310076093500979e-20
146686.5077592479 8.281784402186838e-20
146987.4508775424 8.253434667430691e-20
147289.01141295204 8.225026770150189e-20
147591.1906321743 8.196560591018669e-20
147893.98980450543 8.168036010464653e-20
148197.4102018458 8.139452908671354e-20
148501.45309870553 8.110811165576146e-20
148806.11977220853 8.082110660870147e-20
149111.4115021 8.053351273997585e-20
149417.3295707501 8.024532884155372e-20
149723.87526316004 7.995655370292579e-20
150031.0498669674 7.966718611109932e-20
150338.85467245174 7.937722485059266e-20
150647.29097253876 7.908666870343144e-20
150956.36006280783 7.879551644914142e-20
151266.06324149587 7.85037668647449e-20
151576.40180950338 7.8211418724755e-20
151887.37707039973 7.791847080117075e-20
152198.99033042885 7.762492186347157e-20
152511.2428985146 7.733077067861234e-20
152824.1360862656 7.703601601101883e-20
153137.6712079821 7.674065662258115e-20
153451.84958066055 7.644469127264961e-20
153766.6725239994 7.614811871802914e-20
154082.1413604045 7.585093771297413e-20
154398.25741499523 7.555314700918288e-20
154715.0220156084 7.525474535579357e-20
155032.43649280624 7.495573149937723e-20
155350.50217988034 7.465610418393365e-20
155669.22041285757 7.435586215088571e-20
155988.59253050596 7.405500413907433e-20
156308.61987434042 7.37535288847526e-20
156629.30378862724 7.345143512158183e-20
156950.64562039138 7.322721830500647e-20
157272.64671942126 7.300009412617794e-20
157595.3084382745 7.277250397771348e-20
157918.63213228344 7.254444690362635e-20
158242.61915956135 7.231592194596848e-20
158567.27088100783 7.208692814482637e-20
158892.58866031375 7.18574645383176e-20
159218.57386396863 7.16275301625859e-20
159545.22786126516 7.139712405179759e-20
159872.55202430527 7.116624523813764e-20
160200.54772800597 7.09348927518053e-20
160529.21635010536 7.070306562101004e-20
160858.5592711671 7.047076287196818e-20
161188.57787458817 7.023798352889771e-20
161519.27354660357 7.000472661401471e-20
161850.64767629214 6.977099114752939e-20
162182.70165558267 6.953677614764177e-20
162515.43687925956 6.930208063053752e-20
162848.8547449692 6.906690361038384e-20
163182.95665322428 6.883124409932598e-20
163517.74400741185 6.859510110748179e-20
163853.2182137979 6.835847364293856e-20
164189.38068153337 6.812136071174851e-20
164526.2328226604 6.788376131792469e-20
164863.7760521182 6.76456744634366e-20
165202.0117877481 6.740709914820677e-20
165540.94145030118 6.716803437010533e-20
165880.56646344298 6.692847912494669e-20
166220.8882537599 6.668843240648497e-20
166561.90825076515 6.644789320640996e-20
166903.62788690504 6.62068605143425e-20
167246.04859756364 6.596533331783129e-20
167589.17182107095 6.572331060234715e-20
167932.99899870748 6.548079135127966e-20
168277.53157471077 6.523777454593281e-20
168622.77099628124 6.499425916552051e-20
168968.71871358846 6.47502441871626e-20
169315.37617977752 6.450572858587994e-20
169662.74485097377 6.426071133459136e-20
170010.82618629097 6.401519140410777e-20
170359.6216478361 6.376916776312885e-20
170709.1327007157 6.35226393782384e-20
171059.36081304232 6.327560521390016e-20
171410.3074559407 6.3028064232453e-20
171761.97410355273 6.278001539410773e-20
172114.36223304571 6.253145765694116e-20
172467.47332461723 6.22823899768927e-20
172821.3088615016 6.20328113077598e-20
173175.87032997608 6.17827206011935e-20
173531.15921936737 6.153211680669402e-20
173887.17702205785 6.128099887160615e-20
174243.92523349074 6.102936574111574e-20
174601.4053521783 6.077721635824392e-20
174959.61887970683 6.052454966384347e-20
175318.56732074337 6.027136459659424e-20
175678.25218304186 6.001766009299871e-20
176038.67497744987 5.968412789040618e-20
176399.83721791374 5.949801744971293e-20
176761.74042148667 5.931152518347062e-20
177124.38610833415 5.912465030832311e-20
177487.7758017402 5.893739203930716e-20
177851.91102811423 5.874974958984909e-20
178216.79331699715 5.856172217176149e-20
178582.42420106824 5.837330899523969e-20
178948.8052161502 5.818450926885918e-20
179315.9379012177 5.799532219957133e-20
179683.82379840236 5.78057469927005e-20
180052.4644529997 5.761578285194082e-20
180421.86141347565 5.742542897935263e-20
180792.01623147322 5.72346845753591e-20
181162.93046181774 5.704354883874346e-20
181534.6056625256 5.685202096664464e-20
181907.0433948091 5.666010015455461e-20
182280.2452230837 5.646778559631483e-20
182654.21271497433 5.627507648411274e-20
183028.94744132247 5.608197200847835e-20
183404.4509761912 5.588847135828154e-20
183780.7248968742 5.569457372072747e-20
184157.77078390057 5.550027828135393e-20
184535.59022104225 5.530558422402783e-20
184914.1847953202 5.511049073094158e-20
185293.55609701155 5.491499698260992e-20
185673.70571965643 5.471910215786596e-20
186054.63526006293 5.452280543385885e-20
186436.34631831653 5.432610598604885e-20
186818.84049778502 5.412900298820486e-20
187202.1194051256 5.3931495612400695e-20
187586.1846502917 5.373358302901153e-20
187971.03784654022 5.353526440671031e-20
188356.68061043666 5.333653891246501e-20
188743.11456186417 5.313740571153394e-20
189130.34132402888 5.29378639674631e-20
189518.36252346716 5.2737912842082366e-20
189907.17979005238 5.253755149550203e-20
190296.79475700168 5.233677908610926e-20
190687.20906088347 5.213559477056437e-20
191078.42434162248 5.193399770379806e-20
191470.44224250907 5.1731987039006694e-20
191863.2644102047 5.152956192764953e-20
192256.89249474902 5.132672151944491e-20
192651.328149567 5.1123464962366807e-20
193046.5730314761 5.0919791402640917e-20
193442.62880069186 5.071569998474193e-20
193839.49712083695 5.051118985138878e-20
194237.1796589469 5.030626014354172e-20
194635.6780854773 5.010091000039865e-20
195034.9940743107 4.989513855939144e-20
195435.12930276446 4.968894495618203e-20
195836.08545159578 4.948232832465982e-20
196237.86420501134 4.9275287796936576e-20
196640.46725067275 4.9067822503343733e-20
197043.89627970403 4.885993157242852e-20
197448.15298669878 4.845807498853662e-20
197853.23906972716 4.8300819394047734e-20
198259.15623034356 4.814324117282432e-20
198665.90617359208 4.798533966296331e-20
199073.49060801606 4.782711420120321e-20
199481.91124566377 4.766856412292191e-20
199891.1698020959 4.7509688762133773e-20
200301.2679963927 4.735048745148681e-20
200712.20755116193 4.7190959522259724e-20
201123.99019254404 4.703110430435976e-20
201536.61765022212 4.687092112631893e-20
201950.09165742755 4.671040931529176e-20
202364.41395094752 4.6549568197052426e-20
202779.5862711325 4.638839709599182e-20
203195.6103619034 4.6226895335114774e-20
203612.4879707595 4.606506223603698e-20
204030.2208487839 4.59028971189829e-20
204448.8107506536 4.5740399302781837e-20
204868.25943464495 4.557756810486577e-20
205288.56866264166 4.5414402841266335e-20
205709.74020014226 4.5250902826611906e-20
206131.77581626756 4.50870673741246e-20
206554.67728376682 4.4922895795618017e-20
206978.44637902753 4.4758387401493396e-20
207403.0848820812 4.4593541500737295e-20
207828.5945766112 4.442835740091867e-20
208254.97724996044 4.4262834408185836e-20
208682.2346931386 4.409697182726355e-20
209110.3687008304 4.393076896145007e-20
209539.38107140115 4.3764225112614705e-20
209969.27360690705 4.359733958119405e-20
210400.04811310093 4.343011166618956e-20
210831.70639944033 4.3262540665164586e-20
211264.25027909514 4.30946258742413e-20
211697.68156895548 4.2926366588097674e-20
212132.00208963788 4.275776209996512e-20
212567.21366549522 4.2588811701624504e-20
213003.31812462283 4.24195146834039e-20
213440.31729886663 4.224987033417545e-20
213878.21302383076 4.207987794135225e-20
214317.00713888562 4.1909536790885386e-20
214756.70148717414 4.1738846167261397e-20
215197.29791562184 4.1567805353498443e-20
215638.79827494305 4.1396413631143887e-20
216081.20441964894 4.1224670280271024e-20
216524.5182080555 4.105257457947621e-20
216968.7415022912 4.088012580587579e-20
217413.87616830537 4.0707323235102806e-20
217859.92407587415 4.05341661413047e-20
218306.88709861107 4.0360653797139295e-20
218754.76711397318 4.0186785473772284e-20
219203.5660032692 4.001256044087416e-20
219653.2856516677 3.9837977966616993e-20
220103.92794820535 3.96630373176713e-20
220555.4947857929 3.94877377592036e-20
221007.98806122597 3.931207855487228e-20
221461.40967519133 3.938370548569795e-20
221915.7615322751 3.925145634131328e-20
222371.0455409709 3.9118935873611213e-20
222827.26361368792 3.898614352594282e-20
223284.41766675908 3.885307874051706e-20
223742.50962044782 3.8719740958398876e-20
224201.54139895824 3.858612961950611e-20
224661.51493044198 3.8452244162607664e-20
225122.4321470063 3.8318084025321034e-20
225584.29498472245 3.818364864410991e-20
226047.10538363425 3.8048937454281704e-20
226510.8652877643 3.791394988998569e-20
226975.57664512488 3.777868538420984e-20
227441.24140772445 3.7643143368778985e-20
227907.86153157632 3.750732327435227e-20
228375.4389767065 3.7371224530420785e-20
228843.97570716255 3.723484656530513e-20
229313.4736910216 3.709818880615298e-20
229783.9349003973 3.696125067893709e-20
230255.36131145078 3.6824031608452123e-20
230727.7549043968 3.668653101831282e-20
231201.11766351285 3.6548748330951374e-20
231675.45157714738 3.6410682967615064e-20
232150.75863772872 3.6272334348363613e-20
232627.0408417712 3.613370189206742e-20
233104.30018988685 3.599478501640415e-20
233582.53868679173 3.5855583137856936e-20
234061.75834131453 3.571609567171179e-20
234541.96116640558 3.557632203205506e-20
235023.14917914526 3.543626163177095e-20
235505.32440075086 3.529591388253953e-20
235988.4888565878 3.515527819483342e-20
236472.64457617636 3.501435397791596e-20
236957.79359320045 3.487314063983848e-20
237443.9379455165 3.4731637587437874e-20
237931.07967516166 3.458984422633413e-20
238419.22082836315 3.444775996092759e-20
238908.36345554455 3.4305384194397205e-20
239398.5096113379 3.4162716328696906e-20
239889.66135458986 3.401975576455393e-20
240381.820748371 3.3876501901465977e-20
240874.98985998458 3.373295413769881e-20
241369.17076097557 3.358911187028346e-20
241864.36552713762 3.3444974495014355e-20
242360.5762385244 3.330054140644593e-20
242857.8049794566 3.315581199789061e-20
243356.05383853117 3.3010785661416093e-20
243855.32490862987 3.2865461787842933e-20
244355.62028692858 3.2719839766741776e-20
244856.94207490585 3.257391898643084e-20
245359.2923783504 3.2427698833973824e-20
245862.67330737258 3.2281178695176475e-20
246367.08697641146 3.2134357954584627e-20
246872.53550424404 3.198723599548142e-20
247379.0210139942 3.183981219988473e-20
247886.54563314226 3.169208594854444e-20
248395.1114935316 3.170712662703172e-20
248904.72073138092 3.159442597473743e-20
249415.37548729117 3.1481494104955907e-20
249927.07790625482 3.1368330543319653e-20
250439.83013766512 3.125493481448796e-20
250953.63433532554 3.114130644214476e-20
251468.49265745675 3.102744494899718e-20
251984.40726670873 3.091334985677272e-20
252501.380330168 3.079902068621781e-20
253019.41401936684 3.0684456957095643e-20
253538.510510293 3.0569658188184096e-20
254058.67198339824 3.045462389727385e-20
254579.9006236083 3.0339353601166096e-20
255102.1986203301 3.0223846815671064e-20
255625.56816746382 3.0108103055605295e-20
256150.01146341025 2.999212183478998e-20
256675.53071108012 2.987590266604896e-20
257202.12811790413 2.975944506120645e-20
257729.80589584194 2.9642748531085116e-20
258258.56626138993 2.952581258550432e-20
258788.41143559315 2.940863673327744e-20
259319.3436440532 2.929122048221022e-20
259851.36511693746 2.9173563339098647e-20
260384.4780889889 2.90556648097268e-20
260918.68479953514 2.8937524398864884e-20
261453.98749249877 2.8819141610266924e-20
261990.3884164042 2.870051594666921e-20
262527.8898243907 2.85816469097875e-20
263066.4939742195 2.846253400031535e-20
263606.2031282839 2.8343176717921984e-20
264147.0195536186 2.822357456125009e-20
264688.94552191027 2.8103727027913705e-20
265231.98330950405 2.7983633614496494e-20
265776.1351974174 2.786329381654895e-20
266321.4034713465 2.774270712858676e-20
266867.7904216771 2.762187304408855e-20
267415.2983434942 2.750079105549377e-20
267963.9295365908 2.7379460654200563e-20
268513.6863054794 2.7257881330563466e-20
269064.5709593983 2.7136052573891805e-20
269616.5858123253 2.7013973872446846e-20
270169.7331829849 2.6891644713440033e-20
270724.015394859 2.676906458303077e-20
271279.4347761961 2.6646232966324322e-20
271835.9936600219 2.65231493473694e-20
272393.6943841471 2.6399813209156612e-20
272952.5392911802 2.6276224033615427e-20
273512.53072853526 2.6152381301612623e-20
274073.67104844225 2.6028284492949905e-20
274635.96260795713 2.5903933086361718e-20
275199.4077689721 2.5779326559512964e-20
275764.00889822334 2.5654464388997287e-20
276329.7683673044 2.5529346050334138e-20
276896.68855267373 2.5403971017967054e-20
277464.77183566545 2.5278338765261358e-20
278034.02060249913 2.5152448764501903e-20
278604.43724429014 2.5026300486890882e-20
279176.0241570597 2.5306535734212602e-20
279748.7837417434 2.5216702678416437e-20
280322.71840420406 2.5126685320462218e-20
280897.83055523987 2.503648328223429e-20
281474.122610595 2.4946096184841233e-20
282051.59699097 2.4855523648614305e-20
282630.25612203206 2.4764765293105746e-20
283210.1024344232 2.467382073708753e-20
283791.138363774 2.458268959854923e-20
284373.36635071144 2.4491371494696768e-20
284956.78884086944 2.4399866041950747e-20
285541.4082848998 2.4308172855944784e-20
286127.22713848174 2.4216291551523942e-20
286714.2478623333 2.4124221742743033e-20
287302.4729222194 2.4031963042865256e-20
287891.90478896495 2.3939515064360214e-20
288482.54593846406 2.3846877418902448e-20
289074.39885169006 2.3754049717369843e-20
289667.4660147063 2.366103156984197e-20
290261.7499186772 2.3567822585598313e-20
290857.2530598762 2.347442237311708e-20
291453.9779397 2.3380830540072893e-20
292051.92706467654 2.328704669333561e-20
292651.1029464762 2.319307043896851e-20
293251.5081019223 2.3098901382226697e-20
293853.1450530017 2.30045391275554e-20
294456.01632687595 2.290998327858822e-20
295060.12445588957 2.2815233438145877e-20
295665.47197758436 2.272028920823394e-20
296272.0614347074 2.262515019004153e-20
296879.8953752225 2.2529815983939593e-20
297488.97635232087 2.2434286189479177e-20
298099.30692443275 2.233856040538965e-20
298710.88965523517 2.224263822957747e-20
299323.72711366665 2.2146519259123815e-20
299937.82187393575 2.2050203090283356e-20
300553.176515532 2.1953689318482442e-20
301169.7936232373 2.1856977538317375e-20
301787.67578713706 2.1760067343552644e-20
302406.8256026285 2.1662958327119603e-20
303027.2456704358 2.1565650081114136e-20
303648.9385966177 2.14681421967954e-20
304271.9069925799 2.1370434264583977e-20
304896.1534750857 2.1272525874060106e-20
305521.68066626665 2.1174416613962053e-20
306148.4911936348 2.107610607218424e-20
306776.587690091 2.0977593835775863e-20
307405.97279393935 2.087887949093865e-20
308036.6491488962 2.0779962623025463e-20
308668.619404102 2.0680842816538472e-20
309301.88621413196 2.0581519655127392e-20
309936.4522390081 2.0481992721587678e-20
310572.3201442078 2.0382261597859133e-20
311209.4926006791 2.0282325865023552e-20
311847.9722848489 2.0182185103303394e-20
312487.7618786352 2.008183889205989e-20
313128.8640694582 1.9935136580463356e-20
313771.28155025153 1.9866362256702215e-20
314415.0170194746 1.9797446835032494e-20
315060.0731811208 1.9728390025976813e-20
315706.45274473296 1.9659191539463717e-20
316354.15842541243 1.9589851084826698e-20
317003.1929438306 1.9520368370802904e-20
317653.55902624095 1.9450743105531926e-20
318305.2594044904 1.9380974996554508e-20
318958.29681602895 1.9311063750811586e-20
319612.67400392453 1.924100907464266e-20
320268.39371687215 1.917081067378481e-20
320925.4587092061 1.91004682533714e-20
321583.8717409115 1.9029981517930854e-20
322243.6355776365 1.895935017138533e-20
322904.7529907012 1.8888573917049773e-20
323567.2267571135 1.88176524576302e-20
324231.0596595779 1.8746585495222826e-20
324896.2544865079 1.8675372731312626e-20
325562.8140320378 1.8604013866772168e-20
326230.7410960343 1.8532508601860327e-20
326900.03848410904 1.8460856636220952e-20
327570.7090076275 1.83890576688819e-20
328242.75548372534 1.8317111398253327e-20
328916.1807353169 1.8245017522126717e-20
329590.987591108 1.8172775737673554e-20
330267.1788856082 1.8100385741444012e-20
330944.7574591426 1.8027847229365662e-20
331623.7261578619 1.7955159896742435e-20
332304.0878337577 1.7882323438252936e-20
332985.84534467227 1.7809337547949438e-20
333669.0015543111 1.7736201919256536e-20
334353.5593322546 1.7662916244969852e-20
335039.52155397076 1.7589480217254727e-20
335726.8911008273 1.7515893527644904e-20
336415.6708601016 1.7442155867041472e-20
337105.86372499645 1.7368266925711157e-20
337797.4725946497 1.7294226393285308e-20
338490.50037414726 1.7220033958758512e-20
339184.94997453486 1.7145689310487308e-20
339880.8243128314 1.7071192136188792e-20
340578.1263120383 1.6996542122939576e-20
341276.85890115594 1.6921738957174078e-20
341977.0250151931 1.684678232468347e-20
342678.62759517995 1.6771671910614284e-20
343381.6695881806 1.6696407399467118e-20
344086.1539473055 1.662098847509526e-20
344792.08363172424 1.6545414820703325e-20
345499.4616066753 1.646968611884622e-20
346208.29084348306 1.6393802051427357e-20
346918.57431956695 1.6317762299697594e-20
347630.31501845503 1.624156654425386e-20
348343.5159297962 1.6165214465037793e-20
349058.1800493738 1.6088705741334305e-20
349774.3103791154 1.6012040051770577e-20
350491.909927109 1.593521707431421e-20
351210.98170761374 1.562012424210035e-20
351931.5287410726 1.5565820121603654e-20
352653.55405412527 1.5511404590373913e-20
353377.06067962205 1.5456877419839975e-20
354102.0516566328 1.5402238380961944e-20
354828.5300304647 1.5347487244229852e-20
355556.4988526721 1.52926237796629e-20
356285.9611810699 1.523764775680849e-20
357016.9200797463 1.518255894474121e-20
357749.3786190759 1.5127357112061873e-20
358483.3398757332 1.5072042026896512e-20
359218.8069327027 1.5016613456895603e-20
359955.7828792961 1.4961071169232768e-20
360694.2708111626 1.490541493060401e-20
361434.27383030206 1.4849644507226698e-20
362175.7950450788 1.4793759664838548e-20
362918.8375702349 1.4737760168696638e-20
363663.4045269005 1.4681645783576584e-20
364409.4990426111 1.462541627377126e-20
365157.1242513182 1.456907140309001e-20
365906.28329340275 1.4512610934857623e-20
366656.9793156886 1.4456034631913302e-20
367409.2154714556 1.439934225660971e-20
368162.9949204537 1.4342533570811874e-20
368918.32082891325 1.4285608335896443e-20
369675.1963695624 1.4228566312750342e-20
370433.62472163804 1.4171407261769976e-20
371193.6090708997 1.4114130942860166e-20
371955.15260964236 1.405673711543319e-20
372718.25853671157 1.3999225538407624e-20
373482.9300575131 1.394159597020767e-20
374249.1703840315 1.3883848168761675e-20
375016.98273483984 1.3825981891501477e-20
375786.3703351149 1.37679968953612e-20
376557.33641665 1.3709892936776318e-20
377329.8842178698 1.3651669771682562e-20
378104.0169838403 1.3593327155515082e-20
378879.73796628776 1.3534864843207132e-20
379657.05042360886 1.3476282589189217e-20
380435.9576208848 1.3417580147388049e-20
381216.46282989625 1.3358757271225486e-20
381998.56932913564 1.3299813713617501e-20
382782.2804038225 1.324074922697311e-20
383567.59934591415 1.3181563563193513e-20
384354.52945412387 1.3122256473670765e-20
385143.07403393195 1.3062827709286906e-20
385933.2363976003 1.3003277020412896e-20
386725.0198641861 1.2943604156907562e-20
387518.42775955686 1.2883808868116462e-20
388313.46341640095 1.2823890902871108e-20
389110.1301742467 1.2763850009487522e-20
389908.4313794727 1.2703685935765425e-20
390708.37038532353 1.2643398428987138e-20
391509.95055192284 1.2582987235916485e-20
392313.175246288 1.2522452102797768e-20
393118.0478423452 1.246179277535461e-20
393924.5717209401 1.246468007238244e-20
394732.7502698567 1.2417605260605554e-20
395542.58688382903 1.2370433869798555e-20
396354.0849645555 1.2323165701819197e-20
397167.2479207134 1.227580055811873e-20
397982.0791679744 1.2228338239740999e-20
398798.58212901506 1.2180778547321807e-20
399616.76023353654 1.2133121281087817e-20
400436.61691827537 1.2085366240855875e-20
401258.1556270193 1.2037513226032126e-20
402081.37981062103 1.1989562035611164e-20
402906.29292701324 1.194151246817523e-20
403732.89844122354 1.1893364321893259e-20
404561.1998253862 1.1845117394520259e-20
405391.2005587614 1.1796771483396178e-20
406222.90412774635 1.1748326385445213e-20
407056.31402589113 1.1699781897174953e-20
407891.43375391327 1.1651137814675478e-20
408728.26681971306 1.1602393933618492e-20
409566.81673838536 1.1553550049256628e-20
410407.0870322387 1.1504605956422334e-20
411249.0812308078 1.1455561449527166e-20
412092.8028708681 1.1406416322560893e-20
412938.2554964512 1.1357170369090646e-20
413785.44265886076 1.1307823382259968e-20
414634.36791668343 1.125837515478818e-20
415485.0348358095 1.1208825478969185e-20
416337.446989444 1.1159174146670813e-20
417191.6079581229 1.110942094933388e-20
418047.5213297282 1.1059565677971322e-20
418905.1906995024 1.1009608123167312e-20
419764.61967006524 1.0959548075076356e-20
420625.8118514248 1.0909385323422559e-20
421488.7708609984 1.0859119657498487e-20
422353.5003236236 1.0808750866164469e-20
423220.00387157506 1.0758278737847653e-20
424088.28514457913 1.0707703060541129e-20
424958.3477898305 1.0657023621802972e-20
425830.19546200393 1.0606240208755573e-20
426703.83182327467 1.0555352608084421e-20
427579.2605433302 1.0504360606037417e-20
428456.4852993873 1.0453263988423933e-20
429335.50977620645 1.040206254061391e-20
430216.337666108 1.0350756047536937e-20
431098.9726689885 1.029934429368132e-20
431983.4184923323 1.0247827063093381e-20
432869.6788512329 1.0196204139376219e-20
433757.757468405 1.0144475305689041e-20
434647.6580742005 1.009264034474617e-20
435539.38440662454 1.0040699038816151e-20
436432.9402113523 9.988651169720776e-21
437328.329241741 9.936496518834365e-21
438225.55525885045 9.88423486708256e-21
439124.62203145627 9.831865994941608e-21
440025.5333360662 9.779389682437362e-21
440928.2929569353 9.726805709144383e-21
441832.90468608297 9.623476448717828e-21
442739.3723233092 9.588347604093415e-21
443647.69967620657 9.553146688873008e-21
444557.8905601825 9.517873555196008e-21
445469.94879847113 9.482528054898499e-21
446383.87822215015 9.447110039512595e-21
447299.68267015746 9.411619360265794e-21
448217.36598930747 9.376055868080364e-21
449136.93203430425 9.340419413572809e-21
450058.3846677631 9.304709847053051e-21
450981.7277602225 9.268927018523959e-21
451906.96519016224 9.233070777680648e-21
452834.10084401903 9.197140973909876e-21
453763.1386162038 9.161137456289367e-21
454694.08240911475 9.125060073587314e-21
455626.936133159 9.088908674261539e-21
456561.7037067652 9.052683106458987e-21
457498.38905640127 9.016383218015066e-21
458436.99611659057 8.980008856453005e-21
459377.52882992855 8.94355986898321e-21
460319.9911471005 8.907036102502576e-21
461264.38702689385 8.87043740359401e-21
462210.7204362208 8.833763618525558e-21
463158.9953501312 8.797014593249899e-21
464109.2157518302 8.760190173403671e-21
465061.3856326948 8.723290204306819e-21
466015.50899229187 8.686314530961906e-21
466971.58983839065 8.649262998053617e-21
467929.63218698587 8.612135449947875e-21
468889.64006231056 8.574931730691339e-21
469851.6174968537 8.537651684010722e-21
470815.5685313776 8.500295153312111e-21
471781.49721493426 8.462861981680342e-21
472749.4076048843 8.425352011878267e-21
473719.30376690894 8.387765086346276e-21
474691.18977503374 8.350101047201386e-21
475665.06971164176 8.31235973623674e-21
476640.9476674913 8.274540994920908e-21
477618.82774173317 8.236644664397214e-21
478598.71404192934 8.198670585483025e-21
479580.6106840657 8.160618598669249e-21
480564.52179257554 8.122488544119428e-21
481550.45150035294 8.084280261669223e-21
482538.40394877095 8.045993590825693e-21
483528.3832876993 8.00762837076664e-21
484520.3936755222 7.96918444033987e-21
485514.43927915266 7.9306616380627e-21
486510.5242740554 7.892059802121015e-21
487508.65284426056 7.853378770368769e-21
488508.8291823822 7.814618380327258e-21
489511.0574896362 7.775778469184426e-21
490515.3419758574 7.7368588737942e-21
491521.6868595186 7.697859430675755e-21
492530.09636774444 7.658779976012986e-21
493540.57473633497 7.619620345653568e-21
494553.1262097791 7.580380375108464e-21
495567.75504127424 7.37968274654274e-21
496584.46549274336 7.352558206779196e-21
497603.2618348542 7.325378018110328e-21
498624.1483470335 7.298142066366487e-21
499647.1293174904 7.270850237143712e-21
500672.2090432311 7.243502415803349e-21
501699.39183007716 7.216098487471567e-21
502728.6819926844 7.188638337038843e-21
503760.0838545603 7.161121849159505e-21
504793.60174808366 7.133548908251205e-21
505829.24001451855 7.105919398494546e-21
506867.00300403876 7.078233203832438e-21
507906.8950757416 7.050490207969714e-21
508948.92059766786 7.022690294372608e-21
509993.08394681965 6.99483334626828e-21
511039.3895091802 6.966919246644286e-21
512087.8416797276 6.938947878248205e-21
513138.44486246014 6.910919123586973e-21
514191.2034704103 6.882832864926512e-21
515246.1219256643 6.854688984291188e-21
516303.2046593808 6.826487363463336e-21
517362.4561118091 6.798227883982754e-21
518423.88073230995 6.769910427146171e-21
519487.4829793686 6.741534874006879e-21
520553.26732062077 6.713101105374046e-21
521621.2382328671 6.684609001812331e-21
522691.40020209237 6.656058443641379e-21
523763.7577234856 6.627449310935271e-21
524838.3153014587 6.598781483522036e-21
525915.0774496618 6.57005484098324e-21
526994.0486910084 6.541269262653307e-21
528075.2335576903 6.512424627619136e-21
529158.6365911976 6.4835208147195535e-21
530244.2623423374 6.454557702544825e-21
531332.1153712549 6.425535169436085e-21
532422.2002474474 6.396453093484967e-21
533514.52154979 6.367311352532911e-21
534609.0838665514 6.3381098241707616e-21
535705.891795413 6.3088483857382275e-21
536804.9499434892 6.2795269143233676e-21
537906.2629273464 6.250145286762076e-21
539009.8353730231 6.220703379637528e-21
540115.6719160458 6.1912010692797875e-21
541223.7772014544 6.1616382317651084e-21
542334.1558838172 6.132014742915533e-21
543446.8126272525 6.10233047829833e-21
544561.7521054469 6.0725853132254925e-21
545678.9790016769 6.042779122753166e-21
546798.4980088242 6.012911781681251e-21
547920.3138294013 5.9829831645527e-21
549044.4311755676 5.952993145653104e-21
550170.8547691498 5.922941599010137e-21
551299.5893416621 5.8928283983930315e-21
552430.6396343262 5.8626534173120325e-21
553564.0103980913 5.832416529017864e-21
554699.706393651 5.802117606501287e-21
555837.7323914688 5.771756522492409e-21
556978.093171795 5.7108128032686585e-21
558120.7935246859 5.688994634579665e-21
559265.8382500262 5.6671317035753015e-21
560413.2321575489 5.6452239184208516e-21
561562.9800668508 5.623271187093254e-21
562715.0868074206 5.60127341738059e-21
563869.5572186537 5.5792305168817735e-21
565026.3961498745 5.5571423930061545e-21
566185.608460356 5.535008952973119e-21
567347.1990193403 5.512830103811706e-21
568511.1727060609 5.490605752360191e-21
569677.5344097578 5.468335805265786e-21
570846.2890297053 5.446020168984113e-21
572017.4414752282 5.4236587497788964e-21
573190.9966657228 5.401251453721558e-21
574366.9595306785 5.378798186690804e-21
575545.3350096991 5.3562988543722336e-21
576726.1280525192 5.333753362257999e-21
577909.3436190312 5.3111616156463075e-21
579094.9866793029 5.288523519641092e-21
580283.062213598 5.265838979151592e-21
581473.5752123985 5.243107898891965e-21
582666.5306764258 5.220330183380851e-21
583861.9336166567 5.197505736941074e-21
585059.7890543526 5.174634463699094e-21
586260.1020210757 5.151716267584694e-21
587462.8775587103 5.1287510523305694e-21
588668.1207194851 5.105738721471906e-21
589875.836565994 5.082679178345979e-21
591086.0301712182 5.0595723260917345e-21
592298.7066185435 5.036418067649464e-21
593513.8710017882 5.013216305760257e-21
594731.5284252199 4.989966942965694e-21
595951.684003578 4.9666698816074085e-21
597174.3428620959 4.943325023826675e-21
598399.5101365227 4.919932271563978e-21
599627.1909731403 4.8964915265586925e-21
600857.3905287927 4.873002690348532e-21
602090.1139709024 4.8494656642692275e-21
603325.3664774934 4.82588034945409e-21
604563.1532372131 4.802246646833589e-21
605803.4794493536 4.778564457134954e-21
607046.3503238757 4.754833680881709e-21
608291.7710814248 4.731054218393371e-21
609539.7469533612 4.70722596978488e-21
610790.2831817758 4.683348834966272e-21
612043.3850195154 4.6594227136422335e-21
613299.0577302026 4.635447505311699e-21
614557.3065882607 4.611423109267374e-21
615818.1368789298 4.587349424595435e-21
617081.5538982976 4.5632263501749436e-21
618347.5629533154 4.5390537846775305e-21
619616.169361823 4.514831626566938e-21
620887.3784525697 4.490559774098596e-21
622161.1955652388 4.46623812531917e-21
623437.6260504648 4.44186657806623e-21
624716.6752698632 4.391407605079264e-21
625998.3485960484 4.372959425146468e-21
627282.6514126572 4.354473396792025e-21
628569.5891143715 4.3359494423658324e-21
629859.1671069406 4.317387484058485e-21
631151.3908072064 4.298787443900919e-21
632446.2656431197 4.280149243764168e-21
633743.7970537707 4.261472805358922e-21
635043.9904894083 4.242758050235267e-21
636346.8514114622 4.2240048997823376e-21
637652.385292567 4.2052132752280006e-21
638960.5976165866 4.1863830976384826e-21
640271.4938786319 4.167514287918132e-21
641585.0795850906 4.1486067668089685e-21
642901.3602536471 4.1296604548904185e-21
644220.3414133053 4.110675272578975e-21
645542.0286044127 4.091651140127851e-21
646866.4273786831 4.072587977626658e-21
648193.5432992221 4.0534857050010354e-21
649523.3819405441 4.034344242012402e-21
650855.9488886045 4.0151635082575036e-21
652191.2497408175 3.995943423168146e-21
653529.2901060808 3.976683906010845e-21
654870.0756047997 3.957384875886478e-21
656213.6118689114 3.938046251729929e-21
657559.904541904 3.918667952309832e-21
658908.9592788471 3.899249896228106e-21
660260.7817464119 3.8797920019196885e-21
661615.3776228946 3.860294187652184e-21
662972.7525982416 3.840756371525507e-21
664332.912374072 3.8211784714715525e-21
665695.8626637051 3.8015604052538195e-21
667061.6091921765 3.78190209046715e-21
668430.1576962714 3.762203444537263e-21
669801.513924544 3.7424643847204906e-21
671175.6836373416 3.722684828103405e-21
672552.6726068301 3.702864691602471e-21
673932.4866170185 3.683003891963683e-21
675315.1314637781 3.663102345762285e-21
676700.6129548756 3.643159969402312e-21
678088.9369099914 3.62317667911631e-21
679480.1091607455 3.6031523909649665e-21
680874.1355507222 3.583087020836761e-21
682271.021935496 3.5629804844475865e-21
683670.7741826505 3.542832697340479e-21
685073.3981718112 3.522643574885141e-21
686478.8997946654 3.502413032277671e-21
687887.2849549875 3.482140984540176e-21
689298.559568664 3.461827346520431e-21
690712.7295637188 3.441472032891504e-21
692129.800880339 3.421074958151389e-21
693549.7794708944 3.400636036622724e-21
694972.6712999712 3.380155182452307e-21
696398.4823443908 3.359632309610825e-21
697827.2185932368 3.339067331892463e-21
699258.8860478803 3.3184601629145446e-21
700693.490722006 3.372294357182502e-21
702131.0386416323 3.3574770710885268e-21
703571.5358451444 3.3426293857414097e-21
705014.988383315 3.3277512387738205e-21
706461.4023193306 3.312842567690474e-21
707910.7837288168 3.29790330986787e-21
709363.1386998637 3.282933402554029e-21
710818.4733330538 3.2679327828682146e-21
712276.7937414806 3.2529013878007276e-21
713738.1060507842 3.2378391542125557e-21
715202.4163991708 3.2227460188351608e-21
716669.7309374389 3.207621918270206e-21
718140.0558290067 3.1924667889892844e-21
719613.3972499389 3.1772805673336387e-21
721089.7613889661 3.1620631895139546e-21
722569.1544475207 3.1468145916100016e-21
724051.582639756 3.1315347095704268e-21
725537.0521925748 3.1162234792124648e-21
727025.5693456547 3.100880836221676e-21
728517.1403514764 3.0855067161516575e-21
730011.7714753437 3.070101054423832e-21
731509.4689954186 3.0546637863270867e-21
733010.2392027423 3.0391948470175628e-21
734514.0884012625 3.0236941715183677e-21
736021.0229078601 3.0081616947193003e-21
737531.0490523761 2.9925973513765803e-21
739044.1731776388 2.9770010761125574e-21
740560.4016394855 2.9613728034154964e-21
742079.7408067972 2.945712467639216e-21
743602.1970615204 2.9300200030028635e-21
745127.7767986945 2.9142953435906346e-21
746656.486426479 2.898538423351491e-21
748188.3323661821 2.882749176098865e-21
749723.3210522812 2.8669275355104525e-21
751261.4589324595 2.851073435127831e-21
752802.7524676268 2.835186808356245e-21
754347.2081319483 2.8192675884643196e-21
755894.8324128711 2.8033157085837667e-21
757445.6318111524 2.7873311017091135e-21
758999.6128408879 2.7713137006974047e-21
760556.7820295331 2.7552634382679767e-21
762117.1459179395 2.7391802470020886e-21
763680.7110603771 2.723064059342697e-21
765247.4840245619 2.706914807594159e-21
766817.4713916846 2.6907324239219442e-21
768390.6797564396 2.674516840352339e-21
769967.1157270463 2.658267988772223e-21
771546.7859252857 2.6419858009286845e-21
773129.6969865236 2.625670208428799e-21
774715.8555597379 2.6093211427393292e-21
776305.2683075484 2.5929385351864335e-21
777897.9419062433 2.576522316955377e-21
779493.88304581 2.5600724190902295e-21
781093.0984299564 2.5435887724936385e-21
782695.5947761482 2.5270713079264413e-21
784301.3788156313 2.5105199560074414e-21
785910.4572934613 2.446629689016107e-21
787522.8369685323 2.4367029826667724e-21
789138.5246136063 2.426755910613664e-21
790757.5270153357 2.4167884310743748e-21
792379.8509743015 2.4068005021807452e-21
794005.5033050347 2.3967920819787303e-21
795634.4908360473 2.386763128428209e-21
797266.820409861 2.376713599402814e-21
798902.4988830367 2.3666434526897408e-21
800541.5331261979 2.3565526459896076e-21
802183.9300240685 2.3464411369162253e-21
803829.6964754957 2.3363088829964487e-21
805478.8393934801 2.326155841670003e-21
807131.365705206 2.3159819702892892e-21
808787.282352068 2.305787226119215e-21
810446.596289705 2.2955715663370022e-21
812109.31448802 2.285334948032048e-21
813775.4439312211 2.2750773282056813e-21
815444.9916178435 2.2647986637710287e-21
817117.9645607802 2.254498911552815e-21
818794.3697873126 2.2441780282871883e-21
820474.2143391403 2.2338359706215273e-21
822157.5052724053 2.223472695114297e-21
823844.2496577308 2.2130881582348075e-21
825534.4545802441 2.202682316363071e-21
827228.1271396093 2.192255125789608e-21
828925.2744500552 2.181806542715266e-21
830625.9036404068 2.171336523251033e-21
832330.0218541163 2.1608450234178422e-21
834037.6362492864 2.150331999146433e-21
835748.7539987101 2.1397974062770977e-21
837463.3822898951 2.1292412005595427e-21
839181.5283250943 2.1186633376526903e-21
840903.1993213374 2.1080637731244908e-21
842628.4025104622 2.0974424624517276e-21
844357.1451391382 2.0867993610198723e-21
846089.4344689072 2.0761344241228324e-21
847825.2777762072 2.0654476069628073e-21
849564.6823524047 2.0547388646500872e-21
851307.6555038253 2.044008152202869e-21
853054.2045517839 2.033255424547063e-21
854804.3368326182 2.0224806365160936e-21
856558.0596977114 2.011683742850756e-21
858315.3805135345 2.0008646981989557e-21
860076.3066616695 1.990023457115566e-21
861840.8455388428 1.9791599740622254e-21
863609.0045569559 1.9682742034071456e-21
865380.7911431184 1.957366099424906e-21
867156.2127396717 1.9464356162963106e-21
868935.276804232 1.935482708108129e-21
870717.9908097134 1.9245073288529423e-21
872504.3622443613 1.9135094324289443e-21
874294.3986117847 1.9024889726397455e-21
876088.1074309881 1.8914459031941696e-21
877885.4962363971 1.8803801777061013e-21
879686.5725779001 1.8692917496942263e-21
881491.3440208737 1.8722266950936973e-21
883299.8181462166 1.8633049535285795e-21
885112.0025503739 1.8543649080528604e-21
886927.9048453881 1.845406521114065e-21
888747.5326589047 1.836429755082748e-21
890570.8936342315 1.8274345722521933e-21
892397.9954303434 1.8184209348383977e-21
894228.8457219437 1.809388804979763e-21
896063.4521994694 1.800338144737073e-21
897901.8225691353 1.791268916093275e-21
899743.9645529777 1.782181080953262e-21
901589.8858888608 1.7730746011438475e-21
903439.594330538 1.763949438413454e-21
905293.0976476602 1.7548055544320805e-21
907150.4036258176 1.7456429107910894e-21
909011.5200665854 1.73646146900299e-21
910876.454787529 1.7272611905014002e-21
912745.2156222678 1.7180420366407443e-21
914617.810420477 1.708803968696234e-21
916494.2470479524 1.699546947863558e-21
918374.5333866152 1.6902709352588487e-21
920258.6773345572 1.6809758919184687e-21
922146.6868060858 1.6716617787987806e-21
924038.5697317299 1.662328556776124e-21
925934.3340583042 1.6529761866464948e-21
927833.9877489117 1.6436046291255336e-21
929737.5387830077 1.6342138448482103e-21
931644.9951564071 1.6248037943687871e-21
933556.3648813289 1.6153744381606035e-21
935471.6559864419 1.6059257366158434e-21
937390.8765168703 1.5964576500455133e-21
939314.0345342599 1.5869701386791116e-21
941241.1381167802 1.577463162664623e-21
943172.1953591895 1.5679366820681934e-21
945107.2143728414 1.5583906568740996e-21
947046.2032857311 1.5488250469845193e-21
948989.1702425411 1.5392398122193084e-21
950936.1234046476 1.5296349123159667e-21
952887.0709501862 1.5200103069293145e-21
954842.0210740601 1.5103659556314555e-21
956800.9819879839 1.5007018179115522e-21
958763.9619205322 1.4910178531755972e-21
960730.9691171452 1.481314020746378e-21
962702.0118401954 1.4715902798631488e-21
964677.0983689906 1.461846589681619e-21
966656.23699984 1.4520829092736219e-21
968639.4360460625 1.4422991976270814e-21
970626.703838032 1.4324954136457808e-21
972618.0487232252 1.4226715161491308e-21
974613.4790662284 1.4128274638721366e-21
976613.0032488051 1.4029632154650605e-21
978616.6296698985 1.393078729493414e-21
980624.3667456994 1.3831739644376227e-21
982636.2229096533 1.3732488786929854e-21
984652.2066125076 1.36330343056945e-21
986672.3263223597 1.3533375782913684e-21
988696.5905246638 1.3433512799974684e-21
990725.0077222992 1.389220257496996e-21
992757.5864355776 1.3828902947697533e-21
994794.3352022909 1.3765473454444316e-21
996835.2625777599 1.3701913828776043e-21
998880.3771348405 1.3638223803712364e-21
1000929.6874639937 1.3574403111724647e-21
1002983.2021732883 1.351045148473593e-21
1005040.9298884694 1.3446368654118752e-21
1007102.8792529668 1.338215435069491e-21
1009169.0589279436 1.3317808304733949e-21
1011239.4775923433 1.3253330245951661e-21
1013314.1439429006 1.3188719903509826e-21
1015393.066694207 1.3123977006014055e-21
1017476.2545787179 1.305910128151369e-21
1019563.7163468199 1.2994092457499602e-21
1021655.4607668399 1.2928950260903984e-21
1023751.4966250942 1.28636744180988e-21
1025851.8327259371 1.2798264654894237e-21
1027956.4778917697 1.2732720696538484e-21
1030065.4409631097 1.2667042267715517e-21
1032178.7307985956 1.2601229092545002e-21
1034296.3562750567 1.2535280894580073e-21
1036418.3262875217 1.246919739680711e-21
1038544.6497492688 1.2402978321644163e-21
1040675.3355918748 1.2336623390939384e-21
1042810.3927652235 1.2270132325970834e-21
1044949.8302375785 1.2203504847444163e-21
1047093.6569955884 1.2136740675492465e-21
1049241.8820443403 1.2069839529674624e-21
1051394.5144074077 1.2002801128973796e-21
1053551.5631268614 1.1935625191797108e-21
1055713.0372633382 1.1868311435973451e-21
1057878.9458960483 1.1800859578753345e-21
1060049.2981228456 1.1733269336806676e-21
1062224.1030602355 1.1665540426222465e-21
1064403.3698434278 1.159767256250724e-21
1066587.1076263867 1.152966546058346e-21
1068775.3255818398 1.1461518834789286e-21
1070968.0329013502 1.1393232398876228e-21
1073165.238795322 1.1324805866009093e-21
1075366.952493072 1.1256238948763669e-21
1077573.183242839 1.1187531359126479e-21
1079783.9403118365 1.111868280849313e-21
1081999.232986303 1.1049693007666734e-21
1084219.0705715104 1.0980561666857643e-21
1086443.4623918408 1.0911288495681092e-21
1088672.4177907915 1.0841873203157013e-21
1090905.9461310296 1.0772315497708332e-21
1093144.056794444 1.0702615087159374e-21
1095386.759182154 1.0632771678735582e-21
1097634.0627145837 1.0562784979061182e-21
1099885.9768314662 1.0492654694159072e-21
1102142.5109919198 1.0422380529448464e-21
1104403.6746744553 1.035196218974462e-21
1106669.4773770296 1.0281399379257212e-21
1108939.9286170995 1.0210691801588627e-21
1111215.03793163 9.784259202707015e-22
1113494.8148771692 9.740400935319266e-22
1115779.2690298548 9.696452687987622e-22
1118068.4099854883 9.652414276108401e-22
1120362.2473595445 9.608285514699434e-22
1122660.7907872254 9.564066218399051e-22
1124964.0499235142 9.519756201465031e-22
1127272.0344431845 9.47535527777443e-22
1129584.754040877 9.430863260822093e-22
1131902.2184311028 9.386279963720603e-22
1134224.4373483227 9.341605199198747e-22
1136551.4205469547 9.296838779601387e-22
1138883.1778014288 9.251980516888387e-22
1141219.7189062426 9.20703022263355e-22
1143561.0536759691 9.161987708024471e-22
1145907.1919453358 9.116852783861011e-22
1148258.1435692331 9.071625260555145e-22
1150613.9184227707 9.026304948129871e-22
1152974.5264013305 8.980891656218178e-22
1155339.977420578 8.93538519406285e-22
1157710.281416541 8.889785370514935e-22
1160085.4483456123 8.844091994033702e-22
1162465.488184631 8.798304872685093e-22
1164850.4109308904 8.752423814141523e-22
1167240.226602194 8.706448625680856e-22
1169634.945236912 8.66037911418527e-22
1172034.576893991 8.614215086141124e-22
1174439.1316530334 8.56795634763738e-22
1176848.6196143015 8.521602704365553e-22
1179263.0508987992 8.475153961618138e-22
1181682.4356482802 8.428609924288435e-22
1184106.7840253045 8.381970396869481e-22
1186536.1062132965 8.335235183452916e-22
1188970.4124165536 8.2884040877288315e-22
1191409.7128603284 8.2414769129841935e-22
1193854.0177908363 8.194453462102664e-22
1196303.337475314 8.147333537563515e-22
1198757.682202078 8.100116941440489e-22
1201217.0622805313 8.052803475401644e-22
1203681.488041249 8.005392940707756e-22
1206150.96983598 7.957885138212253e-22
1208625.5180377308 7.9102798683596e-22
1211105.1430407742 7.862576931185147e-22
1213589.8552607081 7.814776126313997e-22
1216079.665134514 7.766877252959874e-22
1218574.5831205663 7.718880109924944e-22
1221074.6196987156 7.670784495598219e-22
1223579.7853702928 7.622590207955462e-22
1226090.0906581942 7.57429704455758e-22
1228605.5461068894 7.525904802550443e-22
1231126.1622824804 7.477413278663742e-22
1233651.9497727635 7.428822269209851e-22
1236182.9191872352 7.380131570083644e-22
1238719.0811571798 7.331340976760862e-22
1241260.4463356717 7.282450284298032e-22
1243807.0253976625 7.2334592873308215e-22
1246358.8290399888 7.2567855764357115e-22
1248915.8679814327 7.221493534811327e-22
1251478.1529627827 7.186129087774678e-22
1254045.6947468424 7.150692086778434e-22
1256618.5041185175 7.115182382970212e-22
1259196.5918848242 7.079599827192458e-22
1261779.9688749507 7.043944269981606e-22
1264368.6459403178 7.008215561567244e-22
1266962.6339545883 6.972413551871957e-22
1269561.9438137547 6.936538090510168e-22
1272166.5864361422 6.900589026788028e-22
1274776.5727624982 6.864566209702256e-22
1277391.9137559994 6.828469487939979e-22
1280012.6204023154 6.79229870987789e-22
1282638.703709669 6.756053723581396e-22
1285270.1747088474 6.719734376804488e-22
1287907.0444532894 6.683340516988504e-22
1290549.3240190893 6.646871991262094e-22
1293197.0245050876 6.61032864643998e-22
1295850.1570328786 6.573710329022831e-22
1298508.7327468737 6.537016885196386e-22
1301172.7628143646 6.500248160830613e-22
1303842.2584255324 6.463404001479544e-22
1306517.2307935373 6.426484252380066e-22
1309197.6911545284 6.389488758451764e-22
1311883.6507677075 6.352417364296069e-22
1314575.1209153912 6.315269914195364e-22
1317272.1129030222 6.278046252112862e-22
1319974.6380592582 6.240746221691354e-22
1322682.7077359785 6.203369666253143e-22
1325396.3333083726 6.16591642879879e-22
1328115.5261749516 6.128386352006983e-22
1330840.2977576116 6.090779278233643e-22
1333570.6595016983 6.053095049511051e-22
1336306.6228760176 6.015333507547696e-22
1339048.1993729258 5.977494493727016e-22
1341795.4005083358 5.939577849107321e-22
1344548.237821808 5.9015834144205485e-22
1347306.7228765616 5.8635110300721e-22
1350070.8672595383 5.825360536139949e-22
1352840.682581469 5.787131772373747e-22
1355616.1804768825 5.748824578194685e-22
1358397.372604199 5.710438792694192e-22
1361184.2706457416 5.671974254633811e-22
1363976.8863078 5.633430802444295e-22
1366775.2313206978 5.594808274224676e-22
1369579.3174388024 5.556106507742142e-22
1372389.156440618 5.517325340430741e-22
1375204.7601287928 5.478464609391299e-22
1378026.14033021 5.4395241513901335e-22
1380853.3088960021 5.400503802858901e-22
1383686.2777016135 5.361403399893678e-22
1386525.0586468705 5.322222778254044e-22
1389369.6636559903 5.282961773362935e-22
1392220.1046776762 5.24362022030532e-22
1395076.3936851237 5.204197953828151e-22
1397938.5426761142 5.280342280696292e-22
1400806.5636730278 5.254279097298233e-22
1403680.468722909 5.228162442481456e-22
1406560.2698975357 5.201992206543499e-22
1409445.9792934295 5.175768279557044e-22
1412337.6090319518 5.149490551369038e-22
1415235.1712593096 5.123158911600646e-22
1418138.6781466524 5.096773249646364e-22
1421048.1418900827 5.070333454673933e-22
1423963.5747107242 5.043839415623706e-22
1426884.988854791 5.01729102120803e-22
1429812.396593599 4.990688159911145e-22
1432745.8102236628 4.964030719988286e-22
1435685.2420667075 4.937318589465599e-22
1438630.7044697367 4.9105516561395e-22
1441582.2098051035 4.883729807576048e-22
1444539.7704705207 4.856852931110845e-22
1447503.39888916 4.829920913848134e-22
1450473.1075096566 4.802933642660758e-22
1453448.908806209 4.775891004189251e-22
1456430.8152785902 4.74879288484174e-22
1459418.8394522183 4.721639170793304e-22
1462412.9938782258 4.694429747985341e-22
1465413.2911334713 4.667164502125454e-22
1468419.7438206414 4.639843318686553e-22
1471432.3645682528 4.612466082906799e-22
1474451.1660307555 4.585032679788686e-22
1477476.1608885443 4.557542994098947e-22
1480507.361848028 4.529996910367895e-22
1483544.7816417024 4.502394312888786e-22
1486588.4330281622 4.474735085717709e-22
1489638.3287922004 4.447019112672661e-22
1492694.4817448219 4.4192462773334455e-22
1495756.9047233148 4.391416463041017e-22
1498825.6105913229 4.36352955289682e-22
1501900.612238856 4.335585429762704e-22
1504981.922582394 4.307583976259961e-22
1508069.5545648916 4.279525074769299e-22
1511163.5211558824 4.25140860742989e-22
1514263.8353514893 4.223234456139275e-22
1517370.5101744984 4.195002502552688e-22
1520483.5586744326 4.1667126280823995e-22
1523602.9939275612 4.138364713897617e-22
1526728.829037007 4.109958640923517e-22
1529861.0771327496 4.081494289841215e-22
1532999.7513717317 4.0529715410868003e-22
1536144.8649378691 4.024390274851239e-22
1539296.4310421273 3.9957503710796927e-22
1542454.4629225929 3.9670517094708436e-22
1545618.9738444877 3.9382941694768006e-22
1548789.9771002731 3.909477630302116e-22
1551967.4860096565 3.8806019709037553e-22
1555151.5139196974 3.851667069990113e-22
1558342.0742048193 3.8226728060209243e-22
1561539.1802668844 3.7936190572065597e-22
1564742.8455352697 3.764505701507362e-22
1567953.0834668782 3.7627805194045887e-22
1571169.9075462471 3.7438356805639466e-22
1574393.3312855589 3.724851974352588e-22
1577623.3682247181 3.7058293210299666e-22
1580860.0319314275 3.6867676406918265e-22
1584103.336001199 3.6676668532701303e-22
1587353.2940574628 3.648526878532423e-22
1590609.919751574 3.6293476360817957e-22
1593873.2267629204 3.6101290453562426e-22
1597143.2287989352 3.5908710256285897e-22
1600419.9395951736 3.571573496006049e-22
1603703.3729153904 3.552236375429748e-22
1606993.5425515522 3.532859582674676e-22
1610290.4623239473 3.513443036349019e-22
1613594.1460811922 3.493986654894138e-22
1616904.6077003404 3.4744903565839108e-22
1620221.8610868973 3.4549540595246617e-22
1623545.920174896 3.4353776816547022e-22
1626876.798926977 3.415761140743869e-22
1630214.5113344 3.3961043543934514e-22
1633559.0714171557 3.376407240035527e-22
1636910.4932239784 3.356669714932903e-22
1640268.7908324252 3.336891696178633e-22
1643633.978348955 3.317073100695568e-22
1647006.06990894 3.297213845236271e-22
1650385.0796767802 3.277313846382357e-22
1653771.0218459081 3.257373020544454e-22
1657163.910638903 3.237391283961545e-22
1660563.7603075022 3.217368552700884e-22
1663970.585132683 3.1973047426575297e-22
1667384.3994247413 3.1771997695538665e-22
1670805.2175233054 3.1570535489395386e-22
1674233.0537974497 3.1368659961907694e-22
1677667.9226457009 3.11663702651033e-22
1681109.838496154 3.096366554926855e-22
1684558.8158064834 3.0760544962947767e-22
1688014.869064025 3.0557007652938413e-22
1691478.0127858585 3.0353052764286283e-22
1694948.2615188186 3.0148679440284785e-22
1698425.629839612 2.9943886822468057e-22
1701910.1323548236 2.973867405061063e-22
1705401.7837010336 2.9533040262720574e-22
1708900.5985448284 2.932698459503873e-22
1712406.591582886 2.91205061820338e-22
1715919.7775420565 2.8913604156397543e-22
1719440.1711793754 2.8706277649044e-22
1722967.7872821824 2.8498525789102544e-22
1726502.640668134 2.8290347703917082e-22
1730044.7461852864 2.808174251904118e-22
1733594.1187121791 2.7872709358233145e-22
1737150.7731578492 2.7663247343455216e-22
1740714.7244619485 2.7453355594866666e-22
1744285.9875947514 2.72430332308232e-22
1747864.5775572737 2.703227936787019e-22
1751450.5093812859 2.6821093120741716e-22
1755043.7981293981 2.6609473602355644e-22
1758644.4588951438 2.651937078053553e-22
1762252.506802995 2.638518150013802e-22
1765867.9570084806 2.625071691602554e-22
1769490.824698194 2.61159764633835e-22
1773121.125089916 2.5980959576237433e-22
1776758.8734326249 2.5845665687452556e-22
1780404.0850065844 2.571009422873054e-22
1784056.775123429 2.5574244630606336e-22
1787716.9591261784 2.5438116322447616e-22
1791384.6523893578 2.530170873245031e-22
1795059.8703190146 2.5165021287637985e-22
1798742.628352802 2.502805341385873e-22
1802432.941960068 2.489080453578187e-22
1806130.8266418676 2.475327407689747e-22
1809836.2979310886 2.4615461459511713e-22
1813549.371392455 2.4477366104746713e-22
1817270.0626226547 2.43389874325358e-22
1820998.38725035 2.4200324861623127e-22
1824734.3609362682 2.40613778095603e-22
1828477.9993732888 2.3922145692703124e-22
1832229.3182864564 2.378262792621113e-22
1835988.3334331068 2.364282392404289e-22
1839755.060602875 2.3502733098955726e-22
1843529.5156178186 2.336235486250107e-22
1847311.7143324346 2.322168862502394e-22
1851101.6726337462 2.3080733795659584e-22
1854899.4064413942 2.2939489782330207e-22
1858704.9317076493 2.2797955991744425e-22
1862518.2644175405 2.2656131829392513e-22
1866339.420588861 2.2514016699546198e-22
1870168.4162722975 2.2371610005253857e-22
1874005.2675514428 2.2228911148340013e-22
1877849.990542887 2.208591952940196e-22
1881702.6013963092 2.194263454780641e-22
1885563.1162944888 2.179905560168897e-22
1889431.551453438 2.1655182087949242e-22
1893307.9231224137 2.151101340225047e-22
1897192.2475840112 2.1366548939015933e-22
1901084.541154254 2.12217880914257e-22
1904984.8201826077 2.1076730251416036e-22
1908893.1010521129 2.093137480967453e-22
1912809.4001793903 2.0785721155639846e-22
1916733.7340147719 2.0639768677496874e-22
1920666.1190423162 2.0493516762176163e-22
1924606.5717799012 2.0346964795350494e-22
1928555.1087793142 2.0200112161431408e-22
1932511.7466262714 2.005295824356868e-22
1936476.5019405475 1.990550242364534e-22
1940449.3913759813 1.9757744082277516e-22
1944430.4316206123 1.9609682598809388e-22
1948419.6393966924 1.9461317351312683e-22
1952417.031460781 1.9312647716583186e-22
1956422.62460384 1.916367307013722e-22
1960436.4356512467 1.90143927862111e-22
1964458.4814629303 1.886480623775613e-22
1968488.7789333866 1.8714912796438027e-22
1972527.34499177 1.8564711832633456e-22
1976574.1966019939 1.8687471526254854e-22
1980629.3507627402 1.8595610598251302e-22
1984692.8245075992 1.8503561207691966e-22
1988764.6349050745 1.8411322967926068e-22
1992844.7990587202 1.8318895491508806e-22
1996933.334107156 1.822627839020106e-22
2001030.2572241623 1.81334712749672e-22
2005135.5856187798 1.8040473755972876e-22
2009249.3365353202 1.794728544258472e-22
2013371.5272535095 1.7853905943367165e-22
2017502.1750884887 1.7760334866082333e-22
2021641.297390958 1.7666571817686887e-22
2025788.911547189 1.7572616404331662e-22
2029945.0349791234 1.7478468231359473e-22
2034109.6851444703 1.7384126903302903e-22
2038282.8795367214 1.7289592023883953e-22
2042464.6356852928 1.719486319601082e-22
2046654.971155538 1.7099940021777635e-22
2050853.9035488483 1.700482210246216e-22
2055061.4505027512 1.6909509038523569e-22
2059277.6296909256 1.6814000429602101e-22
2063502.4588233433 1.6718295874515862e-22
2067735.955646277 1.662239497126062e-22
2071978.1379424417 1.652629731700665e-22
2076229.0235310087 1.6430002508098351e-22
2080488.630267709 1.6333510140051987e-22
2084756.976044931 1.6236819807553378e-22
2089034.078791738 1.6139931104457582e-22
2093319.956474009 1.604284362378565e-22
2097614.6270944504 1.5945556957724414e-22
2101918.1086927354 1.5848070697623278e-22
2106230.419345522 1.5750384433993864e-22
2110551.577166555 1.5652497756507625e-22
2114881.6003067675 1.5554410253993637e-22
2119220.5069542965 1.545612151443819e-22
2123568.3153346274 1.5357631124981498e-22
2127925.0437106034 1.5258938671917532e-22
2132290.710382571 1.516004374069072e-22
2136665.333688395 1.5060945915895562e-22
2141048.9320035633 1.496164478127432e-22
2145441.5237412876 1.4862139919714663e-22
2149843.1273525227 1.476243091324931e-22
2154253.7613261114 1.4662517343052666e-22
2158673.4441888044 1.4562398789440477e-22
2163102.194505359 1.4462074831867468e-22
2167540.030878648 1.4361545048924944e-22
2171986.971949675 1.4260809018340477e-22
2176443.0363977225 1.4159866316974474e-22
2180908.24294036 1.4058716520820056e-22
2185382.610333594 1.3957359204999617e-22
2189866.1573718833 1.38557939437645e-22
2194358.902888247 1.3754020310492554e-22
2198860.8657543687 1.3652037877685775e-22
2203372.064880612 1.3549846216969893e-22
2207892.5192161743 1.3447444899091013e-22
2212422.2477490935 1.3344833493915337e-22
2216961.269506399 1.330790308424348e-22
2221509.6035541296 1.3243755296360845e-22
2226067.268997439 1.317947590240487e-22
2230634.284980706 1.3115064632371302e-22
2235210.6706875484 1.305052121570248e-22
2239796.4453409784 1.298584538128513e-22
2244391.628203419 1.2921036857450157e-22
2248996.2385768113 1.2856095371971107e-22
2253610.295802725 1.2791020652062628e-22
2258233.8192623733 1.2725812424380247e-22
2262866.8283767696 1.2660470415018178e-22
2267509.342606735 1.2594994349509195e-22
2272161.3814530526 1.2529383952822464e-22
2276822.9644564856 1.2463638949363283e-22
2281494.1111978884 1.2397759062971543e-22
2286174.8412983147 1.233174401692015e-22
2290865.1744190357 1.2265593533914836e-22
2295565.1302616964 1.219930733609187e-22
2300274.7285683258 1.213288514501801e-22
2304993.9891214934 1.2066326681688225e-22
2309722.931744325 1.1999631666525493e-22
2314461.5763006164 1.1932799819379201e-22
2319209.9426949443 1.1865830859523578e-22
2323968.0508726854 1.1798724505657448e-22
2328735.920820172 1.1731480475901987e-22
2333513.572564705 1.1664098487800579e-22
2338301.0261747087 1.1596578258316618e-22
2343098.301759754 1.1528919503833184e-22
2347905.419470666 1.146112194015152e-22
2352722.399499644 1.139318528248937e-22
2357549.2620802713 1.132510924548078e-22
2362386.0274876836 1.1256893543173787e-22
2367232.7160385833 1.118853788903016e-22
2372089.348091355 1.1120041995923832e-22
2376955.9440461793 1.105140557613924e-22
2381832.524345052 1.0982628341371095e-22
2386719.109471946 1.0913710002722047e-22
2391615.719952821 1.0844650270702633e-22
2396522.376355786 1.0775448855228887e-22
2401439.0992911183 1.0706105465622137e-22
2406365.9094113815 1.0636619810607337e-22
2411302.8274115366 1.0566991598311459e-22
2416249.8740289663 1.0497220536263212e-22
2421207.0700436337 1.042730633139072e-22
2426174.4362780987 1.0357248690021387e-22
2431151.9935976784 1.0287047317879556e-22
2436139.762910469 1.0216701920086258e-22
2441137.7651674594 1.0146212201157558e-22
2446146.0213626535 1.0075577865002864e-22
2451164.5525330873 1.0004798614924693e-22
2456193.3797589946 9.933874153616287e-23
2461232.524163829 9.862804183161377e-23
2466282.0069143805 9.791588405032449e-23
2471341.849220895 9.720226520089127e-23
2476412.0723370947 9.64871822857789e-23
2481492.697560344 9.577063230129657e-23
2486583.7462316626 9.557323770845994e-23
2491685.2397358934 9.514459140421241e-23
2496797.199501723 9.471506568605414e-23
2501919.6470017987 9.428465874977395e-23
2507052.6037528557 9.385336878745645e-23
2512196.0913157286 9.342119398748074e-23
2517350.13129553 9.298813253450557e-23
2522514.7453416544 9.255418260946895e-23
2527689.9551479556 9.211934238957321e-23
2532875.7824527626 9.168361004828382e-23
2538072.2490390027 9.124698375531885e-23
2543279.3767343247 9.080946167663866e-23
2548497.1874111183 9.037104197444443e-23
2553725.702986687 8.993172280716348e-23
2558964.9454232594 8.94915023294483e-23
2564214.9367281636 8.905037869216202e-23
2569475.6989538455 8.860835004237682e-23
2574747.2541979956 8.816541452336315e-23
2580029.624603671 8.772157027457969e-23
2585322.832359316 8.727681543167154e-23
2590626.899698937 8.683114812645533e-23
2595941.8489021272 8.638456648691759e-23
2601267.702294187 8.593706863720415e-23
2606604.4822462522 8.548865269760969e-23
2611952.211175312 8.503931678457608e-23
2617310.9115443886 8.458905901067721e-23
2622680.6058625486 8.41378774846184e-23
2628061.3166850805 8.368577031122107e-23
2633453.0666135144 8.323273559142125e-23
2638855.8782957504 8.277877142225884e-23
2644269.774426186 8.232387589686686e-23
2649694.7777457344 8.186804710446983e-23
2655130.911042009 8.141128313036848e-23
2660578.1971493294 8.095358205593899e-23
2666036.6589489067 8.04949419586176e-23
2671506.319368863 8.003536091189892e-23
2676987.2013843586 7.957483698532519e-23
2682479.3280177237 7.911336824447535e-23
2687982.7223384767 7.865095275096329e-23
2693497.4074635105 7.818758856242247e-23
2699023.406557111 7.772327373250407e-23
2704560.7428310886 7.725800631086618e-23
2710109.4395449073 7.67917843431628e-23
2715669.5200057076 7.632460587104202e-23
2721241.0075684898 7.585646893213055e-23
2726823.925636127 7.538737156003263e-23
2732418.297659549 7.491731178431468e-23
2738024.1471377644 7.44462876305033e-23
2743641.497617993 7.397429712007417e-23
2749270.372695797 7.35013382704411e-23
2754910.7960151043 7.302740909495419e-23
2760562.791268393 7.255250760288376e-23
2766226.3821967063 7.207663179942e-23
2771901.592589839 7.159977968565653e-23
2777588.446286359 7.112194925858887e-23
2783286.967173742 7.064313851110323e-23
2788997.1791885053 7.097217045456327e-23
2794719.1063162293 7.069009013359983e-23
2800452.7725917483 7.040743109457444e-23
2806198.2020991617 7.012419215018602e-23
2811955.418972025 6.984037211069534e-23
2817724.447393373 6.955596978392392e-23
2823505.3115958543 6.927098397524748e-23
2829298.0358618665 6.89854134875892e-23
2835102.6445235806 6.869925712141839e-23
2840919.161963133 6.841251367474134e-23
2846747.6126126493 6.812518194309989e-23
2852588.0209543784 6.783726071956487e-23
2858440.411520833 6.754874879472922e-23
2864304.8088948107 6.725964495670694e-23
2870181.2377095884 6.696994799112345e-23
2876069.722648936 6.667965668111506e-23
2881970.2884473107 6.638876980731917e-23
2887882.9598898795 6.609728614787337e-23
2893807.7618126604 6.580520447840831e-23
2899744.7191026583 6.551252357204123e-23
2905693.85669789 6.521924219937433e-23
2911655.199587585 6.492535912848539e-23
2917628.7728121895 6.46308731249271e-23
2923614.6014635735 6.43357829517172e-23
2929612.7106850483 6.404008736933735e-23
2935623.1256715097 6.374378513572623e-23
2941645.8716695798 6.344687500627257e-23
2947680.973977629 6.314935573381392e-23
2953728.4579459773 6.285122606862689e-23
2959788.348976919 6.255248475842578e-23
2965860.672524861 6.225313054835584e-23
2971945.454096473 6.195316218098599e-23
2978042.7192507023 6.165257839630775e-23
2984152.4935989836 6.135137793172529e-23
2990274.8028052473 6.104955952205476e-23
2996409.672586124 6.074712189951428e-23
3002557.12871097 6.044406379372276e-23
3008717.197002007 6.014038393169283e-23
3014889.9033344737 5.983608103782357e-23
3021075.2736366442 5.953115383389953e-23
3027273.333890037 5.922560103908034e-23
3033484.110129424 5.891942136990038e-23
3039707.6284430395 5.861261354025836e-23
3045943.9149726056 5.830517626141629e-23
3052192.9959134758 5.799710824199217e-23
3058454.8975147833 5.768840818795269e-23
3064729.646079463 5.737907480261231e-23
3071017.2679644655 5.706910678662259e-23
3077317.7895807773 5.675850283797123e-23
3083631.2373935687 5.644726165197475e-23
3089957.637922345 5.61353819212711e-23
3096297.0177409686 5.582286233581844e-23
3102649.4034778713 5.550970158288486e-23
3109014.8218160644 5.51958983470477e-23
3115393.2994933547 5.488145131018306e-23
3121784.8633023663 5.456635915146458e-23
3128189.5400906894 5.477121482053585e-23
3134607.356761035 5.461390215127113e-23
3141038.340271256 5.445626673817731e-23
3147482.517634563 5.429830791911019e-23
3153939.915919537 5.414002503056826e-23
3160410.5622503445 5.398141740768763e-23
3166894.4838067596 5.382248438424123e-23
3173391.70782432 5.366322529263518e-23
3179902.2615944794 5.350363946390503e-23
3186426.1724646306 5.33437262277151e-23
3192963.467838323 5.318348491235324e-23
3199514.1751752775 5.302291484473041e-23
3206078.3219916024 5.286201535037542e-23
3212655.9358598194 5.270078575343431e-23
3219247.044409017 5.2539225376666455e-23
3225851.6753250104 5.2377333541440937e-23
3232469.856350359 5.221510956773577e-23
3239101.6152845933 5.205255277413256e-23
3245746.979984238 5.18896624778159e-23
3252405.978362968 5.172643799456946e-23
3259078.638391767 5.156287863877224e-23
3265764.9880989487 5.1398983723397923e-23
3272465.0555703864 5.123475256000933e-23
3279178.8689495185 5.1070184458758215e-23
3285906.456437576 5.090527872837975e-23
3292647.846293611 5.074003467619185e-23
3299403.066834648 5.0574451608091347e-23
3306172.14643585 5.040852882855e-23
3312955.113530539 5.0242265640614034e-23
3319751.9966104263 5.007566134589836e-23
3326562.824225622 4.990871524458652e-23
3333387.624984865 4.97414266354249e-23
3340226.4275555466 4.957379481572219e-23
3347079.260663873 4.940581908134547e-23
3353946.153095024 4.923749872671621e-23
3360827.1336931842 4.9068833044809616e-23
3367722.2313617673 4.8899821327149047e-23
3374631.4750634455 4.8730462863805315e-23
3381554.89382031 4.856075694339279e-23
3388492.5167140365 4.8390702853065305e-23
3395444.372885909 4.822029987851559e-23
3402410.4915370517 4.804954730396952e-23
3409390.901928447 4.787844441218585e-23
3416385.63338116 4.770699048445049e-23
3423394.7152763726 4.753518480057584e-23
3430418.1770555433 4.7363026638896736e-23
3437456.0482205767 4.7190515276266456e-23
3444508.3583338466 4.7017649988056007e-23
3451575.137018433 4.6844430048148403e-23
3458656.4139581355 4.667085472893826e-23
3465752.218897709 4.649692330132615e-23
3472862.5816428913 4.6322635034717737e-23
3479987.532060568 4.614798919701991e-23
3487127.100078945 4.597298505463647e-23
3494281.3156875703 4.57976218724676e-23
3501450.2089375765 4.562189891390394e-23
3508633.8099416923 4.396889372136506e-23
3515832.1488744826 4.385194901175682e-23
3523045.2559723756 4.373476437752215e-23
3530273.161533834 4.3617339326430164e-23
3537515.8959195223 4.349967336523934e-23
3544773.4895523363 4.33817659996973e-23
3552045.972917647 4.326361673453658e-23
3559333.376563323 4.3145225073474394e-23
3566635.731099909 4.302659051920976e-23
3573953.0672007897 4.2907712573420725e-23
3581285.415602224 4.278859073676392e-23
3588632.8071035882 4.266922450887057e-23
3595995.2725673863 4.254961338834629e-23
3603372.8429194996 4.242975687276711e-23
3610765.549149216 4.230965445867891e-23
3618173.4223093954 4.218930564159479e-23
3625596.4935166547 4.2068709915992064e-23
3633034.7939513903 4.1947866775311866e-23
3640488.354858026 4.182677571195511e-23
3647957.2075450285 4.1705436217282337e-23
3655441.3833851567 4.1583847781609515e-23
3662940.91381549 4.146200989420769e-23
3670455.830337603 4.133992204330012e-23
3677986.1645177454 4.121758371605936e-23
3685531.947986867 4.109499439860677e-23
3693093.2124408726 4.097215357600855e-23
3700669.989640651 4.08490607322751e-23
3708262.3114122483 4.072571535035827e-23
3715870.2096470552 4.0602116912148356e-23
3723493.716301826 4.0478264898473725e-23
3731132.863398941 4.035415878909657e-23
3738787.6830264153 4.022979806271279e-23
3746458.20733816 4.0105182196947746e-23
3754144.468554003 3.9980310668355874e-23
3761846.4989598803 3.985518295241768e-23
3769564.3309080056 3.972979852353683e-23
3777297.9968169113 3.960415685503964e-23
3785047.5291716964 3.9478257419170943e-23
3792812.960524048 3.935209968709378e-23
3800594.3234924986 3.922568312888527e-23
3808391.6507624513 3.9099007213536074e-23
3816204.97508637 3.89720714089474e-23
3824034.329283959 3.8844875181928094e-23
3831879.746242196 3.871741799819406e-23
3839741.258915587 3.8589699322364097e-23
3847618.9003261896 3.846171861795962e-23
3855512.703563872 3.833347534740035e-23
3863422.7017863397 3.820496897200386e-23
3871348.928219328 3.8076198951982624e-23
3879291.4161567856 3.794716474644088e-23
3887250.1989609012 3.7817865813374175e-23
3895225.310062377 3.768830160966505e-23
3903216.782960449 3.7558471591082545e-23
3911224.651223087 3.742837521227919e-23
3919248.9484871705 3.729801192678791e-23
3927289.7084585293 3.716738118702145e-23
3935346.964912207 3.703648244426815e-23
3943420.751692475 3.92682620595577e-23
3951511.1027131053 3.917718171763457e-23
3959618.0519574 3.9085914514611985e-23
3967741.6334783793 3.899446006712454e-23
3975881.8813989777 3.890281799101975e-23
3984038.8299120716 3.88109879013577e-23
3992212.51328075 3.8718969412408076e-23
4000402.9658383336 3.8626762137649816e-23
4008610.2219886477 3.8534365689768233e-23
4016834.316206049 3.844177968065456e-23
4025075.2830356243 3.8349003721403734e-23
4033333.1570933815 3.8256037422312303e-23
4041607.973066281 3.8162880392878006e-23
4049899.7657125136 3.8069532241796707e-23
4058208.5698615313 3.7975992576962e-23
4066534.4204142406 3.7882261005463077e-23
4074877.352343203 3.778833713358241e-23
4083237.4006926618 3.7694220566795514e-23
4091614.6005788245 3.759991090976771e-23
4100008.9871898773 3.7505407766354044e-23
4108420.5957862632 3.7410710739596026e-23
4116849.461700719 3.7315819431721356e-23
4125295.6203384683 3.722073344414163e-23
4133759.1071774233 3.7125452377450194e-23
4142239.9577682135 3.702997583142167e-23
4150738.2077344754 3.693430340500882e-23
4159253.892772861 3.683843469634241e-23
4167787.0486533265 3.674236930272792e-23
4176337.7112191636 3.664610682064528e-23
4184905.9163872 3.65496468457465e-23
4193491.700148002 3.64529889728535e-23
4202095.098565902 3.63561327959577e-23
4210716.147779299 3.625907790821674e-23
4219354.884000658 3.6161823901954383e-23
4228011.343516809 3.606437036865722e-23
4236685.562688977 3.596671689897429e-23
4245377.577952987 3.586886308271486e-23
4254087.425819464 3.577080850884602e-23
4262815.142873876 3.5672552765492374e-23
4271560.765776809 3.557409543993272e-23
4280324.331264022 3.547543611859975e-23
4289105.876146631 3.537657438707761e-23
4297905.437311334 3.5277509830099695e-23
4306723.051720432 3.517824203154819e-23
4315558.756412126 3.5078770574450805e-23
4324412.588500543 3.497909504098056e-23
4333284.585176015 3.487921501245247e-23
4342174.783705126 3.477913006932317e-23
4351083.221430914 3.4678839791188535e-23
4360009.935773086 3.45783437567814e-23
4368954.964228046 3.447764154397105e-23
4377918.344369199 3.437673272975998e-23
4386900.113846964 3.427561689028361e-23
4395900.310389073 3.417429360080701e-23
4404918.971800611 3.40727624357244e-23
4413956.135964221 3.397102296855689e-23
4423011.840840321 3.628660502063501e-23
4432086.124467138 3.632071882073493e-23
4441179.024961009 3.635490260895815e-23
4450290.5805164175 3.638915652889272e-23
4459420.829406206 3.6423480724421317e-23
4468569.809981795 3.645787533972202e-23
4477737.56067321 3.6492340519268383e-23
4486924.119989399 3.652687640783069e-23
4496129.526518233 3.6561483150475937e-23
4505353.818926834 3.6596160892569026e-23
4514597.035961591 3.6630909779772873e-23
4523859.216448387 3.666572995804924e-23
4533140.399292818 3.670062157365954e-23
4542440.623480224 3.673558477316501e-23
4551759.928076 3.6770619703427847e-23
4561098.352225616 3.680572651161122e-23
4570455.935154926 3.6840905345180594e-23
4579832.716170205 3.6876156351903664e-23
4589228.734658368 3.691147967985136e-23
4598644.030087195 3.6946875477398565e-23
4608078.64200536 3.698234389322432e-23
4617532.610042754 3.701788507631294e-23
4627005.973910494 3.705349917595412e-23
4636498.7734012455 3.7089186341744185e-23
4646011.04838926 3.712494672358608e-23
4655542.838830589 3.716078047169033e-23
4665094.18476332 3.7196687736575846e-23
4674665.126307603 3.7232668669070055e-23
4684255.703665978 3.7268723420310105e-23
4693865.957123406 3.7304852141743e-23
4703495.9270474985 3.7341054985126465e-23
4713145.6538887415 3.7377332102529783e-23
4722815.1781805325 3.741368364633393e-23
4732504.540539506 3.7450109769232824e-23
4742213.781665547 3.748661062423331e-23
4751942.942342119 3.7523186364656476e-23
4761692.0634363 3.7559837144137734e-23
4771461.185899009 3.75965631166277e-23
4781250.35076524 3.763336443639303e-23
4791059.599154099 3.7670241258016626e-23
4800888.9722691225 3.7707193736398797e-23
4810738.511398313 3.7744222026757344e-23
4820608.257914449 3.778132628462883e-23
4830498.253275137 3.7818506665868706e-23
4840408.539023035 3.7855763326652124e-23
4850339.156786089 3.789309642347494e-23
4860290.148277571 3.7930506113153715e-23
4870261.555296415 3.7967992552827105e-23
4880253.419727244 3.8005555899955855e-23
4890265.783540616 3.804319631232381e-23
4900298.688793256 3.808091394803871e-23
4910352.177628091 3.811870896553242e-23
4920426.292274589 3.8156581523562095e-23
4930521.075048775 3.8194531781210333e-23
4940636.5683535775 3.823255989788638e-23
4950772.81467885 3.827066603332632e-23
4960929.856601621 3.6570730282079083e-23
4971107.736786333 3.673001029126617e-23
4981306.497984877 3.688961708049139e-23
4991526.183036935 3.704955132017972e-23
5001766.834869998 3.7209813682130297e-23
5012028.496499707 3.73704048395218e-23
5022311.211029899 3.753132546691308e-23
5032615.0216528345 3.769257624024684e-23
5042939.971649458 3.785415783685362e-23
5053286.10438942 3.801607093545221e-23
5063653.463331435 3.81783162161552e-23
5074042.092023314 3.834089436046949e-23
5084452.034102212 3.850380605130021e-23
5094883.33329487 3.866705197295446e-23
5105336.033417662 3.883063281114204e-23
5115810.178376932 3.8994549252980825e-23
5126305.812169024 3.9158801986997067e-23
5136822.978880627 3.9323391703130946e-23
5147361.7226888165 3.9488319092737095e-23
5157922.087861301 3.965358484858859e-23
5168504.118756674 3.9819189664880744e-23
5179107.859824448 3.998513423723181e-23
5189733.355605414 4.015141926268848e-23
5200380.650731662 4.0318045439726187e-23
5211049.789926929 4.0485013468254655e-23
5221740.818006649 4.0652324049618637e-23
5232453.779878194 4.081997788660168e-23
5243188.720541138 4.098797568343023e-23
5253945.685087287 4.1156318145774135e-23
5264724.718701045 4.132500598075241e-23
5275525.86665943 4.149403989693338e-23
5286349.174332437 4.1663420604340495e-23
5297194.687183079 4.183314881445281e-23
5308062.45076764 4.200322524020913e-23
5318952.510735932 4.21736505960119e-23
5329864.912831337 4.2344425597727876e-23
5340799.702891171 4.2515550962693876e-23
5351756.926846724 4.26870274097174e-23
5362736.63072352 4.28588556590806e-23
5373738.8606415745 4.3031036432544434e-23
5384763.662815434 4.320357045334928e-23
5395811.083554551 4.337645844622066e-23
5406881.169263296 4.3549701137369567e-23
5417973.9664413305 4.3723299254498295e-23
5429089.521683651 4.389725352680105e-23
5440227.881680845 4.407156468496807e-23
5451389.093219362 4.4246233461189704e-23
5462573.203181549 4.442126058915708e-23
5473780.258546022 4.4596646804067974e-23
5485010.306387694 4.4772392842627136e-23
5496263.393878143 4.494849944305208e-23
5507539.568285663 4.512496734507383e-23
5518838.876975518 4.530179728994105e-23
5530161.367410218 4.5478990020424217e-23
5541507.087149555 4.565654628081625e-23
5552876.083850987 4.583446681693851e-23
5564268.405269679 4.898135020654612e-23
5575684.099258767 4.9649321674469173e-23
5587123.213769638 5.031866355757052e-23
5598585.796851958 5.098937866740139e-23
5610071.8966540685 5.166146982128646e-23
5621581.561422996 5.2334939842325144e-23
5633114.839504847 5.300979155941414e-23
5644671.779344847 5.368602780724994e-23
5656252.429487609 5.436365142634459e-23
5667856.838577409 5.504266526304188e-23
5679485.055358234 5.57230721695198e-23
5691137.128674163 5.640487500381324e-23
5702813.10746939 5.708807662981524e-23
5714513.0407886235 5.777267991729994e-23
5726236.977777114 5.845868774192495e-23
5737984.967680945 5.914610298524762e-23
5749757.0598473 5.983492853474125e-23
5761553.303724511 6.052516728379757e-23
5773373.748862453 6.121682213175002e-23
5785218.444912564 6.190989598387478e-23
5797087.44162824 6.26043917514139e-23
5808980.788864884 6.330031235157822e-23
5820898.536580176 6.399766070756336e-23
5832840.734834369 6.46964397485665e-23
5844807.433790318 6.539665240978872e-23
5856798.6837138925 6.609830163245864e-23
5868814.534974014 6.680139036383493e-23
5880855.038042941 6.750592155722273e-23
5892920.243496555 6.821189817199061e-23
5905010.2020144 6.891932317357286e-23
5917124.964380094 6.962819953349334e-23
5929264.581481345 7.033853022936666e-23
5941429.104310361 7.105031824492201e-23
5953618.58396389 7.176356657000572e-23
5965833.071643513 7.247827820059816e-23
5978072.61865593 7.319445613883056e-23
5990337.276413005 7.391210339298753e-23
6002627.096432171 7.463122297753134e-23
6014942.130336465 7.535181791310299e-23
6027282.429854926 7.607389122654628e-23
6039648.046822651 7.679744595091087e-23
6052039.033181079 7.752248512546863e-23
6064455.440978288 7.824901179573153e-23
6076897.32236904 7.897702901345379e-23
6089364.7296151975 7.970653983665641e-23
6101857.715085766 8.043754732962996e-23
6114376.331257195 8.117005456295167e-23
6126920.63071367 8.190406461350278e-23
6139490.666147155 8.26395805644713e-23
6152086.490357822 8.337660550537645e-23
6164708.156254066 8.411514253207025e-23
6177355.716852928 8.485519474676189e-23
6190029.225280144 8.559676525802072e-23
6202728.734770448 8.633985718079373e-23
6215454.29866786 8.708447363642293e-23
6228205.970425744 8.783061775264815e-23
6240983.803607229 7.448811396237514e-23
6253787.851885232 7.396919368741031e-23
6266618.169042891 7.344920879179133e-23
6279474.808973605 7.292815709133567e-23
6292357.825681345 7.240603639737975e-23
6305267.273280951 7.188284451676648e-23
6318203.205998185 7.13585792518436e-23
6331165.678170158 7.083323840044584e-23
6344154.7442453625 7.030681975589415e-23
6357170.458784095 6.977932110697812e-23
6370212.8764585145 6.925074023795389e-23
6383282.052052943 6.872107492853172e-23
6396378.040464181 6.819032295386366e-23
6409500.896701546 6.765848208454143e-23
6422650.675887322 6.712555008657857e-23
6435827.433256801 6.659152472140861e-23
6449031.224158596 6.605640374587243e-23
6462262.104054954 6.552018491220565e-23
6475520.128521803 6.49828659680365e-23
6488805.353249196 6.44444446563681e-23
6502117.834041336 6.39049187155773e-23
6515457.626817015 6.336428587939677e-23
6528824.787609678 6.282254387691277e-23
6542219.37256772 6.227969043255273e-23
6555641.437954814 6.173572326607208e-23
6569091.040149959 6.119064009255254e-23
6582568.235647923 6.064443862238368e-23
6596073.081059279 6.009711656126205e-23
6609605.633110844 5.954867161017282e-23
6623165.948645739 5.899910146538775e-23
6636754.084623704 5.844840381845228e-23
6650370.098121417 5.789657635617254e-23
6664014.04633255 5.734361676061321e-23
6677685.986568222 5.678952270907913e-23
6691385.976257046 5.623429187411321e-23
6705114.07294546 5.567792192348333e-23
6718870.334298047 5.512041052016913e-23
6732654.818097584 5.456175532236014e-23
6746467.582245506 5.400195398343693e-23
6760308.684761928 5.344100415197019e-23
6774178.183786112 5.287890347170197e-23
6788076.137576511 5.231564958154345e-23
6802002.604511109 5.175124011556194e-23
6815957.643087735 5.118567270296728e-23
6829941.311924126 5.061894496810994e-23
6843953.669758389 5.0051054530462007e-23
6857994.775449026 4.948199900461609e-23
6872064.6879754085 4.891177600026645e-23
6886163.466437822 4.8340383122206726e-23
6900291.170057809 4.7767817970316526e-23
6914447.858178488 4.7194078139547996e-23
6928633.590264619 4.661916121992355e-23
6942848.425903072 4.6043064796516763e-23
6957092.424802851 4.546578644945133e-23
6971365.646795576 4.4887323753881596e-23
6985668.15183553 4.4307674279990696e-23
7000000.0 7.832246659450772e-23
10689958.902486885 1e-300
16325031.619551228 1e-300
24930559.584971644 1e-300
38072379.62562104 1e-300
58141739.07396673 1e-300
88790400.17426002 1e-300
135595104.1140291 1e-300
207072298.62248632 1e-300
316227766.01683795 1e-300
