10644.401677 1.18130755197e-21
70743.3106917 1.95984530806e-22
130842.219706 1.08576281601e-22
190941.128721 7.54293115383e-23
251040.037736 5.79560899312e-23
311138.94675 4.7014529005e-23
371237.855765 3.9624137902e-23
431336.76478 3.41882998822e-23
491435.673794 3.01147881098e-23
551534.582809 2.68663636299e-23
611633.491824 2.42397270376e-23
671732.400838 2.20373436248e-23
731831.309853 2.02986632141e-23
791930.218868 1.87778303548e-23
852029.127882 1.74117408716e-23
912128.036897 1.63033286784e-23
972226.945912 1.5281011066e-23
1032325.85493 1.43923689953e-23
1092424.76394 1.3593416295e-23
1152523.67296 1.28973885205e-23
1212622.58197 1.22416611746e-23
1272721.49099 1.16779760311e-23
1332820.4 1.11142908877e-23
1392919.30901 1.06493817285e-23
1453018.21803 1.01979813148e-23
1513117.12704 9.76077165857e-24
1573216.03606 9.39862409712e-24
1633314.94507 9.03647653567e-24
1693413.85409 8.6824920497e-24
1753512.7631 8.3971208978e-24
1813611.67212 8.1117497459e-24
1873710.58113 7.826378594e-24
1933809.49015 7.5797988894e-24
1993908.39916 7.35137616197e-24
2054007.30818 7.12295343454e-24
2114106.21719 6.89453070712e-24
2174205.12621 6.70631179365e-24
2234304.03522 6.52586032265e-24
2294402.94423 6.34540885166e-24
2354501.85325 6.16495738066e-24
2414600.76226 6.00258016777e-24
2474699.67128 5.85648602209e-24
2534798.58029 5.71039187641e-24
2594897.48931 5.56429773073e-24
2654996.39832 5.41820358506e-24
2715095.30734 5.29295865688e-24
2775194.21635 5.17717267929e-24
2835293.12537 5.0613867017e-24
2895392.03438 4.94560072412e-24
2955490.9434 4.82981474653e-24
3015589.85241 4.71992855136e-24
3075688.76143 4.62688624555e-24
3135787.67044 4.53384393974e-24
3195886.57945 4.44080163393e-24
3255985.48847 4.34775932811e-24
3316084.39748 4.2547170223e-24
3376183.3065 4.1650764253e-24
3436282.21551 4.09221975602e-24
3496381.12453 4.01936308674e-24
3556480.03354 3.94650641747e-24
3616578.94256 3.87364974819e-24
3676677.85157 3.80079307891e-24
3736776.76059 3.72793640963e-24
3796875.6696 3.66002464482e-24
3856974.57862 3.60195363371e-24
3917073.48763 3.5438826226e-24
3977172.39665 3.48581161148e-24
4037271.30566 3.42774060037e-24
4097370.21467 3.36966958926e-24
4157469.12369 3.31159857815e-24
4217568.0327 3.25352756703e-24
4277666.94172 3.20351624231e-24
4337765.85073 3.1575382715e-24
4397864.75975 3.11156030069e-24
4457963.66876 3.06558232987e-24
4518062.57778 3.01960435906e-24
4578161.48679 2.97362638825e-24
4638260.39581 2.92764841744e-24
4698359.30482 2.88167044662e-24
4758458.21384 2.83628644005e-24
4818557.12285 2.79975542278e-24
4878656.03187 2.76322440551e-24
4938754.94088 2.72669338823e-24
4998853.8499 2.69016237096e-24
5058952.75891 2.65363135369e-24
5119051.66792 2.61710033641e-24
5179150.57694 2.58056931914e-24
5239249.48595 2.54403830186e-24
5299348.39497 2.50750728459e-24
5359447.30398 2.473712325e-24
5419546.213 2.44386315537e-24
5479645.12201 2.41401398573e-24
5539744.03103 2.38416481609e-24
5599842.94004 2.35431564646e-24
5659941.84906 2.32446647682e-24
5720040.75807 2.29461730718e-24
5780139.66709 2.26476813754e-24
5840238.5761 2.23491896791e-24
5900337.48512 2.20506979827e-24
5960436.39413 2.17522062863e-24
6020535.30314 2.14906848379e-24
6080634.21216 2.12561349126e-24
6140733.12117 2.10215849873e-24
6200832.03019 2.0787035062e-24
6260930.9392 2.05524851367e-24
6321029.84822 2.03179352114e-24
6381128.75723 2.00833852861e-24
6441227.66625 1.98488353608e-24
6501326.57526 1.96142854355e-24
6561425.48428 1.93797355102e-24
6621524.39329 1.91451855849e-24
6681623.30231 1.89106356596e-24
6741722.21132 1.86976771332e-24
6801821.12034 1.85138971871e-24
6861920.02935 1.8330117241e-24
6922018.93836 1.81463372949e-24
6982117.84738 1.79625573488e-24
7042216.75639 1.77787774027e-24
7102315.66541 1.75949974566e-24
7162414.57442 1.74112175105e-24
7222513.48344 1.72274375644e-24
7282612.39245 1.70436576183e-24
7342711.30147 1.68598776722e-24
7402810.21048 1.66760977261e-24
7462909.1195 1.649231778e-24
7523008.02851 1.63085378339e-24
7583106.93753 1.61548369143e-24
7643205.84654 1.60091561564e-24
7703304.75556 1.58634753984e-24
7763403.66457 1.57177946404e-24
7823502.57358 1.55721138824e-24
7883601.4826 1.54264331244e-24
7943700.39161 1.52807523664e-24
8003799.30063 1.51350716085e-24
8063898.20964 1.49893908505e-24
8123997.11866 1.48437100925e-24
8184096.02767 1.46980293345e-24
8244194.93669 1.45523485765e-24
8304293.8457 1.44066678185e-24
8364392.75472 1.42609870606e-24
8424491.66373 1.41153063026e-24
8484590.57275 1.39854126665e-24
8544689.48176 1.38719578419e-24
8604788.39078 1.37585030172e-24
8664887.29979 1.36450481926e-24
8724986.2088 1.35315933679e-24
8785085.11782 1.34181385432e-24
8845184.02683 1.33046837186e-24
8905282.93585 1.31912288939e-24
8965381.84486 1.30777740693e-24
9025480.75388 1.29643192446e-24
9085579.66289 1.28508644199e-24
9145678.57191 1.27374095953e-24
9205777.48092 1.26239547706e-24
9265876.38994 1.2510499946e-24
9325975.29895 1.23970451213e-24
9386074.20797 1.22835902966e-24
9446173.11698 1.2170135472e-24
9506272.026 1.20645791209e-24
9566370.93501 1.19755436867e-24
9626469.84403 1.18865082526e-24
9686568.75304 1.17974728185e-24
9746667.66205 1.17084373843e-24
9806766.57107 1.16194019502e-24
9866865.48008 1.15303665161e-24
9926964.3891 1.14413310819e-24
9987063.29811 1.13522956478e-24
10047162.2071 1.12632602136e-24
10107261.1161 1.11742247795e-24
10167360.0252 1.10851893454e-24
10227458.9342 1.09961539112e-24
10287557.8432 1.09071184771e-24
10347656.7522 1.0818083043e-24
10407755.6612 1.07290476088e-24
10467854.5702 1.06400121747e-24
10527953.4792 1.05509767406e-24
10588052.3883 1.04619413064e-24
10648151.2973 1.03740656491e-24
10708250.2063 1.0303619117e-24
10768349.1153 1.02331725848e-24
10828448.0243 1.01627260527e-24
10888546.9333 1.00922795205e-24
10948645.8423 1.00218329884e-24
11008744.7514 9.95138645622e-25
11068843.6604 9.88093992406e-25
11128942.5694 9.81049339191e-25
11189041.4784 9.74004685975e-25
11249140.3874 9.6696003276e-25
11309239.2964 9.59915379545e-25
11369338.2055 9.52870726329e-25
11429437.1145 9.45826073114e-25
11489536.0235 9.38781419899e-25
11549634.9325 9.31736766683e-25
11609733.8415 9.24692113468e-25
11669832.7505 9.17647460253e-25
11729931.6595 9.10602807037e-25
11790030.5686 9.03558153822e-25
11850129.4776 8.96513500606e-25
11910228.3866 8.89468847391e-25
11970327.2956 8.83114291997e-25
12030426.2046 8.77599361871e-25
12090525.1136 8.72084431745e-25
12150624.0226 8.66569501619e-25
12210722.9317 8.61054571493e-25
12270821.8407 8.55539641367e-25
12330920.7497 8.50024711241e-25
12391019.6587 8.44509781114e-25
12451118.5677 8.38994850988e-25
12511217.4767 8.33479920862e-25
12571316.3857 8.27964990736e-25
12631415.2948 8.2245006061e-25
12691514.2038 8.16935130484e-25
12751613.1128 8.11420200357e-25
12811712.0218 8.05905270231e-25
12871810.9308 8.00390340105e-25
12931909.8398 7.94875409979e-25
12992008.7488 7.89360479853e-25
13052107.6579 7.83845549727e-25
13112206.5669 7.78330619601e-25
13172305.4759 7.72815689474e-25
13232404.3849 7.67300759348e-25
13292503.2939 7.61785829222e-25
13352602.2029 7.56270899096e-25
13412701.1119 7.51020587667e-25
13472800.021 7.46809917514e-25
13532898.93 7.42599247361e-25
13592997.839 7.38388577208e-25
13653096.748 7.34177907055e-25
13713195.657 7.29967236903e-25
13773294.566 7.2575656675e-25
13833393.4751 7.21545896597e-25
13893492.3841 7.17335226444e-25
13953591.2931 7.13124556292e-25
14013690.2021 7.08913886139e-25
14073789.1111 7.04703215986e-25
14133888.0201 7.00492545833e-25
14193986.9291 6.9628187568e-25
14254085.8382 6.92071205528e-25
14314184.7472 6.87860535375e-25
14374283.6562 6.83649865222e-25
14434382.5652 6.79439195069e-25
14494481.4742 6.75228524916e-25
14554580.3832 6.71017854764e-25
14614679.2922 6.66807184611e-25
14674778.2013 6.62596514458e-25
14734877.1103 6.58385844305e-25
14794976.0193 6.54175174153e-25
14855074.9283 6.49964504e-25
14915173.8373 6.45753833847e-25
14975272.7463 6.41543163694e-25
15035371.6553 6.37332493541e-25
15095470.5644 6.34062092183e-25
15155569.4734 6.30795545202e-25
15215668.3824 6.27528998221e-25
15275767.2914 6.2426245124e-25
15335866.2004 6.20995904259e-25
15395965.1094 6.17729357278e-25
15456064.0184 6.14462810297e-25
15516162.9275 6.11196263316e-25
15576261.8365 6.07929716335e-25
15636360.7455 6.04663169354e-25
15696459.6545 6.01396622373e-25
15756558.5635 5.98130075392e-25
15816657.4725 5.94863528411e-25
15876756.3816 5.9159698143e-25
15936855.2906 5.88330434449e-25
15996954.1996 5.85063887468e-25
16057053.1086 5.81797340487e-25
16117152.0176 5.78530793506e-25
16177250.9266 5.75264246525e-25
16237349.8356 5.71997699544e-25
16297448.7447 5.68731152563e-25
16357547.6537 5.65464605582e-25
16417646.5627 5.62198058601e-25
16477745.4717 5.5893151162e-25
16537844.3807 5.55664964639e-25
16597943.2897 5.52398417658e-25
16658042.1987 5.49131870677e-25
16718141.1078 5.45865323695e-25
16778240.0168 5.42598776714e-25
16838338.9258 5.39332229733e-25
16898437.8348 5.36437799949e-25
16958536.7438 5.33964350875e-25
17018635.6528 5.31490901802e-25
17078734.5618 5.29017452728e-25
17138833.4709 5.26544003655e-25
17198932.3799 5.24070554581e-25
17259031.2889 5.21597105508e-25
17319130.1979 5.19123656434e-25
17379229.1069 5.16650207361e-25
17439328.0159 5.14176758287e-25
17499426.9249 5.11703309214e-25
17559525.834 5.0922986014e-25
17619624.743 5.06756411067e-25
17679723.652 5.04282961993e-25
17739822.561 5.0180951292e-25
17799921.47 4.99336063846e-25
17860020.379 4.96862614773e-25
17920119.2881 4.94389165699e-25
17980218.1971 4.91915716626e-25
18040317.1061 4.89442267552e-25
18100416.0151 4.86968818479e-25
18160514.9241 4.84495369405e-25
18220613.8331 4.82021920332e-25
18280712.7421 4.79548471258e-25
18340811.6512 4.77075022185e-25
18400910.5602 4.74601573111e-25
18461009.4692 4.72128124038e-25
18521108.3782 4.69654674964e-25
18581207.2872 4.6718122589e-25
18641306.1962 4.64707776817e-25
18701405.1052 4.62234327743e-25
18761504.0143 4.5976087867e-25
18821602.9233 4.57287429596e-25
18881701.8323 4.54813980523e-25
18941800.7413 4.52469928682e-25
19001899.6503 4.50591004884e-25
19061998.5593 4.48712081086e-25
19122097.4683 4.46833157288e-25
19182196.3774 4.4495423349e-25
19242295.2864 4.43075309692e-25
19302394.1954 4.41196385894e-25
19362493.1044 4.39317462096e-25
19422592.0134 4.37438538297e-25
19482690.9224 4.35559614499e-25
19542789.8314 4.33680690701e-25
19602888.7405 4.31801766903e-25
19662987.6495 4.29922843105e-25
19723086.5585 4.28043919307e-25
19783185.4675 4.26164995509e-25
19843284.3765 4.24286071711e-25
19903383.2855 4.22407147913e-25
19963482.1945 4.20528224115e-25
20023581.1036 4.18649300317e-25
20083680.0126 4.16770376519e-25
20143778.9216 4.14891452721e-25
20203877.8306 4.13012528922e-25
20263976.7396 4.11133605124e-25
20324075.6486 4.09254681326e-25
20384174.5577 4.07375757528e-25
20444273.4667 4.0549683373e-25
20504372.3757 4.03617909932e-25
20564471.2847 4.01738986134e-25
20624570.1937 3.99860062336e-25
20684669.1027 3.97981138538e-25
20744768.0117 3.9610221474e-25
20804866.9208 3.94223290942e-25
20864965.8298 3.92344367144e-25
20925064.7388 3.90465443346e-25
20985163.6478 3.88586519547e-25
21045262.5568 3.86707595749e-25
21105361.4658 3.84828671951e-25
21165460.3748 3.82949748153e-25
21225559.2839 3.81070824355e-25
21285658.1929 3.79552135438e-25
21345757.1019 3.78131070969e-25
21405856.0109 3.767100065e-25
21465954.9199 3.75288942031e-25
21526053.8289 3.73867877562e-25
21586152.7379 3.72446813093e-25
21646251.647 3.71025748625e-25
21706350.556 3.69604684156e-25
21766449.465 3.68183619687e-25
21826548.374 3.66762555218e-25
21886647.283 3.65341490749e-25
21946746.192 3.6392042628e-25
22006845.101 3.62499361811e-25
22066944.0101 3.61078297342e-25
22127042.9191 3.59657232873e-25
22187141.8281 3.58236168404e-25
22247240.7371 3.56815103936e-25
22307339.6461 3.55394039467e-25
22367438.5551 3.53972974998e-25
22427537.4642 3.52551910529e-25
22487636.3732 3.5113084606e-25
22547735.2822 3.49709781591e-25
22607834.1912 3.48288717122e-25
22667933.1002 3.46867652653e-25
22728032.0092 3.45446588184e-25
22788130.9182 3.44025523715e-25
22848229.8273 3.42604459247e-25
22908328.7363 3.41183394778e-25
22968427.6453 3.39762330309e-25
23028526.5543 3.3834126584e-25
23088625.4633 3.36920201371e-25
23148724.3723 3.35499136902e-25
23208823.2813 3.34078072433e-25
23268922.1904 3.32657007964e-25
23329021.0994 3.31235943495e-25
23389120.0084 3.29814879026e-25
23449218.9174 3.28393814558e-25
23509317.8264 3.26972750089e-25
23569416.7354 3.2555168562e-25
23629515.6444 3.24130621151e-25
23689614.5535 3.22709556682e-25
23749713.4625 3.21288492213e-25
23809812.3715 3.19867427744e-25
23869911.2805 3.18658873834e-25
23930010.1895 3.17556588733e-25
23990109.0985 3.16454303633e-25
24050208.0075 3.15352018532e-25
24110306.9166 3.14249733432e-25
24170405.8256 3.13147448331e-25
24230504.7346 3.1204516323e-25
24290603.6436 3.1094287813e-25
24350702.5526 3.09840593029e-25
24410801.4616 3.08738307929e-25
24470900.3706 3.07636022828e-25
24530999.2797 3.06533737728e-25
24591098.1887 3.05431452627e-25
24651197.0977 3.04329167526e-25
24711296.0067 3.03226882426e-25
24771394.9157 3.02124597325e-25
24831493.8247 3.01022312225e-25
24891592.7338 2.99920027124e-25
24951691.6428 2.98817742024e-25
25011790.5518 2.97715456923e-25
25071889.4608 2.96613171822e-25
25131988.3698 2.95510886722e-25
25192087.2788 2.94408601621e-25
25252186.1878 2.93306316521e-25
25312285.0969 2.9220403142e-25
25372384.0059 2.91101746319e-25
25432482.9149 2.89999461219e-25
25492581.8239 2.88897176118e-25
25552680.7329 2.87794891018e-25
25612779.6419 2.86692605917e-25
25672878.5509 2.85590320817e-25
25732977.46 2.84488035716e-25
25793076.369 2.83385750615e-25
25853175.278 2.82283465515e-25
25913274.187 2.81181180414e-25
25973373.096 2.80078895314e-25
26033472.005 2.78976610213e-25
26093570.914 2.77874325113e-25
26153669.8231 2.76772040012e-25
26213768.7321 2.75669754911e-25
26273867.6411 2.74567469811e-25
26333966.5501 2.7346518471e-25
26394065.4591 2.7236289961e-25
26454164.3681 2.71260614509e-25
26514263.2771 2.70158329408e-25
26574362.1862 2.69056044308e-25
26634461.0952 2.67953759207e-25
26694560.0042 2.66851474107e-25
26754658.9132 2.65849919163e-25
26814757.8222 2.65101019976e-25
26874856.7312 2.64352120789e-25
26934955.6403 2.63603221602e-25
26995054.5493 2.62854322415e-25
27055153.4583 2.62105423228e-25
27115252.3673 2.6135652404e-25
27175351.2763 2.60607624853e-25
27235450.1853 2.59858725666e-25
27295549.0943 2.59109826479e-25
27355648.0034 2.58360927292e-25
27415746.9124 2.57612028105e-25
27475845.8214 2.56863128918e-25
27535944.7304 2.56114229731e-25
27596043.6394 2.55365330544e-25
27656142.5484 2.54616431357e-25
27716241.4574 2.5386753217e-25
27776340.3665 2.53118632983e-25
27836439.2755 2.52369733796e-25
27896538.1845 2.51620834609e-25
27956637.0935 2.50871935422e-25
28016736.0025 2.50123036235e-25
28076834.9115 2.49374137048e-25
28136933.8205 2.48625237861e-25
28197032.7296 2.47876338673e-25
28257131.6386 2.47127439486e-25
28317230.5476 2.46378540299e-25
28377329.4566 2.45629641112e-25
28437428.3656 2.44880741925e-25
28497527.2746 2.44131842738e-25
28557626.1836 2.43382943551e-25
28617725.0927 2.42634044364e-25
28677824.0017 2.41885145177e-25
28737922.9107 2.4113624599e-25
28798021.8197 2.40387346803e-25
28858120.7287 2.39638447616e-25
28918219.6377 2.38889548429e-25
28978318.5468 2.38140649242e-25
29038417.4558 2.37391750055e-25
29098516.3648 2.36642850868e-25
29158615.2738 2.35893951681e-25
29218714.1828 2.35145052494e-25
29278813.0918 2.34396153306e-25
29338912.0008 2.33647254119e-25
29399010.9099 2.32898354932e-25
29459109.8189 2.32149455745e-25
29519208.7279 2.31400556558e-25
29579307.6369 2.30651657371e-25
29639406.5459 2.29902758184e-25
29699505.4549 2.29153858997e-25
29759604.3639 2.2840495981e-25
29819703.273 2.27656060623e-25
29879802.182 2.26907161436e-25
29939901.091 2.26158262249e-25
30000000.0 2.25409363062e-25
38973952.2417 1e-300
50632298.4447 1e-300
65778026.0491 1e-300
85454321.5265 1e-300
111016421.534 1e-300
144224957.031 1e-300
187367219.579 1e-300
243414702.252 1e-300
316227766.017 1e-300
