100.0 4.9004542816e-13
112.20184543 4.76405890411e-13
125.892541179 4.60292320017e-13
141.253754462 4.41906585699e-13
158.489319246 4.2099635515e-13
177.827941004 3.98669853799e-13
199.526231497 3.75143975501e-13
223.872113857 3.50762104165e-13
251.188643151 3.25929765401e-13
281.838293126 3.01059709788e-13
316.227766017 2.75924968889e-13
354.813389234 2.51344432095e-13
398.107170553 2.27590588582e-13
446.683592151 2.04862294595e-13
501.187233627 1.83314961962e-13
562.34132519 1.63078703493e-13
630.95734448 1.44048952612e-13
707.945784384 1.26531018213e-13
794.328234724 1.10551591952e-13
891.250938134 9.60792281792e-14
1000.0 8.30584306662e-14
1122.0184543 7.14279452544e-14
1258.92541179 6.10729675273e-14
1412.53754462 5.19454436977e-14
1584.89319246 4.39505686265e-14
1778.27941004 3.69961394467e-14
1995.26231497 3.09869581587e-14
2238.72113857 2.58244936642e-14
2511.88643151 2.13622249201e-14
2818.38293126 1.75791284591e-14
3162.27766017 1.43809478788e-14
3548.13389234 1.16910768598e-14
3981.07170553 9.4435679876e-15
4466.83592151 7.57942984134e-15
5011.87233627 6.02653521869e-15
5623.4132519 4.75690148291e-15
6309.5734448 3.72472634173e-15
7079.45784384 2.89088486296e-15
7943.28234724 2.22208878604e-15
8912.50938134 1.69005771333e-15
10000.0 1.26780154548e-15
11220.184543 9.39438148587e-16
12589.2541179 6.87128104846e-16
14125.3754462 4.95537860393e-16
15848.9319246 3.51836795148e-16
17782.7941004 2.45491259719e-16
19952.6231497 1.6758176489e-16
22387.2113857 1.11951735878e-16
25118.8643151 7.3078737554e-17
28183.8293126 4.65359293942e-17
31622.7766017 2.88738497253e-17
35481.3389234 1.74545414499e-17
39810.7170553 1.00888126871e-17
44668.3592151 5.64025501341e-18
50118.7233627 3.02927239625e-18
244843.674682 1e-300
599484.250319 1e-300
1467799.26762 1e-300
3593813.6638 1e-300
8799225.43569 1e-300
21544346.9003 1e-300
52749970.637 1e-300
129154966.501 1e-300
316227766.017 1e-300
