0.0448807381721 7.94508672494e-20
0.0503570164718 8.49727919658e-20
0.0565015017849 8.83540939813e-20
0.0633957276984 8.33476887744e-20
0.0711311764016 7.70180753505e-20
0.0798104925988 8.52953295916e-20
0.0895488455427 8.76034728052e-20
0.10047545726 8.7110342466e-20
0.112735317251 8.59759820695e-20
0.126491106407 9.04650155878e-20
0.141925355693 8.65655647993e-20
0.159242868221 8.57014268933e-20
0.17867343686 8.32757672142e-20
0.200474893451 8.24662285039e-20
0.224936530076 8.15684835126e-20
0.252382937792 8.41292964338e-20
0.283178313754 8.27645302143e-20
0.31773129389 8.33543009219e-20
0.356500375253 8.67469734945e-20
0.4 8.79297210014e-20
0.448807381721 8.71070417298e-20
0.503570164718 8.81270850009e-20
0.565015017849 8.45674899535e-20
0.633957276984 8.2529551952e-20
0.711311764016 8.33071252904e-20
0.798104925988 8.43611426484e-20
0.895488455427 8.3730096115e-20
1.0047545726 8.50132416289e-20
1.12735317251 8.5199610325e-20
1.26491106407 8.51601265718e-20
1.41925355693 8.4304353476e-20
1.59242868221 8.33400574112e-20
1.7867343686 8.31487671335e-20
2.00474893451 8.37759862507e-20
2.24936530076 8.5012806403e-20
2.52382937792 8.52852714993e-20
2.83178313754 8.29476882341e-20
3.1773129389 8.04363902654e-20
3.56500375253 7.66174002793e-20
4.0 7.18835599339e-20
4.48807381721 6.67026144589e-20
5.03570164718 6.12061595463e-20
5.65015017849 5.59671549862e-20
6.33957276984 5.19210080868e-20
7.11311764016 4.80930029097e-20
7.98104925988 4.41423639048e-20
8.95488455427 4.09600535037e-20
10.047545726 3.81220669103e-20
11.2735317251 3.56987229897e-20
12.6491106407 3.34361772911e-20
14.1925355693 3.15884369703e-20
15.9242868221 2.9739005831e-20
17.867343686 2.80851607075e-20
20.0474893451 2.66414427614e-20
22.4936530076 2.53366697639e-20
25.2382937792 2.41264840338e-20
28.3178313754 2.3030976257e-20
31.773129389 2.21108250866e-20
35.6500375253 2.12684665622e-20
40.0 2.05812275996e-20
44.8807381721 1.9971058904e-20
50.3570164718 1.93197229733e-20
56.5015017849 1.87184459106e-20
63.3957276984 1.81943402575e-20
71.1311764016 1.77392223847e-20
79.8104925988 1.73287616271e-20
89.5488455427 1.70066576545e-20
100.47545726 1.6767773032e-20
112.735317251 1.64590809821e-20
126.491106407 1.62193778231e-20
141.925355693 1.60191975915e-20
159.242868221 1.580896155e-20
178.67343686 1.56364313668e-20
200.474893451 1.55128677725e-20
224.936530076 1.5349718635e-20
252.382937792 1.52290723963e-20
283.178313754 1.51034392634e-20
317.73129389 1.49840833702e-20
356.500375253 1.4852918643e-20
400.0 1.47438287021e-20
448.807381721 1.46698081289e-20
503.570164718 1.45971669398e-20
565.015017849 1.45056194386e-20
633.957276984 1.44416489206e-20
711.311764016 1.43991899927e-20
798.104925988 1.43092257259e-20
895.488455427 1.4220251823e-20
1004.7545726 1.41358469552e-20
1127.35317251 1.40448236475e-20
1264.91106407 1.39418377663e-20
1419.25355693 1.38589870407e-20
1592.42868221 1.37856750365e-20
1786.7343686 1.37153374315e-20
2004.74893451 1.36339313505e-20
2249.36530076 1.3562230346e-20
2523.82937792 1.34837298657e-20
2831.78313754 1.34100288962e-20
3177.3129389 1.3326934572e-20
3565.00375253 1.3240497907e-20
4000.0 1.31499343484e-20
4488.07381721 1.30581545096e-20
5035.70164718 1.29538897032e-20
5650.15017849 1.28340804633e-20
6339.57276984 1.27079045003e-20
7113.11764016 1.25643141e-20
7981.04925988 1.24132080295e-20
8954.88455427 1.22409780542e-20
10047.545726 1.2051431965e-20
11273.5317251 1.18465529322e-20
12649.1106407 1.16161667334e-20
14192.5355693 1.13749047909e-20
15924.2868221 1.11076947627e-20
17867.343686 1.08216532923e-20
20047.4893451 1.05156374691e-20
22493.6530076 1.01811677057e-20
25238.2937792 9.82841854226e-21
28317.8313754 9.46263129214e-21
31773.129389 9.07928713841e-21
35650.0375253 8.68046593225e-21
40000.0 8.26896282935e-21
44880.7381721 7.84414873178e-21
50357.0164718 7.41238135036e-21
56501.5017849 6.97712257067e-21
63395.7276984 6.53371173872e-21
71131.1764016 6.09344408052e-21
79810.4925988 5.65950474252e-21
89548.8455427 5.22971229976e-21
100475.45726 4.81168495001e-21
112735.317251 4.40537797882e-21
126491.106407 4.01308882861e-21
141925.355693 3.63818646519e-21
159242.868221 3.2824983931e-21
178673.43686 2.94490200172e-21
200474.893451 2.62941030918e-21
224936.530076 2.33610738875e-21
252382.937792 2.06419294938e-21
283178.313754 1.81461003547e-21
317731.29389 1.58711037239e-21
356500.375253 1.38050597588e-21
400000.0 1.19520065731e-21
448807.381721 1.0294838901e-21
503570.164718 8.82084657612e-22
565015.017849 7.5232357832e-22
633957.276984 6.38473311406e-22
711311.764016 5.3893776481e-22
798104.925988 4.52825309456e-22
895488.455427 3.78641286749e-22
1004754.5726 3.14890143938e-22
1127353.17251 2.605058167e-22
1264911.06407 2.14397704644e-22
1419253.55693 1.75379070581e-22
1592428.68221 1.4263838107e-22
1786734.3686 1.15299762854e-22
2004748.93451 9.25480806751e-23
2249365.30076 7.38362236174e-23
2523829.37792 5.85121825531e-23
2831783.13754 4.59791879838e-23
3177312.9389 3.58350240123e-23
3565003.75253 2.76782313498e-23
4000000.0 2.11891988133e-23
4488073.81721 1.6058811527e-23
5035701.64718 1.20438053519e-23
5650150.17849 8.90477309918e-24
6339572.76984 6.49741254192e-24
7113117.64016 4.67962737286e-24
7981049.25988 3.31396319389e-24
8954884.55427 2.30686731735e-24
10047545.726 1.57509694938e-24
11273531.7251 1.05218211983e-24
12649110.6407 6.88377262664e-25
14192535.5693 4.40189323082e-25
15924286.8221 2.72284222256e-25
17867343.686 1.62993717881e-25
20047489.3451 9.4701953035e-26
22493653.0076 5.29978971939e-26
25238293.7792 2.84357021946e-26
28317831.3754 1.46652337009e-26
31773129.389 7.19377204162e-27
35650037.5253 3.33803081445e-27
40000000.0 1.73266123042e-27
50330483.6082 1e-300
63328939.5059 1e-300
79684403.7932 1e-300
100263864.474 1e-300
126158219.685 1e-300
158740105.197 1e-300
199736656.564 1e-300
251321062.979 1e-300
316227766.017 1e-300
