100000.0 3.9266790386756535e-21
112201.8454301963 3.3819963337810726e-21
125892.54117941676 2.9087827643266137e-21
141253.7544622754 2.4981012732499327e-21
158489.3192461114 2.1416162082033605e-21
177827.94100389228 1.8329847809327106e-21
199526.2314968879 1.566338789580063e-21
223872.11385683398 1.3363054013581434e-21
251188.64315095794 1.1380837035963836e-21
281838.2931264455 9.674543917003862e-22
316227.76601683797 8.205469067124281e-22
354813.3892335753 6.945925318220192e-22
398107.17055349733 5.866431435480304e-22
446683.592150963 4.9425565713384145e-22
501187.2336272725 4.1531845092416996e-22
562341.3251903491 3.479612771312936e-22
630957.344480193 2.903914748368549e-22
707945.7843841381 2.4154941929965683e-22
794328.2347242814 2.0015493930799106e-22
891250.9381337459 1.6519834955357939e-22
1000000.0 1.3582126837257814e-22
1122018.4543019636 1.1125756756840313e-22
1258925.4117941675 9.07658475921865e-23
1412537.544622754 7.374451459135406e-23
1584893.1924611134 5.964073115414309e-23
1778279.410038923 4.7996958726510955e-23
1995262.3149688798 3.8425384163569504e-23
2238721.13856834 3.059302551778087e-23
2511886.4315095795 2.4170067687921316e-23
2818382.9312644536 1.896821692486206e-23
3162277.660168379 1.4780856347831647e-23
3548133.8923357553 1.1431108637320105e-23
3981071.705534973 8.76959209844093e-24
4466835.92150963 6.670991732527714e-24
5011872.336272722 5.018200010044008e-24
5623413.251903491 3.737241713325307e-24
6309573.444801933 2.756159392390681e-24
7079457.84384138 2.01177838461771e-24
7943282.347242814 1.4526790860758645e-24
8912509.381337455 1.0380830277194842e-24
10000000.0 7.315436402402157e-25
11220184.543019636 5.098020657118422e-25
12589254.117941674 3.515920758130366e-25
14125375.446227545 2.4006610553754587e-25
15848931.924611134 1.623229271154991e-25
17782794.10038923 1.0871328288395503e-25
19952623.149688795 7.215419497260695e-26
22387211.385683395 4.783190158919292e-26
25118864.3150958 3.1755759167708544e-26
28183829.312644538 2.1182273635619832e-26
31622776.601683795 1.4261345849975978e-26
35481338.92335755 9.758200364201891e-27
39810717.05534972 6.885557986109521e-27
44668359.21509632 4.994543060151471e-27
50118723.362727225 3.713114702705837e-27
56234132.51903491 2.812550486200186e-27
63095734.448019326 2.164642943992492e-27
70794578.4384138 1.683368728727335e-27
79432823.47242814 1.279081440006873e-27
89125093.81337455 9.240789548804626e-28
100000000.0 6.9635800724917095e-28
113646366.63857242 1e-300
129154966.50148827 1e-300
146779926.76220676 1e-300
166810053.72000557 1e-300
189573565.24063793 1e-300
215443469.00318867 1e-300
244843674.68222293 1e-300
278255940.2207126 1e-300
316227766.01683795 1e-300
