10023.7446725 3.58321519315e-17
14011.6730399 2.23273157975e-17
17999.6014073 1.54486603367e-17
21987.5297747 1.14383977749e-17
25975.4581421 8.84912574074e-18
29963.3865095 7.07815993062e-18
33951.3148769 5.79547550058e-18
37939.2432443 4.84062774722e-18
41927.1716117 4.10725329907e-18
45915.0999791 3.52426800111e-18
49903.0283464 3.05468106045e-18
53890.9567138 2.6951759465e-18
57878.8850812 2.37979092425e-18
61866.8134486 2.1201842286e-18
65854.741816 1.90426859297e-18
69842.6701834 1.71144005848e-18
73830.5985508 1.55512638969e-18
77818.5269182 1.41307285346e-18
81806.4552856 1.29167984135e-18
85794.3836529 1.18733426475e-18
89782.3120203 1.08606335535e-18
93770.2403877 1.00923512377e-18
97758.1687551 9.32406892199e-19
101746.097123 8.63339794026e-19
105734.02549 8.07027146524e-19
109721.953857 7.50714499022e-19
113709.882225 6.99151821808e-19
117697.810592 6.58095520194e-19
121685.738959 6.1703921858e-19
125673.667327 5.75982916965e-19
129661.595694 5.44571031469e-19
133649.524062 5.14598255864e-19
137637.452429 4.84625480258e-19
141625.380796 4.54727852168e-19
145613.309164 4.33028143381e-19
149601.237531 4.11328434594e-19
153589.165899 3.89628725807e-19
157577.094266 3.67929017019e-19
161565.022633 3.50307252834e-19
165552.951001 3.34632104105e-19
169540.879368 3.18956955377e-19
173528.807736 3.03281806649e-19
177516.736103 2.87606657921e-19
181504.66447 2.75483601818e-19
185492.592838 2.64161070001e-19
189480.521205 2.52838538184e-19
193468.449572 2.41516006367e-19
197456.37794 2.3019347455e-19
201444.306307 2.20033962169e-19
205432.234675 2.1192268698e-19
209420.163042 2.0381141179e-19
213408.091409 1.95700136601e-19
217396.019777 1.87588861412e-19
221383.948144 1.79477586223e-19
225371.876512 1.71936566325e-19
229359.804879 1.66174155997e-19
233347.733246 1.60411745668e-19
237335.661614 1.54649335339e-19
241323.589981 1.4888692501e-19
245311.518349 1.43124514681e-19
249299.446716 1.37362104352e-19
253287.375083 1.32223618378e-19
257275.303451 1.28117453596e-19
261263.231818 1.24011288814e-19
265251.160185 1.19905124032e-19
269239.088553 1.15798959249e-19
273227.01692 1.11692794467e-19
277214.945288 1.07586629685e-19
281202.873655 1.03480464903e-19
285190.802022 1.00197249431e-19
289178.73039 9.73141574845e-20
293166.658757 9.44310655383e-20
297154.587125 9.15479735922e-20
301142.515492 8.8664881646e-20
305130.443859 8.57817896999e-20
309118.372227 8.28986977537e-20
313106.300594 8.00156058076e-20
317094.228962 7.71578890079e-20
321082.157329 7.51502521671e-20
325070.085696 7.31426153263e-20
329058.014064 7.11349784855e-20
333045.942431 6.91273416447e-20
337033.870798 6.7119704804e-20
341021.799166 6.51120679632e-20
345009.727533 6.31044311224e-20
348997.655901 6.10967942816e-20
352985.584268 5.90891574408e-20
356973.512635 5.72824657361e-20
360961.441003 5.58830075393e-20
364949.36937 5.44835493425e-20
368937.297738 5.30840911458e-20
372925.226105 5.1684632949e-20
376913.154472 5.02851747522e-20
380901.08284 4.88857165554e-20
384889.011207 4.74862583586e-20
388876.939575 4.60868001618e-20
392864.867942 4.46873419651e-20
396852.796309 4.32878837683e-20
400840.724677 4.20869813406e-20
404828.653044 4.11303141469e-20
408816.581412 4.01736469531e-20
412804.509779 3.92169797594e-20
416792.438146 3.82603125656e-20
420780.366514 3.73036453719e-20
424768.294881 3.63469781781e-20
428756.223248 3.53903109844e-20
432744.151616 3.44336437906e-20
436732.079983 3.34769765969e-20
440720.008351 3.25203094031e-20
444707.936718 3.15636422094e-20
448695.865085 3.06812715273e-20
452683.793453 3.00359510452e-20
456671.72182 2.93906305632e-20
460659.650188 2.87453100811e-20
464647.578555 2.8099989599e-20
468635.506922 2.7454669117e-20
472623.43529 2.68093486349e-20
476611.363657 2.61640281528e-20
480599.292025 2.55187076708e-20
484587.220392 2.48733871887e-20
488575.148759 2.42280667066e-20
492563.077127 2.35827462246e-20
496551.005494 2.29374257425e-20
500538.933861 2.22921052605e-20
504526.862229 2.17605364285e-20
508514.790596 2.13262498656e-20
512502.718964 2.08919633026e-20
516490.647331 2.04576767397e-20
520478.575698 2.00233901767e-20
524466.504066 1.95891036138e-20
528454.432433 1.91548170509e-20
532442.360801 1.87205304879e-20
536430.289168 1.8286243925e-20
540418.217535 1.7851957362e-20
544406.145903 1.74176707991e-20
548394.07427 1.69833842362e-20
552382.002638 1.65490976732e-20
556369.931005 1.61148111103e-20
560357.859372 1.56805245474e-20
564345.78774 1.52714954851e-20
568333.716107 1.49877242832e-20
572321.644474 1.47039530812e-20
576309.572842 1.44201818793e-20
580297.501209 1.41364106774e-20
584285.429577 1.38526394755e-20
588273.357944 1.35688682735e-20
592261.286311 1.32850970716e-20
596249.214679 1.30013258697e-20
600237.143046 1.27175546678e-20
604225.071414 1.24337834658e-20
608212.999781 1.21500122639e-20
612200.928148 1.1866241062e-20
616188.856516 1.15824698601e-20
620176.784883 1.12986986581e-20
624164.713251 1.10149274562e-20
628152.641618 1.07311562543e-20
632140.569985 1.04473850524e-20
636128.498353 1.02572503457e-20
640116.42672 1.00751451007e-20
644104.355088 9.89303985573e-21
648092.283455 9.71093461074e-21
652080.211822 9.52882936575e-21
656068.14019 9.34672412077e-21
660056.068557 9.16461887578e-21
664043.996924 8.98251363079e-21
668031.925292 8.80040838581e-21
672019.853659 8.61830314082e-21
676007.782027 8.43619789583e-21
679995.710394 8.25409265085e-21
683983.638761 8.07198740586e-21
687971.567129 7.88988216087e-21
691959.495496 7.70777691589e-21
695947.423864 7.5256716709e-21
699935.352231 7.34356642591e-21
703923.280598 7.16146118093e-21
707911.208966 6.97935593594e-21
711899.137333 6.83560703046e-21
715887.065701 6.72081612419e-21
719874.994068 6.60602521792e-21
723862.922435 6.49123431165e-21
727850.850803 6.37644340537e-21
731838.77917 6.2616524991e-21
735826.707537 6.14686159283e-21
739814.635905 6.03207068656e-21
743802.564272 5.91727978029e-21
747790.49264 5.80248887402e-21
751778.421007 5.68769796775e-21
755766.349374 5.57290706148e-21
759754.277742 5.45811615521e-21
763742.206109 5.34332524894e-21
767730.134477 5.22853434267e-21
771718.062844 5.11374343639e-21
775705.991211 4.99895253012e-21
779693.919579 4.88416162385e-21
783681.847946 4.76937071758e-21
787669.776314 4.65457981131e-21
791657.704681 4.53978890504e-21
795645.633048 4.42499799877e-21
799633.561416 4.34890710308e-21
803621.489783 4.27925305729e-21
807609.41815 4.2095990115e-21
811597.346518 4.1399449657e-21
815585.274885 4.07029091991e-21
819573.203253 4.00063687412e-21
823561.13162 3.93098282833e-21
827549.059987 3.86132878254e-21
831536.988355 3.79167473674e-21
835524.916722 3.72202069095e-21
839512.84509 3.65236664516e-21
843500.773457 3.58271259937e-21
847488.701824 3.51305855357e-21
851476.630192 3.44340450778e-21
855464.558559 3.37375046199e-21
859452.486927 3.3040964162e-21
863440.415294 3.23444237041e-21
867428.343661 3.16478832461e-21
871416.272029 3.09513427882e-21
875404.200396 3.02548023303e-21
879392.128763 2.95582618724e-21
883380.057131 2.88617214144e-21
887367.985498 2.81651809565e-21
891355.913866 2.74686404986e-21
895343.842233 2.69151016218e-21
899331.7706 2.65070683724e-21
903319.698968 2.6099035123e-21
907307.627335 2.56910018735e-21
911295.555703 2.52829686241e-21
915283.48407 2.48749353747e-21
919271.412437 2.44669021253e-21
923259.340805 2.40588688759e-21
927247.269172 2.36508356265e-21
931235.19754 2.3242802377e-21
935223.125907 2.28347691276e-21
939211.054274 2.24267358782e-21
943198.982642 2.20187026288e-21
947186.911009 2.16106693794e-21
951174.839377 2.120263613e-21
955162.767744 2.07946028805e-21
959150.696111 2.03865696311e-21
963138.624479 1.99785363817e-21
967126.552846 1.95705031323e-21
971114.481213 1.91624698829e-21
975102.409581 1.87544366335e-21
979090.337948 1.83464033841e-21
983078.266316 1.79383701346e-21
987066.194683 1.75303368852e-21
991054.12305 1.71223036358e-21
995042.051418 1.67142703864e-21
999029.979785 1.6306237137e-21
1003017.90815 1.59268848504e-21
1007005.83652 1.5696610935e-21
1010993.76489 1.54663370196e-21
1014981.69325 1.52360631042e-21
1018969.62162 1.50057891888e-21
1022957.54999 1.47755152733e-21
1026945.47836 1.45452413579e-21
1030933.40672 1.43149674425e-21
1034921.33509 1.40846935271e-21
1038909.26346 1.38544196117e-21
1042897.19183 1.36241456962e-21
1046885.12019 1.33938717808e-21
1050873.04856 1.31635978654e-21
1054860.97693 1.293332395e-21
1058848.9053 1.27030500346e-21
1062836.83366 1.24727761191e-21
1066824.76203 1.22425022037e-21
1070812.6904 1.20122282883e-21
1074800.61877 1.17819543729e-21
1078788.54713 1.15516804575e-21
1082776.4755 1.1321406542e-21
1086764.40387 1.10911326266e-21
1090752.33224 1.08608587112e-21
1094740.2606 1.06305847958e-21
1098728.18897 1.04003108804e-21
1102716.11734 1.01700369649e-21
1106704.0457 9.93976304952e-22
1110691.97407 9.7094891341e-22
1114679.90244 9.47921521868e-22
1118667.83081 9.24894130326e-22
1122655.75917 9.01866738784e-22
1126643.68754 8.84130383956e-22
1130631.61591 8.71862745376e-22
1134619.54428 8.59595106797e-22
1138607.47264 8.47327468218e-22
1142595.40101 8.35059829638e-22
1146583.32938 8.22792191059e-22
1150571.25775 8.1052455248e-22
1154559.18611 7.982569139e-22
1158547.11448 7.85989275321e-22
1162535.04285 7.73721636742e-22
1166522.97122 7.61453998163e-22
1170510.89958 7.49186359583e-22
1174498.82795 7.36918721004e-22
1178486.75632 7.24651082425e-22
1182474.68469 7.12383443845e-22
1186462.61305 7.00115805266e-22
1190450.54142 6.87848166687e-22
1194438.46979 6.75580528107e-22
1198426.39815 6.63312889528e-22
1202414.32652 6.51045250949e-22
1206402.25489 6.3877761237e-22
1210390.18326 6.2650997379e-22
1214378.11162 6.14242335211e-22
1218366.03999 6.01974696632e-22
1222353.96836 5.89707058052e-22
1226341.89673 5.77439419473e-22
1230329.82509 5.65171780894e-22
1234317.75346 5.52904142314e-22
1238305.68183 5.40636503735e-22
1242293.6102 5.28368865156e-22
1246281.53856 5.16101226577e-22
1250269.46693 5.03833587997e-22
1254257.3953 4.91565949418e-22
1258245.32367 4.79298310839e-22
1262233.25203 4.67523064974e-22
1266221.1804 4.61419439257e-22
1270209.10877 4.5531581354e-22
1274197.03714 4.49212187822e-22
1278184.9655 4.43108562105e-22
1282172.89387 4.37004936387e-22
1286160.82224 4.3090131067e-22
1290148.7506 4.24797684953e-22
1294136.67897 4.18694059235e-22
1298124.60734 4.12590433518e-22
1302112.53571 4.06486807801e-22
1306100.46407 4.00383182083e-22
1310088.39244 3.94279556366e-22
1314076.32081 3.88175930648e-22
1318064.24918 3.82072304931e-22
1322052.17754 3.75968679214e-22
1326040.10591 3.69865053496e-22
1330028.03428 3.63761427779e-22
1334015.96265 3.57657802061e-22
1338003.89101 3.51554176344e-22
1341991.81938 3.45450550627e-22
1345979.74775 3.39346924909e-22
1349967.67612 3.33243299192e-22
1353955.60448 3.27139673474e-22
1357943.53285 3.21036047757e-22
1361931.46122 3.1493242204e-22
1365919.38959 3.08828796322e-22
1369907.31795 3.02725170605e-22
1373895.24632 2.96621544887e-22
1377883.17469 2.9051791917e-22
1381871.10305 2.84414293453e-22
1385859.03142 2.78310667735e-22
1389846.95979 2.72207042018e-22
1393834.88816 2.661034163e-22
1397822.81652 2.59999790583e-22
1401810.74489 2.53896164866e-22
1405798.67326 2.47792539148e-22
1409786.60163 2.41688913431e-22
1413774.52999 2.35585287713e-22
1417762.45836 2.31043807527e-22
1421750.38673 2.28270001219e-22
1425738.3151 2.2549619491e-22
1429726.24346 2.22722388602e-22
1433714.17183 2.19948582293e-22
1437702.1002 2.17174775985e-22
1441690.02857 2.14400969676e-22
1445677.95693 2.11627163367e-22
1449665.8853 2.08853357059e-22
1453653.81367 2.0607955075e-22
1457641.74204 2.03305744442e-22
1461629.6704 2.00531938133e-22
1465617.59877 1.97758131825e-22
1469605.52714 1.94984325516e-22
1473593.4555 1.92210519208e-22
1477581.38387 1.89436712899e-22
1481569.31224 1.86662906591e-22
1485557.24061 1.83889100282e-22
1489545.16897 1.81115293973e-22
1493533.09734 1.78341487665e-22
1497521.02571 1.75567681356e-22
1501508.95408 1.72793875048e-22
1505496.88244 1.70020068739e-22
1509484.81081 1.67246262431e-22
1513472.73918 1.64472456122e-22
1517460.66755 1.61698649814e-22
1521448.59591 1.58924843505e-22
1525436.52428 1.56151037197e-22
1529424.45265 1.53377230888e-22
1533412.38102 1.50603424579e-22
1537400.30938 1.47829618271e-22
1541388.23775 1.45055811962e-22
1545376.16612 1.42282005654e-22
1549364.09448 1.39508199345e-22
1553352.02285 1.36734393037e-22
1557339.95122 1.33960586728e-22
1561327.87959 1.3118678042e-22
1565315.80795 1.28412974111e-22
1569303.73632 1.25639167803e-22
1573291.66469 1.22865361494e-22
1577279.59306 1.20091555185e-22
1581267.52142 1.17317748877e-22
1585255.44979 1.14543942568e-22
1589243.37816 1.12009430708e-22
1593231.30653 1.10861582747e-22
1597219.23489 1.09713734787e-22
1601207.16326 1.08565886826e-22
1605195.09163 1.07418038866e-22
1609183.02 1.06270190905e-22
1613170.94836 1.05122342945e-22
1617158.87673 1.03974494984e-22
1621146.8051 1.02826647023e-22
1625134.73347 1.01678799063e-22
1629122.66183 1.00530951102e-22
1633110.5902 9.93831031418e-23
1637098.51857 9.82352551813e-23
1641086.44693 9.70874072207e-23
1645074.3753 9.59395592602e-23
1649062.30367 9.47917112997e-23
1653050.23204 9.36438633391e-23
1657038.1604 9.24960153786e-23
1661026.08877 9.1348167418e-23
1665014.01714 9.02003194575e-23
1669001.94551 8.9052471497e-23
1672989.87387 8.79046235364e-23
1676977.80224 8.67567755759e-23
1680965.73061 8.56089276153e-23
1684953.65898 8.44610796548e-23
1688941.58734 8.33132316943e-23
1692929.51571 8.21653837337e-23
1696917.44408 8.10175357732e-23
1700905.37245 7.98696878126e-23
1704893.30081 7.87218398521e-23
1708881.22918 7.75739918916e-23
1712869.15755 7.6426143931e-23
1716857.08592 7.52782959705e-23
1720845.01428 7.41304480099e-23
1724832.94265 7.29826000494e-23
1728820.87102 7.18347520888e-23
1732808.79938 7.06869041283e-23
1736796.72775 6.95390561678e-23
1740784.65612 6.83912082072e-23
1744772.58449 6.72433602467e-23
1748760.51285 6.60955122861e-23
1752748.44122 6.49476643256e-23
1756736.36959 6.37998163651e-23
1760724.29796 6.26519684045e-23
1764712.22632 6.1504120444e-23
1768700.15469 6.03562724834e-23
1772688.08306 5.92084245229e-23
1776676.01143 5.80605765624e-23
1780663.93979 5.69127286018e-23
1784651.86816 5.61588441668e-23
1788639.79653 5.57417423659e-23
1792627.7249 5.5324640565e-23
1796615.65326 5.49075387641e-23
1800603.58163 5.44904369631e-23
1804591.51 5.40733351622e-23
1808579.43837 5.36562333613e-23
1812567.36673 5.32391315603e-23
1816555.2951 5.28220297594e-23
1820543.22347 5.24049279585e-23
1824531.15183 5.19878261575e-23
1828519.0802 5.15707243566e-23
1832507.00857 5.11536225557e-23
1836494.93694 5.07365207547e-23
1840482.8653 5.03194189538e-23
1844470.79367 4.99023171529e-23
1848458.72204 4.94852153519e-23
1852446.65041 4.9068113551e-23
1856434.57877 4.86510117501e-23
1860422.50714 4.82339099491e-23
1864410.43551 4.78168081482e-23
1868398.36388 4.73997063473e-23
1872386.29224 4.69826045463e-23
1876374.22061 4.65655027454e-23
1880362.14898 4.61484009445e-23
1884350.07735 4.57312991435e-23
1888338.00571 4.53141973426e-23
1892325.93408 4.48970955417e-23
1896313.86245 4.44799937407e-23
1900301.79082 4.40628919398e-23
1904289.71918 4.36457901389e-23
1908277.64755 4.3228688338e-23
1912265.57592 4.2811586537e-23
1916253.50428 4.23944847361e-23
1920241.43265 4.19773829352e-23
1924229.36102 4.15602811342e-23
1928217.28939 4.11431793333e-23
1932205.21775 4.07260775324e-23
1936193.14612 4.03089757314e-23
1940181.07449 3.98918739305e-23
1944169.00286 3.94747721296e-23
1948156.93122 3.90576703286e-23
1952144.85959 3.86405685277e-23
1956132.78796 3.82234667268e-23
1960120.71633 3.78063649258e-23
1964108.64469 3.73892631249e-23
1968096.57306 3.6972161324e-23
1972084.50143 3.6555059523e-23
1976072.4298 3.61379577221e-23
1980060.35816 3.57208559212e-23
1984048.28653 3.53037541202e-23
1988036.2149 3.48866523193e-23
1992024.14327 3.44695505184e-23
1996012.07163 3.40524487174e-23
2000000.0 3.36353469165e-23
3510427.40349 1e-300
6161550.27758 1e-300
10814837.4712 1e-300
18982350.9116 1e-300
33318082.4114 1e-300
58480354.7643 1e-300
102645519.965 1e-300
180164823.065 1e-300
316227766.017 1e-300
