300.0 5.2549563155121196e-14
336.60553629058893 4.869685477524025e-14
377.67762353825026 4.489568648815848e-14
423.76126338682616 4.11835929472306e-14
475.46795773833423 3.75599124632311e-14
533.4838230116768 3.4102636676085584e-14
598.5786944906637 3.083159898890958e-14
671.616341570502 2.7756263086390342e-14
753.5659294528738 2.4883639593455602e-14
845.5148793793364 2.2222533560904723e-14
948.6832980505137 1.974888326741331e-14
1064.440167700726 1.7479071422239622e-14
1194.321511660492 1.5406733049978774e-14
1340.050776452889 1.3523263181373912e-14
1503.5617008818174 1.1818021645109193e-14
1687.0239755710472 1.027882743806764e-14
1892.8720334405791 8.883088278706983e-15
2123.837353152414 7.633232310751101e-15
2382.984704172844 6.520474004916418e-15
2673.7528144012376 5.537741641461976e-15
3000.0 4.6786968302965224e-15
3366.0553629058904 3.9369106811004564e-15
3776.7762353825024 3.2996024221664327e-15
4237.6126338682625 2.7513053141647712e-15
4754.679577383341 2.281022063589857e-15
5334.8382301167685 1.8797777581594246e-15
5985.786944906639 1.5394373548353666e-15
6716.163415705019 1.2522671405198491e-15
7535.659294528738 1.009404880418748e-15
8455.148793793362 8.072299078160562e-16
9486.832980505138 6.403821919141533e-16
10644.401677007265 5.037763213713629e-16
11943.21511660492 3.927808989321375e-16
13400.50776452889 3.032895029026429e-16
15035.617008818166 2.31157948168534e-16
16870.23975571047 1.74260803045457e-16
18928.7203344058 1.2989233797563796e-16
21238.37353152414 9.568932009487174e-17
23829.84704172844 6.964103074679993e-17
26737.528144012365 5.006221387880368e-17
30000.0 3.53829365395066e-17
33660.55362905891 2.4679594438986635e-17
37767.76235382502 1.6987173103594435e-17
42376.12633868263 1.1522876597230959e-17
47546.7957738334 7.695419191880648e-18
53348.38230116769 5.065040810311724e-18
59857.86944906639 3.256557030153181e-18
67161.63415705018 2.0531787077419203e-18
75356.5929452874 1.2685445414008442e-18
84551.48793793362 7.669982004812873e-19
94868.32980505138 4.531698357176939e-19
106444.01677007263 2.614065186876056e-19
119432.15116604917 1.4615761249078112e-19
134005.07764528893 7.950393201267825e-20
150356.17008818168 4.171677239383368e-20
168702.3975571047 2.0977863934077306e-20
189287.20334405798 9.495930809690396e-21
212383.73531524139 3.836821334088438e-21
238298.47041728444 1.4074894604190186e-21
267375.2814401237 5.02201595135312e-22
300000.0 2.4972701100240063e-22
650124.7067126234 1e-300
1408873.7809272478 1e-300
3053145.512068098 1e-300
6616417.768614112 1e-300
14338322.20436146 1e-300
31072325.05953855 1e-300
67336287.38737263 1e-300
145923280.29610842 1e-300
316227766.01683795 1e-300
