10023.7446725 2.97789108494e-19
14011.6730399 2.19850785954e-19
17999.6014073 1.74722289909e-19
21987.5297747 1.45214699088e-19
25975.4581421 1.2425087515e-19
29963.3865095 1.08616677229e-19
33951.3148769 9.63498813897e-20
37939.2432443 8.6497618848e-20
41927.1716117 7.84085698852e-20
45915.0999791 7.16342464244e-20
49903.0283464 6.59445021991e-20
53890.9567138 6.13087341388e-20
57878.8850812 5.7123338406e-20
61866.8134486 5.35177899898e-20
65854.741816 5.03627842614e-20
69842.6701834 4.7445852972e-20
73830.5985508 4.49393470767e-20
77818.5269182 4.2593124409e-20
81806.4552856 4.05008075312e-20
85794.3836529 3.86179936916e-20
89782.3120203 3.67804899441e-20
93770.2403877 3.53031877752e-20
97758.1687551 3.38258856064e-20
101746.097123 3.24624486022e-20
105734.02549 3.12861347346e-20
109721.953857 3.01098208669e-20
113709.882225 2.90065332285e-20
117697.810592 2.80647710197e-20
121685.738959 2.71230088109e-20
125673.667327 2.6181246602e-20
129661.595694 2.53986930575e-20
133649.524062 2.46398961366e-20
137637.452429 2.38810992156e-20
141625.380796 2.31236334124e-20
145613.309164 2.25113805954e-20
149601.237531 2.18991277785e-20
153589.165899 2.12868749616e-20
157577.094266 2.06746221446e-20
161565.022633 2.01472301156e-20
165552.951001 1.96603465625e-20
169540.879368 1.91734630095e-20
173528.807736 1.86865794565e-20
177516.736103 1.81996959035e-20
181504.66447 1.78018239162e-20
185492.592838 1.74240121941e-20
189480.521205 1.7046200472e-20
193468.449572 1.66683887499e-20
197456.37794 1.62905770278e-20
201444.306307 1.59390762482e-20
205432.234675 1.5633912657e-20
209420.163042 1.53287490659e-20
213408.091409 1.50235854747e-20
217396.019777 1.47184218835e-20
221383.948144 1.44132582924e-20
225371.876512 1.41231424554e-20
229359.804879 1.38799601233e-20
233347.733246 1.36367777912e-20
237335.661614 1.33935954591e-20
241323.589981 1.3150413127e-20
245311.518349 1.29072307949e-20
249299.446716 1.26640484627e-20
253287.375083 1.24393010477e-20
257275.303451 1.2245055336e-20
261263.231818 1.20508096243e-20
265251.160185 1.18565639125e-20
269239.088553 1.16623182008e-20
273227.01692 1.14680724891e-20
277214.945288 1.12738267774e-20
281202.873655 1.10795810656e-20
285190.802022 1.09124355486e-20
289178.73039 1.07584663297e-20
293166.658757 1.06044971109e-20
297154.587125 1.0450527892e-20
301142.515492 1.02965586731e-20
305130.443859 1.01425894542e-20
309118.372227 9.98862023536e-21
313106.300594 9.83465101648e-21
317094.228962 9.68155308534e-21
321082.157329 9.55764372461e-21
325070.085696 9.43373436388e-21
329058.014064 9.30982500314e-21
333045.942431 9.18591564241e-21
337033.870798 9.06200628168e-21
341021.799166 8.93809692094e-21
345009.727533 8.81418756021e-21
348997.655901 8.69027819947e-21
352985.584268 8.56636883874e-21
356973.512635 8.45126152015e-21
360961.441003 8.35399233674e-21
364949.36937 8.25672315333e-21
368937.297738 8.15945396992e-21
372925.226105 8.06218478651e-21
376913.154472 7.9649156031e-21
380901.08284 7.86764641969e-21
384889.011207 7.77037723628e-21
388876.939575 7.67310805287e-21
392864.867942 7.57583886946e-21
396852.796309 7.47856968605e-21
400840.724677 7.39042281181e-21
404828.653044 7.3134969125e-21
408816.581412 7.2365710132e-21
412804.509779 7.1596451139e-21
416792.438146 7.0827192146e-21
420780.366514 7.0057933153e-21
424768.294881 6.928867416e-21
428756.223248 6.8519415167e-21
432744.151616 6.7750156174e-21
436732.079983 6.6980897181e-21
440720.008351 6.6211638188e-21
444707.936718 6.5442379195e-21
448695.865085 6.47086148971e-21
452683.793453 6.40880998538e-21
456671.72182 6.34675848106e-21
460659.650188 6.28470697674e-21
464647.578555 6.22265547242e-21
468635.506922 6.1606039681e-21
472623.43529 6.09855246378e-21
476611.363657 6.03650095946e-21
480599.292025 5.97444945513e-21
484587.220392 5.91239795081e-21
488575.148759 5.85034644649e-21
492563.077127 5.78829494217e-21
496551.005494 5.72624343785e-21
500538.933861 5.66419193353e-21
504526.862229 5.60942239173e-21
508514.790596 5.56088050323e-21
512502.718964 5.51233861473e-21
516490.647331 5.46379672623e-21
520478.575698 5.41525483772e-21
524466.504066 5.36671294922e-21
528454.432433 5.31817106072e-21
532442.360801 5.26962917222e-21
536430.289168 5.22108728371e-21
540418.217535 5.17254539521e-21
544406.145903 5.12400350671e-21
548394.07427 5.07546161821e-21
552382.002638 5.0269197297e-21
556369.931005 4.9783778412e-21
560357.859372 4.9298359527e-21
564345.78774 4.88303142922e-21
568333.716107 4.84484290571e-21
572321.644474 4.8066543822e-21
576309.572842 4.7684658587e-21
580297.501209 4.73027733519e-21
584285.429577 4.69208881169e-21
588273.357944 4.65390028818e-21
592261.286311 4.61571176468e-21
596249.214679 4.57752324117e-21
600237.143046 4.53933471766e-21
604225.071414 4.50114619416e-21
608212.999781 4.46295767065e-21
612200.928148 4.42476914715e-21
616188.856516 4.38658062364e-21
620176.784883 4.34839210013e-21
624164.713251 4.31020357663e-21
628152.641618 4.27201505312e-21
632140.569985 4.23382652962e-21
636128.498353 4.20312879363e-21
640116.42672 4.17307340325e-21
644104.355088 4.14301801287e-21
648092.283455 4.11296262249e-21
652080.211822 4.08290723211e-21
656068.14019 4.05285184172e-21
660056.068557 4.02279645134e-21
664043.996924 3.99274106096e-21
668031.925292 3.96268567058e-21
672019.853659 3.9326302802e-21
676007.782027 3.90257488982e-21
679995.710394 3.87251949944e-21
683983.638761 3.84246410906e-21
687971.567129 3.81240871868e-21
691959.495496 3.7823533283e-21
695947.423864 3.75229793792e-21
699935.352231 3.72224254754e-21
703923.280598 3.69218715716e-21
707911.208966 3.66213176677e-21
711899.137333 3.63583434739e-21
715887.065701 3.6123740945e-21
719874.994068 3.5889138416e-21
723862.922435 3.56545358871e-21
727850.850803 3.54199333581e-21
731838.77917 3.51853308292e-21
735826.707537 3.49507283002e-21
739814.635905 3.47161257713e-21
743802.564272 3.44815232423e-21
747790.49264 3.42469207134e-21
751778.421007 3.40123181844e-21
755766.349374 3.37777156555e-21
759754.277742 3.35431131266e-21
763742.206109 3.33085105976e-21
767730.134477 3.30739080687e-21
771718.062844 3.28393055397e-21
775705.991211 3.26047030108e-21
779693.919579 3.23701004818e-21
783681.847946 3.21354979529e-21
787669.776314 3.19008954239e-21
791657.704681 3.1666292895e-21
795645.633048 3.14316903661e-21
799633.561416 3.12392811606e-21
803621.489783 3.10538898367e-21
807609.41815 3.08684985129e-21
811597.346518 3.0683107189e-21
815585.274885 3.04977158651e-21
819573.203253 3.03123245412e-21
823561.13162 3.01269332173e-21
827549.059987 2.99415418935e-21
831536.988355 2.97561505696e-21
835524.916722 2.95707592457e-21
839512.84509 2.93853679218e-21
843500.773457 2.91999765979e-21
847488.701824 2.9014585274e-21
851476.630192 2.88291939502e-21
855464.558559 2.86438026263e-21
859452.486927 2.84584113024e-21
863440.415294 2.82730199785e-21
867428.343661 2.80876286546e-21
871416.272029 2.79022373308e-21
875404.200396 2.77168460069e-21
879392.128763 2.7531454683e-21
883380.057131 2.73460633591e-21
887367.985498 2.71606720352e-21
891355.913866 2.69752807113e-21
895343.842233 2.68097936102e-21
899331.7706 2.6664559267e-21
903319.698968 2.65193249238e-21
907307.627335 2.63740905806e-21
911295.555703 2.62288562374e-21
915283.48407 2.60836218943e-21
919271.412437 2.59383875511e-21
923259.340805 2.57931532079e-21
927247.269172 2.56479188647e-21
931235.19754 2.55026845215e-21
935223.125907 2.53574501783e-21
939211.054274 2.52122158352e-21
943198.982642 2.5066981492e-21
947186.911009 2.49217471488e-21
951174.839377 2.47765128056e-21
955162.767744 2.46312784624e-21
959150.696111 2.44860441192e-21
963138.624479 2.43408097761e-21
967126.552846 2.41955754329e-21
971114.481213 2.40503410897e-21
975102.409581 2.39051067465e-21
979090.337948 2.37598724033e-21
983078.266316 2.36146380601e-21
987066.194683 2.3469403717e-21
991054.12305 2.33241693738e-21
995042.051418 2.31789350306e-21
999029.979785 2.30337006874e-21
1003017.90815 2.28939197788e-21
1007005.83652 2.27824848201e-21
1010993.76489 2.26710498615e-21
1014981.69325 2.25596149029e-21
1018969.62162 2.24481799442e-21
1022957.54999 2.23367449856e-21
1026945.47836 2.22253100269e-21
1030933.40672 2.21138750683e-21
1034921.33509 2.20024401097e-21
1038909.26346 2.1891005151e-21
1042897.19183 2.17795701924e-21
1046885.12019 2.16681352337e-21
1050873.04856 2.15567002751e-21
1054860.97693 2.14452653165e-21
1058848.9053 2.13338303578e-21
1062836.83366 2.12223953992e-21
1066824.76203 2.11109604406e-21
1070812.6904 2.09995254819e-21
1074800.61877 2.08880905233e-21
1078788.54713 2.07766555646e-21
1082776.4755 2.0665220606e-21
1086764.40387 2.05537856474e-21
1090752.33224 2.04423506887e-21
1094740.2606 2.03309157301e-21
1098728.18897 2.02194807715e-21
1102716.11734 2.01080458128e-21
1106704.0457 1.99966108542e-21
1110691.97407 1.98851758955e-21
1114679.90244 1.97737409369e-21
1118667.83081 1.96623059783e-21
1122655.75917 1.95508710196e-21
1126643.68754 1.94522878159e-21
1130631.61591 1.93669879449e-21
1134619.54428 1.92816880738e-21
1138607.47264 1.91963882028e-21
1142595.40101 1.91110883317e-21
1146583.32938 1.90257884607e-21
1150571.25775 1.89404885897e-21
1154559.18611 1.88551887186e-21
1158547.11448 1.87698888476e-21
1162535.04285 1.86845889766e-21
1166522.97122 1.85992891055e-21
1170510.89958 1.85139892345e-21
1174498.82795 1.84286893635e-21
1178486.75632 1.83433894924e-21
1182474.68469 1.82580896214e-21
1186462.61305 1.81727897503e-21
1190450.54142 1.80874898793e-21
1194438.46979 1.80021900083e-21
1198426.39815 1.79168901372e-21
1202414.32652 1.78315902662e-21
1206402.25489 1.77462903952e-21
1210390.18326 1.76609905241e-21
1214378.11162 1.75756906531e-21
1218366.03999 1.7490390782e-21
1222353.96836 1.7405090911e-21
1226341.89673 1.731979104e-21
1230329.82509 1.72344911689e-21
1234317.75346 1.71491912979e-21
1238305.68183 1.70638914269e-21
1242293.6102 1.69785915558e-21
1246281.53856 1.68932916848e-21
1250269.46693 1.68079918137e-21
1254257.3953 1.67226919427e-21
1258245.32367 1.66373920717e-21
1262233.25203 1.65536734759e-21
1266221.1804 1.64881687818e-21
1270209.10877 1.64226640877e-21
1274197.03714 1.63571593936e-21
1278184.9655 1.62916546995e-21
1282172.89387 1.62261500054e-21
1286160.82224 1.61606453113e-21
1290148.7506 1.60951406172e-21
1294136.67897 1.60296359232e-21
1298124.60734 1.59641312291e-21
1302112.53571 1.5898626535e-21
1306100.46407 1.58331218409e-21
1310088.39244 1.57676171468e-21
1314076.32081 1.57021124527e-21
1318064.24918 1.56366077586e-21
1322052.17754 1.55711030645e-21
1326040.10591 1.55055983704e-21
1330028.03428 1.54400936763e-21
1334015.96265 1.53745889823e-21
1338003.89101 1.53090842882e-21
1341991.81938 1.52435795941e-21
1345979.74775 1.51780749e-21
1349967.67612 1.51125702059e-21
1353955.60448 1.50470655118e-21
1357943.53285 1.49815608177e-21
1361931.46122 1.49160561236e-21
1365919.38959 1.48505514295e-21
1369907.31795 1.47850467354e-21
1373895.24632 1.47195420414e-21
1377883.17469 1.46540373473e-21
1381871.10305 1.45885326532e-21
1385859.03142 1.45230279591e-21
1389846.95979 1.4457523265e-21
1393834.88816 1.43920185709e-21
1397822.81652 1.43265138768e-21
1401810.74489 1.42610091827e-21
1405798.67326 1.41955044886e-21
1409786.60163 1.41299997945e-21
1413774.52999 1.40644951005e-21
1417762.45836 1.40066291785e-21
1421750.38673 1.39574070465e-21
1425738.3151 1.39081849145e-21
1429726.24346 1.38589627826e-21
1433714.17183 1.38097406506e-21
1437702.1002 1.37605185186e-21
1441690.02857 1.37112963866e-21
1445677.95693 1.36620742547e-21
1449665.8853 1.36128521227e-21
1453653.81367 1.35636299907e-21
1457641.74204 1.35144078587e-21
1461629.6704 1.34651857268e-21
1465617.59877 1.34159635948e-21
1469605.52714 1.33667414628e-21
1473593.4555 1.33175193308e-21
1477581.38387 1.32682971989e-21
1481569.31224 1.32190750669e-21
1485557.24061 1.31698529349e-21
1489545.16897 1.31206308029e-21
1493533.09734 1.3071408671e-21
1497521.02571 1.3022186539e-21
1501508.95408 1.2972964407e-21
1505496.88244 1.29237422751e-21
1509484.81081 1.28745201431e-21
1513472.73918 1.28252980111e-21
1517460.66755 1.27760758791e-21
1521448.59591 1.27268537472e-21
1525436.52428 1.26776316152e-21
1529424.45265 1.26284094832e-21
1533412.38102 1.25791873512e-21
1537400.30938 1.25299652193e-21
1541388.23775 1.24807430873e-21
1545376.16612 1.24315209553e-21
1549364.09448 1.23822988233e-21
1553352.02285 1.23330766914e-21
1557339.95122 1.22838545594e-21
1561327.87959 1.22346324274e-21
1565315.80795 1.21854102954e-21
1569303.73632 1.21361881635e-21
1573291.66469 1.20869660315e-21
1577279.59306 1.20377438995e-21
1581267.52142 1.19885217676e-21
1585255.44979 1.19392996356e-21
1589243.37816 1.1891816059e-21
1593231.30653 1.18544070662e-21
1597219.23489 1.18169980734e-21
1601207.16326 1.17795890806e-21
1605195.09163 1.17421800878e-21
1609183.02 1.1704771095e-21
1613170.94836 1.16673621022e-21
1617158.87673 1.16299531094e-21
1621146.8051 1.15925441166e-21
1625134.73347 1.15551351238e-21
1629122.66183 1.1517726131e-21
1633110.5902 1.14803171382e-21
1637098.51857 1.14429081454e-21
1641086.44693 1.14054991526e-21
1645074.3753 1.13680901597e-21
1649062.30367 1.13306811669e-21
1653050.23204 1.12932721741e-21
1657038.1604 1.12558631813e-21
1661026.08877 1.12184541885e-21
1665014.01714 1.11810451957e-21
1669001.94551 1.11436362029e-21
1672989.87387 1.11062272101e-21
1676977.80224 1.10688182173e-21
1680965.73061 1.10314092245e-21
1684953.65898 1.09940002317e-21
1688941.58734 1.09565912389e-21
1692929.51571 1.09191822461e-21
1696917.44408 1.08817732533e-21
1700905.37245 1.08443642605e-21
1704893.30081 1.08069552677e-21
1708881.22918 1.07695462749e-21
1712869.15755 1.07321372821e-21
1716857.08592 1.06947282893e-21
1720845.01428 1.06573192965e-21
1724832.94265 1.06199103037e-21
1728820.87102 1.05825013109e-21
1732808.79938 1.05450923181e-21
1736796.72775 1.05076833253e-21
1740784.65612 1.04702743325e-21
1744772.58449 1.04328653397e-21
1748760.51285 1.03954563469e-21
1752748.44122 1.03580473541e-21
1756736.36959 1.03206383613e-21
1760724.29796 1.02832293685e-21
1764712.22632 1.02458203757e-21
1768700.15469 1.02084113829e-21
1772688.08306 1.01710023901e-21
1776676.01143 1.01335933973e-21
1780663.93979 1.00961844045e-21
1784651.86816 1.00648844404e-21
1788639.79653 1.00388068246e-21
1792627.7249 1.00127292088e-21
1796615.65326 9.98665159306e-22
1800603.58163 9.96057397729e-22
1804591.51 9.93449636152e-22
1808579.43837 9.90841874575e-22
1812567.36673 9.88234112998e-22
1816555.2951 9.85626351421e-22
1820543.22347 9.83018589844e-22
1824531.15183 9.80410828267e-22
1828519.0802 9.7780306669e-22
1832507.00857 9.75195305113e-22
1836494.93694 9.72587543536e-22
1840482.8653 9.69979781959e-22
1844470.79367 9.67372020382e-22
1848458.72204 9.64764258804e-22
1852446.65041 9.62156497227e-22
1856434.57877 9.5954873565e-22
1860422.50714 9.56940974073e-22
1864410.43551 9.54333212496e-22
1868398.36388 9.51725450919e-22
1872386.29224 9.49117689342e-22
1876374.22061 9.46509927765e-22
1880362.14898 9.43902166188e-22
1884350.07735 9.41294404611e-22
1888338.00571 9.38686643034e-22
1892325.93408 9.36078881457e-22
1896313.86245 9.3347111988e-22
1900301.79082 9.30863358303e-22
1904289.71918 9.28255596726e-22
1908277.64755 9.25647835149e-22
1912265.57592 9.23040073572e-22
1916253.50428 9.20432311995e-22
1920241.43265 9.17824550418e-22
1924229.36102 9.15216788841e-22
1928217.28939 9.12609027264e-22
1932205.21775 9.10001265687e-22
1936193.14612 9.0739350411e-22
1940181.07449 9.04785742533e-22
1944169.00286 9.02177980955e-22
1948156.93122 8.99570219378e-22
1952144.85959 8.96962457801e-22
1956132.78796 8.94354696224e-22
1960120.71633 8.91746934647e-22
1964108.64469 8.8913917307e-22
1968096.57306 8.86531411493e-22
1972084.50143 8.83923649916e-22
1976072.4298 8.81315888339e-22
1980060.35816 8.78708126762e-22
1984048.28653 8.76100365185e-22
1988036.2149 8.73492603608e-22
1992024.14327 8.70884842031e-22
1996012.07163 8.68277080454e-22
2000000.0 8.65669318877e-22
3510427.40349 1e-300
6161550.27758 1e-300
10814837.4712 1e-300
18982350.9116 1e-300
33318082.4114 1e-300
58480354.7643 1e-300
102645519.965 1e-300
180164823.065 1e-300
316227766.017 1e-300
