4000.0 1.8842224083444074e-17
4488.073817207853 1.695942322131403e-17
5035.70164717667 1.5240322139830454e-17
5650.150178491016 1.36719497949783e-17
6339.572769844456 1.2234386338247242e-17
7113.117640155691 1.092615923357773e-17
7981.049259875515 9.736463497548765e-18
8954.88455427336 8.656426393911304e-18
10047.545726038317 7.677543915718564e-18
11273.53172505782 6.790922498435846e-18
12649.110640673518 5.985185677002514e-18
14192.535569343014 5.25942724727509e-18
15924.286822139895 4.606886309639247e-18
17867.34368603852 4.021805717612284e-18
20047.4893450909 3.498926622699128e-18
22493.653007613964 3.0332125453681898e-18
25238.293779207725 2.6169795834907464e-18
28317.83137536552 2.249126680942639e-18
31773.129388971254 1.9252579581575077e-18
35650.037525349835 1.641395043560989e-18
40000.0 1.3937799236018502e-18
44880.73817207854 1.178792437977768e-18
50357.0164717667 9.918513515539778e-19
56501.501784910164 8.312133423981237e-19
63395.72769844454 6.937191252719484e-19
71131.17640155692 5.765370321664646e-19
79810.49259875518 4.77130741641361e-19
89548.8455427336 3.9322824236539942e-19
100475.45726038318 3.220649711640857e-19
112735.31725057815 2.6246106580613087e-19
126491.10640673517 2.1281779593362667e-19
141925.3556934302 1.7169562585658518e-19
159242.86822139894 1.3780471880960164e-19
178673.4368603852 1.100013739147946e-19
200474.8934509089 8.714285598262282e-20
224936.53007613964 6.859886405181283e-20
252382.9377920773 5.3659874462295195e-20
283178.31375365524 4.168914636939275e-20
317731.29388971254 3.2154375591190705e-20
356500.3752534982 2.4622155478170108e-20
400000.0 1.868112710962343e-20
448807.3817207854 1.4051232567742876e-20
503570.1647176669 1.0472169191191744e-20
565015.0178491018 7.73178070512085e-21
633957.2769844453 5.654496400593193e-21
711311.7640155692 4.095224243123817e-21
798104.9259875519 2.929297504162718e-21
895488.4554273358 2.077393278315729e-21
1004754.572603832 1.4620922510395285e-21
1127353.1725057815 1.0241119680907336e-21
1264911.0640673519 7.173516951350521e-22
1419253.556934302 5.060590941440013e-22
1592428.6822139889 3.6516339810927297e-22
1786734.3686038526 2.725276589277157e-22
2004748.934509089 2.13458173035203e-22
