100124.35513497007 1.3576296509500176e-18
100329.77099844538 1.346753918466852e-18
100535.60829461717 1.3358558732509262e-18
100741.86788809985 1.3254595945309762e-18
100948.5506452819 1.3184085707617674e-18
101155.65743432843 1.3113430810603446e-18
101363.18912518721 1.304263095748264e-18
101571.1465895891 1.2971685850862525e-18
101779.53070105503 1.2900595192739682e-18
101988.3423348964 1.2829358684499862e-18
102197.58236822214 1.275797602691561e-18
102407.25167993936 1.2686446920145976e-18
102617.35115075832 1.26147710637349e-18
102827.88166319745 1.2542948156609445e-18
103038.84410158408 1.247097789707957e-18
103250.23935206149 1.239885998283572e-18
103462.06830258973 1.2326594110948517e-18
103674.33184295057 1.2254179977867143e-18
103887.03086475261 1.2181617279417531e-18
104100.16626143188 1.2108905710802187e-18
104313.73892825918 1.203604496659768e-18
104527.74976234022 1.196303474075458e-18
104742.19966262313 1.1889874726594946e-18
104957.08952989888 1.181656461681212e-18
105172.42026680653 1.1743104103468976e-18
105388.19277783837 1.1669492877996153e-18
105604.40796934057 1.1595730631191843e-18
105821.06674952047 1.1521817053219266e-18
106038.17002844704 1.1447751833606584e-18
106255.71871805801 1.1373534661244405e-18
106473.71373216082 1.1299165224385488e-18
106692.1559864376 1.122464321064303e-18
106911.0463984505 1.114996830698886e-18
107130.38588764232 1.1075140199753226e-18
107350.175375344 1.1000158574622228e-18
107570.41578477489 1.092502311663772e-18
107791.10804105023 1.084973351019479e-18
108012.25307118187 1.0774289439041483e-18
108233.85180408356 1.0698690586277002e-18
108455.90517057614 1.0622936634349958e-18
108678.41410338829 1.054702726505807e-18
108901.37953716415 1.0470962159545636e-18
109124.802408464 1.039474099830322e-18
109348.6836557696 1.0318363461165894e-18
109573.0242194894 1.0241829227311417e-18
109797.82504195946 1.0165137975259958e-18
110023.0870674509 1.0088289382871522e-18
110248.81124217034 1.0011283127345819e-18
110474.99851426743 9.934118885219702e-19
110701.64983383573 9.856796332366843e-19
110928.76615291793 9.77931514399595e-19
111156.34842551146 9.701674994648905e-19
111384.39760756896 9.623875558200535e-19
111612.91465700629 9.545916507855917e-19
111841.90053370269 9.467797516150328e-19
112071.3561995085 9.389518254946585e-19
112301.2826182461 9.311078395434757e-19
112531.68075571516 9.232477608130343e-19
112762.55157969825 9.153715562872372e-19
112993.89605996157 9.074791928823161e-19
113225.71516826277 9.023576415005263e-19
113458.00987835173 8.973397875448923e-19
113690.7811659761 8.923116389231839e-19
113924.03000888684 8.872731745147673e-19
114157.75738683892 8.822243731557197e-19
114391.96428159928 8.77165213638656e-19
114626.65167694724 8.720956747127237e-19
114861.82055868222 8.670157350834316e-19
115097.47191462478 8.619253734126294e-19
115333.60673462212 8.568245683183903e-19
115570.22601055354 8.517132983748905e-19
115807.3307363315 8.465915421123876e-19
116044.92190790939 8.414592780170529e-19
116283.00052328204 8.36316484530959e-19
116521.5675824937 8.311631400519104e-19
116760.62408763886 8.259992229334222e-19
117000.1710428679 8.208247114845998e-19
117240.20945439281 8.156395839700169e-19
117480.74033048796 8.104438186096955e-19
117721.76468149826 8.052373935789319e-19
117963.28351983949 8.000202870082892e-19
118205.29786000648 7.947924769834203e-19
118447.80871857393 7.895539415450507e-19
118690.81711420215 7.843046586888532e-19
118934.32406764284 7.79044606365325e-19
119178.33060173983 7.737737624797703e-19
119422.83774143753 7.684921048921179e-19
119667.84651378152 7.631996114169091e-19
119913.3579479246 7.578962598231672e-19
120159.3730751323 7.525820278342756e-19
120405.89292878415 7.472568931279562e-19
120652.91854438152 7.41920833336093e-19
120900.4509595484 7.365738260447214e-19
121148.4912140395 7.312158487938493e-19
121397.04034974119 7.2584687907743805e-19
121646.09941067745 7.204668943432747e-19
121895.66944301563 7.150758719928463e-19
122145.7514950674 7.09673789381321e-19
122396.34661729717 7.042606238173626e-19
122647.4558623225 6.988363525631263e-19
122899.08028492251 6.934009528340752e-19
123151.22094203877 6.879544017989596e-19
123403.87889278131 6.82496676579688e-19
123657.05519843462 6.770277542512001e-19
123910.75092245833 6.715476118414468e-19
124164.9671304961 6.660562263312043e-19
124419.70489037616 6.605535746540563e-19
124674.96527211767 6.550396336962632e-19
124930.74934793648 6.49514380296631e-19
125187.05819224619 6.4397779124649365e-19
125443.89288166672 6.384298432895245e-19
125701.25449502471 6.32870513121729e-19
125959.14411336227 6.272997773912583e-19
126217.56281993774 6.21717612698386e-19
126476.51170023195 6.161239955953808e-19
126735.99184195424 6.105189025863711e-19
126996.00433504341 6.0657294617002935e-19
127256.55027167649 6.030728174303049e-19
127517.63074626912 5.995655078007193e-19
127779.24685548437 5.960510025488919e-19
128041.39969823365 5.925292869122382e-19
128304.09037568288 5.890003460978873e-19
128567.31999125876 5.854641652825966e-19
128831.08965064966 5.819207296127416e-19
129095.40046181451 5.783700242041947e-19
129360.25353498317 5.748120341423213e-19
129625.64998266546 5.712467444818582e-19
129891.59091965198 5.676741402469026e-19
130158.07746302045 5.640942064308272e-19
130425.110732142 5.605069279961944e-19
130692.69184868218 5.569122898747456e-19
130960.82193660982 5.533102769672788e-19
131229.5021221981 5.49700874143636e-19
131498.7335340309 5.460840662426176e-19
131768.5173030092 5.424598380718984e-19
132038.85456235177 5.38828174408013e-19
132309.74644760467 5.35189059996234e-19
132581.1940966414 5.315424795505669e-19
132853.19864967212 5.278884177536273e-19
133125.76124924462 5.242268592566272e-19
133398.88304025072 5.205577886792889e-19
133672.5651699328 5.168811906097579e-19
133946.80878788466 5.131970496045916e-19
134221.61504606094 5.095053501886319e-19
134496.9850987773 5.0580607685500345e-19
134772.92010271992 5.020992140649854e-19
135049.42121694633 4.983847462480008e-19
135326.48960289193 4.946626578015284e-19
135604.12642437674 4.90932933091013e-19
135882.33284760613 4.871955564498545e-19
136161.1100411804 4.834505121792807e-19
136440.45917609558 4.796977845483339e-19
136720.38142575018 4.759373577937833e-19
137000.87796595175 4.721692161200353e-19
137281.94997491786 4.683933436991198e-19
137563.5986332856 4.646097246705638e-19
137845.825124112 4.608183431413858e-19
138128.63063288352 4.570191831859664e-19
138412.01634751706 4.532122288460372e-19
138695.98345836665 4.493974641305892e-19
138980.5331582302 4.455748730157834e-19
139265.66664235046 4.417444394449362e-19
139551.38510842464 4.3790614732839235e-19
139837.6897566049 4.340599805435165e-19
140124.5817895079 4.302059229345661e-19
140412.0624122159 4.263439583126759e-19
140700.13283228347 4.2247407045576793e-19
140988.7942597444 4.1859624310845936e-19
141278.0479071126 4.1471045998204902e-19
141567.89498939196 4.1081670475438625e-19
141858.33672407677 4.069149610698651e-19
142149.37433116144 4.0300521253929304e-19
142441.0090331416 4.000187079782268e-19
142733.24205502088 3.9761619720463147e-19
143026.074624318 3.9520875742225603e-19
143319.5079710677 3.927963785187196e-19
143613.54332783056 3.903790503608753e-19
143908.1819296942 3.8795676279480124e-19
144203.42501428007 3.85529505645744e-19
144499.2738217506 3.8309726871806084e-19
144795.7295948101 3.8066004179521105e-19
145092.7935787148 3.7821781463967385e-19
145390.4670212734 3.7577057699294536e-19
145688.75117285695 3.7331831857545486e-19
145987.64728639994 3.708610290865568e-19
146287.15661740748 3.6839869820447344e-19
146587.2804239622 3.659313155862354e-19
146888.01996672543 3.6345887086767346e-19
147189.37650894735 3.6098135366333545e-19
147491.35131646736 3.5849875356648237e-19
147793.94565772428 3.5601106014900443e-19
148097.16080375752 3.535182629614126e-19
148400.99802821412 3.510203515327794e-19
148705.45860735595 3.485173153706805e-19
149010.54382006085 3.4600914396118494e-19
149316.25494783281 3.434958267687714e-19
149622.59327480325 3.4097735323631883e-19
149929.560087738 3.384537127850471e-19
150237.15667604472 3.3592489481445744e-19
150545.38433177397 3.3339088870232337e-19
150854.24434962953 3.308516838046052e-19
151163.738026969 3.2830726945544635e-19
151473.86666381403 3.2575763496708797e-19
151784.6315628516 3.2320276962985905e-19
152096.0340294413 3.2064266271211654e-19
152408.0753716227 3.1807730346018517e-19
152720.7569001163 3.1550668109834786e-19
153034.07992833437 3.129307848287594e-19
153348.0457723812 3.103496038314417e-19
153662.65575106378 3.0776312726419865e-19
153977.91118589274 3.0517134426260503e-19
154293.8134010901 3.025742439399461e-19
154610.36372359644 2.999718153871567e-19
154927.56348307224 2.9736404767281095e-19
155245.41401190846 2.9475092984303553e-19
155563.9166452276 2.9213245092149915e-19
155883.07272089145 2.895085999093522e-19
156202.8835795083 2.868793657851633e-19
156523.35056443457 2.842447375049105e-19
156844.47502178495 2.816047040018935e-19
157166.25830043346 2.7895925418672757e-19
157488.70175202403 2.763083769472567e-19
157811.80673097164 2.7365206114854235e-19
158135.57459447012 2.709902956328017e-19
158460.0067024995 2.683230692193446e-19
158785.10441782745 2.656503707045639e-19
159110.86910602014 2.6297218886184535e-19
159437.3021354427 2.6028851244156387e-19
159764.4048772702 2.5807553395889924e-19
160092.17870548888 2.564691589537163e-19
160420.62499690388 2.5485948829776007e-19
160749.74513114695 2.532465152296426e-19
161079.54049067767 2.516302329741173e-19
161410.0124607945 2.500106347420246e-19
161741.16242963538 2.4838771373028907e-19
162072.99178818887 2.4676146312186493e-19
162405.50193029517 2.4513187608573024e-19
162738.6942526542 2.434989457768488e-19
163072.57015483326 2.418626653361312e-19
163407.13103926848 2.402230278904288e-19
163742.37831127577 2.3858002655247886e-19
164078.31337905227 2.369336544208987e-19
164414.93765368417 2.352839045801465e-19
164752.25254915468 2.3363077010048278e-19
165090.25948234522 2.3197424403796387e-19
165428.95987304687 2.3031431943438697e-19
165768.35514396074 2.286509893172868e-19
166108.4467207096 2.269842466998803e-19
166449.23603183887 2.253140845810599e-19
166790.72450882496 2.2364049594535464e-19
167132.91358608293 2.2196347376289084e-19
167475.80470096815 2.2028301098938516e-19
167819.39929378757 2.185991005660892e-19
168163.6988078003 2.1691173541978565e-19
168508.7046892292 2.1522090846273312e-19
168854.41838726218 2.1352661259265823e-19
169200.8413540603 2.1182884069271713e-19
169547.975044766 2.1012758563145444e-19
169895.82091750423 2.0842284026279752e-19
170244.38043339434 2.0671459742599945e-19
170593.65505655107 2.0500284994563213e-19
170943.64625409312 2.0328759063154656e-19
171294.3554961512 2.0156881227883175e-19
171645.78425586925 1.9984650766780938e-19
171997.93400941644 1.9812066956397475e-19
172350.8062359876 1.9639129071799515e-19
172704.40241781512 1.946583638656509e-19
173058.7240401702 1.9292188172782973e-19
173413.77259137123 1.9118183701048498e-19
173769.5495627923 1.8943822240459548e-19
174126.05644886414 1.876910305861586e-19
174483.2947470865 1.8594025421613177e-19
174841.26595802855 1.8418588594042968e-19
175199.97158534077 1.8242791838986491e-19
175559.4131357565 1.8066634418014258e-19
175919.59211910027 1.7890115591181752e-19
176280.51004829636 1.7713234617025343e-19
176642.16843937 1.7535990752561647e-19
177004.5688114598 1.735838325328151e-19
177367.71268681786 1.7180411373149792e-19
177731.60159082257 1.7002074364599327e-19
178096.23705197935 1.6823371478530344e-19
178461.62060192964 1.664430196430618e-19
178827.7537754594 1.64648650697491e-19
179194.63811050035 1.63049720465728e-19
179562.2751481425 1.6200307312019443e-19
179930.6664326353 1.609542784652681e-19
180299.81351139638 1.5990333209551506e-19
180669.71793502028 1.5885022959645743e-19
181040.38125727986 1.577949665445686e-19
181411.8050351386 1.567375385072382e-19
181783.99082875135 1.5567794104277045e-19
182156.94020147662 1.5461616970034854e-19
182530.65471987834 1.5355222002003037e-19
182905.1359537341 1.5248608753272418e-19
183280.3854760446 1.5141776776016277e-19
183656.40486303452 1.5034725621489998e-19
184033.19569416542 1.4927454840027443e-19
184410.75955213624 1.4819963981040806e-19
184789.09802289604 1.4712252593016992e-19
185168.2126956454 1.4604320223517222e-19
185548.10516284528 1.4496166419174482e-19
185928.77702022594 1.4387790725691e-19
186310.22986678855 1.427919268783781e-19
186692.46530481777 1.417037184945113e-19
187075.48493988323 1.4061327753431974e-19
187459.2903808486 1.3952059941743546e-19
187843.88323988058 1.3842567955408704e-19
188229.26513245027 1.3732851334509533e-19
188615.43767734632 1.3622909618183666e-19
189002.4024966752 1.351274234462411e-19
189390.16121587463 1.3402349051075546e-19
189778.71546371456 1.3291729273833921e-19
190168.06687230663 1.3180882548243852e-19
190558.21707711328 1.3069808408695992e-19
190949.1677169492 1.2958506388626629e-19
191340.92043399427 1.2846976020513968e-19
191733.4768737944 1.273521683587794e-19
192126.83868527474 1.262322836527642e-19
192521.00752074094 1.2511010138304866e-19
192915.9850358886 1.2398561683593647e-19
193311.7728898124 1.2285882528805375e-19
193708.37274500783 1.2172972200634543e-19
194105.78626738422 1.2059830224803685e-19
194504.01512626556 1.1946456126063198e-19
194903.06099440384 1.1832849428187565e-19
195302.92554798038 1.171900965397492e-19
195703.61046661553 1.160493632524437e-19
196105.11743337786 1.1490628962833274e-19
196507.44813478575 1.1376087086596878e-19
196910.60426082087 1.1261310215404443e-19
197314.58750492963 1.1146297867138804e-19
197719.39956403273 1.1031049558693708e-19
198125.04213853477 1.091556480597104e-19
198531.5169323256 1.0799843123880457e-19
198938.8256527941 1.0683884026335459e-19
199346.97001082872 1.0567687026253208e-19
199755.95172083128 1.0451251635550652e-19
200165.7725007184 1.0334577365144077e-19
200576.4340719312 1.0217663724946349e-19
200987.938159445 1.0105048498272718e-19
201400.28649177085 1.0038199375917772e-19
201813.48080096918 9.971213105411555e-20
202227.52282265073 9.904089405380176e-20
202642.4142959904 9.83682799387194e-20
203058.15696372854 9.769428588357098e-20
203474.75257218108 9.701890905726266e-20
203892.20287124906 9.634214662288834e-20
204310.50961442039 9.566399573772697e-20
204729.67455878376 9.498445355322006e-20
205149.69946503025 9.430351721496887e-20
205570.5860974631 9.362118386271873e-20
205992.33622400774 9.293745063034281e-20
206414.95161621345 9.22523146458394e-20
206838.43404926726 9.156577303130911e-20
207262.78530199488 9.087782290295395e-20
207688.00715687484 9.018846137105367e-20
208114.10140004 8.949768553996394e-20
208541.06982128782 8.880549250809935e-20
208968.91421409015 8.81118793679177e-20
209397.63637559503 8.741684320591699e-20
209827.23810664078 8.672038110261256e-20
210257.7212117571 8.602249013253538e-20
210689.08749917927 8.532316736420916e-20
211121.33878084968 8.46224098601475e-20
211554.47687242815 8.392021467683738e-20
211988.5035933022 8.321657886472268e-20
212423.4207665885 8.25114994682015e-20
212859.2302191475 8.180497352560268e-20
213295.9337815841 8.109699806918449e-20
213733.53328826258 8.03875701251109e-20
214172.03057730774 7.967668671344891e-20
214611.4274906157 7.896434484815198e-20
215051.7258738639 7.825054153704304e-20
215492.92757651297 7.753527378181197e-20
215935.03445182147 7.681853857799152e-20
216378.04835684728 7.610033291495493e-20
216821.97115245843 7.538065377589859e-20
217266.8047033433 7.465949813782537e-20
217712.55087801232 7.393686297154197e-20
218159.2115488129 7.321274524163457e-20
218606.78859193032 7.24871419064675e-20
219055.2838874025 7.17600499181593e-20
219504.69931912186 7.103146622257966e-20
219955.03677484582 7.030138775933233e-20
220406.29814620735 6.956981146173824e-20
220858.48532871672 6.883673425683222e-20
221311.60022177684 6.810215306533882e-20
221765.64472868358 6.736606480167116e-20
222220.6207566414 6.662846637390586e-20
222676.53021676486 6.588935468378063e-20
223133.37502408927 6.514872662667676e-20
223591.15709758172 6.440657909160167e-20
224049.8783601425 6.366290896118611e-20
224509.54073862062 6.291771311165936e-20
224970.1461638156 6.217098841284624e-20
225431.696570488 6.142273172814994e-20
225894.19389737074 6.097601184818672e-20
226357.6400871703 6.055629412067623e-20
226822.03708658277 6.013571529718786e-20
227287.38684629422 5.97142736110924e-20
227753.6913209966 5.929196729213295e-20
228220.95246938925 5.886879456642319e-20
228689.17225419 5.844475365643748e-20
229158.35264214626 5.80198427810009e-20
229628.4956040366 5.759406015528766e-20
230099.60311468676 5.716740399080668e-20
230571.67715297014 5.67398724954012e-20
231044.71970182378 5.631146387323415e-20
231518.7327482502 5.588217632478658e-20
231993.7182833284 5.545200804684781e-20
232469.6783022252 5.502095723250494e-20
232946.61480419672 5.458902207114164e-20
233424.52979260488 5.4156200748423204e-20
233903.4252749186 5.3722491446295405e-20
234383.30326272553 5.3287892342974037e-20
234864.16577174296 5.285240161293464e-20
235346.01482182008 5.241601742691103e-20
235828.8524369535 5.1978737951880653e-20
236312.68064528878 5.154056135106368e-20
236797.50147913618 5.1101485783908486e-20
237283.31697497246 5.066150940609004e-20
237770.12917345247 5.022063036949946e-20
238257.9401194207 4.977884682223357e-20
238746.75186191293 4.933615690859335e-20
239236.56645417248 4.8892558769069174e-20
239727.38595365145 4.8448050540339885e-20
240219.2124220269 4.800263035525793e-20
240712.04792520253 4.7556296342847973e-20
241205.8945333206 4.710904662829597e-20
241700.75432077344 4.666087933293885e-20
242196.6293662053 4.621179257426291e-20
242693.52175252882 4.576178446588865e-20
243191.43356692613 4.5310853117570025e-20
243690.36690086525 4.485899663517944e-20
244190.3238501023 4.4406213120705874e-20
244691.3065146929 4.3952500672244376e-20
245193.31699900428 4.3497857383985315e-20
245696.35741171686 4.304228134621282e-20
246200.42986584132 4.2585770645289264e-20
246705.53647872052 4.2128323363653726e-20
247211.679372041 4.166993757981133e-20
247718.8606718455 4.121061136832212e-20
248227.0825085343 4.0750342799799676e-20
248736.3470168826 4.028912994089556e-20
249246.65633604117 3.982697085429852e-20
249758.01260955358 3.9363863598719e-20
250270.4179853581 3.889980622888751e-20
250783.87461579966 3.843479679554353e-20
251298.3846576421 3.796883334542471e-20
251813.95027206995 3.750191392126508e-20
252330.57362470563 3.7034036561779466e-20
252848.2568856107 3.656519930166248e-20
253367.00222930277 3.625336280119789e-20
253886.81183475765 3.599599055214702e-20
254407.68788542162 3.573809027629736e-20
254929.63256922356 3.547966089034422e-20
255452.64807857695 3.522070130876245e-20
255976.73661039755 3.4961210443797774e-20
256501.90036610502 3.470118720546582e-20
257028.14155163555 3.4440630501545976e-20
257555.46237745427 3.417953923757528e-20
258083.86505855696 3.391791231684745e-20
258613.35181448795 3.365574864040409e-20
259143.92486934116 3.3393047107034284e-20
259675.5864517774 3.3129806613265747e-20
260208.3387950269 3.2866026053363896e-20
260742.18413690152 3.260170431932559e-20
261277.12471980738 3.233684030087294e-20
261813.1627907469 3.2071432885452316e-20
262350.30060133676 3.180548095822543e-20
262888.54040780873 3.153898340206895e-20
263427.8844710278 3.127193909756543e-20
263968.3350564943 3.1004346923002527e-20
264509.8944343562 3.0736205754366496e-20
265052.5648794222 3.046751446533601e-20
265596.348671164 3.0198271927281075e-20
266141.248093734 2.9928477009254094e-20
266687.26543596626 2.965812857798929e-20
267234.40299139527 2.938722549789378e-20
267782.66305825755 2.911576663104647e-20
268332.04793950473 2.884375083719173e-20
268882.55994281644 2.85711769737329e-20
269434.20138060243 2.8298043895731414e-20
269986.974570021 2.8024350455897464e-20
270540.88183298096 2.7750095504589126e-20
271095.9254961549 2.747527788980593e-20
271652.10789099196 2.7199896457182253e-20
272209.4313537202 2.6923950049986337e-20
272767.89822536526 2.6647437509111086e-20
273327.51085175097 2.6370357673073592e-20
273888.27158351836 2.609270937800583e-20
274450.1827761278 2.581449145765363e-20
275013.2467898722 2.55357027433701e-20
275577.4659898899 2.525634206410913e-20
276142.84274616756 2.4976408246424248e-20
276709.37943355815 2.469590011445937e-20
277277.07843178266 2.4414816489948182e-20
277845.94212544896 2.4133156192204837e-20
278415.9729040536 2.385091803812282e-20
278987.1731619953 2.3568100842168422e-20
279559.545298589 2.328470341637394e-20
280133.0917180671 2.300072457033667e-20
280707.8148295994 2.271616311120946e-20
281283.7170472947 2.2431017843699584e-20
281860.8007902149 2.2145287570062017e-20
282439.06848238804 2.1858971090092735e-20
283018.52255281084 2.1572067201127682e-20
283599.16543546785 2.12845746980331e-20
284180.99956933287 2.1072410305975925e-20
284764.02739838784 2.0917748003551225e-20
285348.25137162546 2.0762768394809236e-20
285933.6739430627 2.0607470828762282e-20
286520.29757175496 2.0451854653086203e-20
287108.12472179753 2.0295919214119762e-20
287697.15786234627 2.0139663856859414e-20
288287.3994676177 1.9983087924959066e-20
288878.8520169092 1.9826190760724798e-20
289471.5179946014 1.9668971705114297e-20
290065.3998901717 1.9511430097733192e-20
290660.50019820855 1.935356527683123e-20
291256.8214184135 1.919537657930182e-20
291854.36605562136 1.903686334067667e-20
292453.1366198011 1.8878024895125498e-20
293053.13562607585 1.8718860575450752e-20
293654.36559472524 1.8559369713087007e-20
294256.8290511995 1.8399551638097198e-20
294860.5285261338 1.8239405679168857e-20
295465.46655535034 1.8078931163613502e-20
296071.64567987854 1.791812741736133e-20
296679.0684459574 1.7756993764960532e-20
297287.73740504996 1.7595529529573552e-20
297897.65511385736 1.7433734032973235e-20
298508.82413432136 1.727160659554231e-20
299121.2470336444 1.7109146536267882e-20
299734.92638429126 1.694635317274117e-20
300349.8647640092 1.6783225821152068e-20
300966.0647558302 1.661976379628854e-20
301583.52894808573 1.6455966411532747e-20
302202.2599344212 1.6291832978857224e-20
302822.2603137982 1.6127362808824255e-20
303443.5326905153 1.5962555210580323e-20
304066.07967420906 1.5797409491855903e-20
304689.9038798751 1.5631924958959846e-20
305315.00792787 1.5466100916778864e-20
305941.3944439267 1.529993666877353e-20
306569.06605916837 1.513343151697441e-20
307198.02541011164 1.496658476198143e-20
307828.27513868693 1.4799395702958314e-20
308459.8178922413 1.4631863637631922e-20
309092.656323553 1.446398786228832e-20
309726.7930908465 1.4295767671768858e-20
310362.2308577951 1.4127202359469492e-20
310998.97229354165 1.3958291217335175e-20
311637.0200727002 1.3789033535859528e-20
312276.376875377 1.3619428604079232e-20
312917.0453871731 1.3449475709573348e-20
313559.0282991992 1.3279174138459298e-20
314202.32830809115 1.3108523175388946e-20
314846.9481160119 1.293752210354785e-20
315492.8904306735 1.276617020464959e-20
316140.1579653379 1.2594466758935491e-20
316788.75343883876 1.2422411045168842e-20
317438.6795755839 1.2250002340634235e-20
318089.93910557055 1.207723992113357e-20
318742.5347644006 1.1937360138569814e-20
319396.46929328336 1.1848526018421532e-20
320051.74543905695 1.1759509645538742e-20
320708.3659541899 1.1670310646010753e-20
321366.33359680284 1.1580928645159036e-20
322025.65113067126 1.149136326753691e-20
322686.3213252405 1.1401614136927417e-20
323348.3469556419 1.131168087634123e-20
324011.730802695 1.1221563108016278e-20
324676.4756529295 1.1131260453414776e-20
325342.5842985885 1.104077253322286e-20
326010.0595376433 1.0950098967348461e-20
326678.9041738095 1.0859239374919171e-20
327349.12101654976 1.0768193374281897e-20
328020.7128810958 1.0676960582999834e-20
328693.68258844985 1.058554061785228e-20
329368.03296540695 1.0493933094831596e-20
330043.7668445577 1.0402137629142852e-20
330720.8870643041 1.0310153835201658e-20
331399.3964688752 1.0217981326632043e-20
332079.29790833034 1.0125619716266033e-20
332760.59423858114 1.0033068616140629e-20
333443.2883213931 9.940327637497622e-21
334127.3830244084 9.847396390780473e-21
334812.88122114836 9.754274485633989e-21
335499.78579102963 9.660961530902122e-21
336188.09961938055 9.567457134625762e-21
336877.82559744327 9.473760904042403e-21
337568.9666223974 9.379872445582989e-21
338261.52559736214 9.285791364871591e-21
338955.50543141266 9.19151726672317e-21
339650.9090395969 9.097049755141348e-21
340347.7393429374 9.002388433318081e-21
341045.99926845526 8.907532903630479e-21
341745.6917491711 8.812482767640634e-21
342446.81972412847 8.717237626092445e-21
343149.3861383965 8.621797078911266e-21
343853.39394308656 8.526160725201651e-21
344558.84609536844 8.430328163245107e-21
345265.7455584737 8.334298990499736e-21
345974.0953017185 8.238072803597004e-21
346683.8983005056 8.141649198341614e-21
347395.1575363474 8.04502776970823e-21
348107.8759968693 7.948208111841148e-21
348822.0566758258 7.851189818052006e-21
349537.70257311803 7.753972480817494e-21
350254.81669479574 7.656555691779013e-21
350973.4020530818 7.558939041739383e-21
351693.4616663746 7.461122120662497e-21
352414.99855926505 7.363104517671014e-21
353138.0157625537 7.264885821044056e-21
353862.51631325355 7.166465618216832e-21
354588.50325461384 7.067843495777344e-21
355315.97963612166 6.969019039466227e-21
356044.94851352624 6.869991834173427e-21
356775.41294884187 6.770761463937836e-21
357507.3760103645 6.682341980915515e-21
358240.84077268967 6.633038045826366e-21
358975.810316715 6.5836329584214204e-21
359712.28772966436 6.534126511175655e-21
360450.27610509 6.4845184961386654e-21
361189.7785428965 6.434808704933025e-21
361930.79814934393 6.384996928754097e-21
362673.3380370652 6.335082958368867e-21
363417.4013250834 6.285066584114741e-21
364162.99113881495 6.234947595899393e-21
364910.1106100941 6.184725783199067e-21
365658.7628771746 6.134400935058488e-21
366408.95108475455 6.083972840089189e-21
367160.6783839793 6.0334412864693225e-21
367913.9479324591 5.982806061942457e-21
368668.7628942869 5.9320669538163936e-21
369425.12644004094 5.881223748962983e-21
370183.04174681066 5.830276233816406e-21
370942.5119981986 5.7792241943730046e-21
371703.54038433917 5.728067416190059e-21
372466.13010191626 5.676805684384601e-21
373230.2843541656 5.625438783633212e-21
373996.0063509013 5.573966498170296e-21
374763.2993085164 5.522388611788017e-21
375532.16645000875 5.470704907834547e-21
376302.6110049841 5.4189151692138755e-21
377074.6362096741 5.367019178384604e-21
377848.24530695425 5.31501671735872e-21
378623.44154634734 5.26290756770138e-21
379400.2281840487 5.2106915105292065e-21
380178.60848292825 5.158368326510158e-21
380958.58571255597 5.105937795861802e-21
381740.1631492054 5.053399698351104e-21
382523.34407587117 5.000753813293205e-21
383308.1317822885 4.9479999195501734e-21
384094.5295649353 4.895137795530804e-21
384882.5407270591 4.842167219188857e-21
385672.1685786795 4.789087968022852e-21
386463.4164366069 4.735899819074825e-21
387256.28762446134 4.68260254892908e-21
388050.7854726753 4.629195933711973e-21
388846.9133185202 4.57567974909014e-21
389644.6745061082 4.522053770270394e-21
390444.0723864183 4.4683177719979404e-21
391245.11031729967 4.41447152855617e-21
392047.79166349064 4.3605148137653885e-21
392852.11979663733 4.306447400981545e-21
393658.09809529677 4.252269063096041e-21
394465.72994496376 4.197979572533904e-21
395275.01873807266 4.143578701253706e-21
396085.9678740239 4.089066220745727e-21
396898.5807591876 4.0344419020317606e-21
397712.8608069221 3.979705515663833e-21
398528.8114375937 3.924856831722901e-21
399346.43607857946 3.869895619818658e-21
400165.73816429445 3.81482164908769e-21
400986.72113619343 3.7608976539036034e-21
401809.38844279805 3.73372856991138e-21
402633.7435397001 3.706503745626594e-21
403459.789889581 3.679223066692103e-21
404287.5309622311 3.6518864185159856e-21
405116.97023455275 3.6244936862714514e-21
405948.1111905883 3.597044754895893e-21
406780.9573215227 3.569539509090824e-21
407615.5121257039 3.541977833321192e-21
408451.77910866163 3.514359611814766e-21
409289.7617831113 3.486684728562e-21
410129.4636689815 3.4589530673151304e-21
410970.88829341554 3.431164511588117e-21
411814.0391908 3.403318944655719e-21
412658.9199027675 3.375416249553376e-21
413505.53397821664 3.347456309076576e-21
414353.88497333194 3.3194390057801755e-21
415203.9764515875 3.2913642219782995e-21
416055.8119837744 3.2632318397434125e-21
416909.3951480033 3.235041740906257e-21
417764.7295297322 3.2067938070549143e-21
418621.8187217703 3.1784879195346987e-21
419480.6663242975 3.1501239594474955e-21
420341.2759448851 3.121701807651086e-21
421203.6511984991 3.093221344759041e-21
422067.7957075283 3.0646824511397795e-21
422933.71310178866 3.036085006916448e-21
423801.4070185427 3.00742889196625e-21
424670.88110252057 2.978713985919777e-21
425542.13900592295 2.9499401681609017e-21
426415.18438845035 2.921107317825804e-21
427290.0209173046 2.892215313802934e-21
428166.6522672182 2.863264034732029e-21
429045.08212045755 2.8342533590040293e-21
429925.3141668435 2.8051831647603696e-21
430807.35210377205 2.7760533298923144e-21
431691.1996362184 2.74686373204083e-21
432576.8604767653 2.7176142485956274e-21
433464.33834560553 2.688304756695098e-21
434353.63697057124 2.658935133225334e-21
435244.7600871373 2.6295052548200304e-21
436137.7114384423 2.6000149978597716e-21
437032.49477530963 2.5704642384713537e-21
437929.11385625094 2.540852852527667e-21
438827.57244749565 2.5111807156467084e-21
439727.8743229931 2.4814477031915272e-21
440630.02326444245 2.451653690269227e-21
441534.023061296 2.4217985517308623e-21
442439.87751078035 2.391882162170727e-21
443347.59041791834 2.3619043959256555e-21
444257.1655955316 2.3318651270749105e-21
445168.6068642716 2.3017642294391706e-21
446081.91805262276 2.271601576580431e-21
446997.10299692425 2.241377041801278e-21
447914.1655413909 2.211090498144194e-21
448833.10953811766 2.1807418183914244e-21
449753.9388471093 2.1503308750639793e-21
450676.6573362828 2.133855524535441e-21
451601.26888149773 2.1194256226358505e-21
452527.77736656 2.1049661162433813e-21
453456.1866832434 2.0904769446212675e-21
454386.50073131174 2.0759580469080472e-21
455318.72341852245 2.0614093621175114e-21
456252.8586606571 2.0468308291382157e-21
457188.9103815239 2.032222386733453e-21
458126.88251298835 2.01758397354077e-21
459066.778994977 2.0029155280719056e-21
460008.6037754999 1.9882169887124503e-21
460952.36081067217 1.9734882937214983e-21
461898.05406471784 1.9587293812315924e-21
462845.68751000153 1.943940189248232e-21
463795.2651270322 1.929120655649813e-21
464746.79090448463 1.9142707181872877e-21
465700.2688392232 1.899390314483802e-21
466655.7029363042 1.884479382034654e-21
467613.0972090085 1.8695378582067823e-21
468572.4556788431 1.8545656802387516e-21
469533.78237557295 1.839562785240242e-21
470497.0813372251 1.8245291101919966e-21
471462.3566101107 1.8094645919454695e-21
472429.61224884837 1.7943691672224686e-21
473398.85231636727 1.7792427726150987e-21
474370.08088394004 1.7640853445852586e-21
475343.30203118414 1.748896819464609e-21
476318.5198460944 1.733677133454072e-21
477295.7384250473 1.718426222623763e-21
478274.9618728229 1.703144022912645e-21
479256.19430262875 1.6878304701281572e-21
480239.43983610306 1.6724854999461688e-21
481224.7026033484 1.6571090479104505e-21
482211.9867429323 1.641701049432662e-21
483201.296401921 1.6262614397918305e-21
484192.63573588314 1.6107901541342911e-21
485186.00890891283 1.595287127473326e-21
486181.42009365314 1.5797522946887984e-21
487178.8734713 1.564185590527091e-21
488178.37323163537 1.5485869496005919e-21
489179.92357303103 1.5329563063876282e-21
490183.5287024721 1.5172935952321083e-21
491189.1928355811 1.5015987503431393e-21
492196.92019662075 1.4858717057949827e-21
493206.7150185287 1.4701123955265172e-21
494218.5815429191 1.4543207533412156e-21
495232.5240201159 1.4384967129066166e-21
496248.5467091572 1.4226402077542665e-21
497266.6538778188 1.4067511712793417e-21
498286.84980263835 1.3908295367402806e-21
499309.13876891957 1.3748752372587147e-21
500333.52507076564 1.358888205818948e-21
501360.01301108155 1.3428683752679152e-21
502388.60690160835 1.3268156783146565e-21
503419.31106292695 1.3107300475302495e-21
504452.1298244824 1.2946114153474372e-21
505487.06752460817 1.2843379016693468e-21
506524.12851053005 1.2766057910570915e-21
507563.317138401 1.268857817189814e-21
508604.6377733048 1.261093947522359e-21
509648.0947892807 1.2533141494428018e-21
510693.692569348 1.245518390272263e-21
511741.4355055097 1.2377066372648826e-21
512791.3279987883 1.2298788576075557e-21
513843.3744592267 1.2220350184199213e-21
514897.57930592383 1.2141750867540976e-21
515953.94696703897 1.206299029594653e-21
517012.4818798157 1.1984068138584222e-21
518073.1884906078 1.1904984063943192e-21
519136.0712548826 1.1825737739833068e-21
520201.13463725714 1.174632883338133e-21
521268.3831114989 1.1666757011033173e-21
522337.821160563 1.1587021938548825e-21
523409.4532765948 1.150712328100326e-21
524483.2839609564 1.1427060702784334e-21
525559.3177242508 1.1346833867590853e-21
526637.5590863269 1.1266442438432335e-21
527718.0125763146 1.1185886077626262e-21
528800.6827326278 1.1105164446797976e-21
529885.5741029995 1.102427720687796e-21
530972.691244487 1.0943224018101539e-21
532062.0387234959 1.0862004540006995e-21
533153.6211158079 1.0780618431433604e-21
534247.4430065833 1.0699065350521373e-21
535343.5089903974 1.0617344954708306e-21
536441.8236712464 1.0535456900730085e-21
537542.3916625712 1.0453400844618146e-21
538645.2175872847 1.0371176441697746e-21
539750.3060777751 1.0288783346587666e-21
540857.6617759435 1.0206221213197436e-21
541967.2893332052 1.0123489694727205e-21
543079.1934105279 1.0040588443664973e-21
544193.3786784342 9.957517111786275e-22
545309.8498170295 9.874275350152208e-22
546428.6115160275 9.790862809107516e-22
547549.6684747541 9.707279138280218e-22
548673.0254021854 9.623523986578885e-22
549798.68701695 9.539597002192407e-22
550926.6580473656 9.455497832587253e-22
552056.9432314442 9.371226124507132e-22
553189.5473169183 9.286781523971012e-22
554324.4750612673 9.202163676271122e-22
555461.7312317225 9.117372225972637e-22
556601.3206053046 9.032406816910853e-22
557743.247968828 8.947267092190857e-22
558887.5181189276 8.861952694185543e-22
560034.1358620863 8.776463264533565e-22
561183.1060146388 8.69079844413905e-22
562334.4334028101 8.604957873168728e-22
563488.1228627173 8.51894119105176e-22
564644.1792404088 8.432748036476878e-22
565802.6073918685 8.346378047392062e-22
566963.4121830425 8.281307416419102e-22
568126.5984898666 8.235752520991672e-22
569292.1711982716 8.190104164805782e-22
570460.135204221 8.144362156116478e-22
571630.4954137139 8.098526302785778e-22
572803.2567428236 8.052596412281135e-22
573978.4241177028 8.006572291675291e-22
575156.0024746098 7.960453747645168e-22
576335.9967599381 7.914240586470787e-22
577518.4119302194 7.867932614035103e-22
578703.252952164 7.821529635822451e-22
579890.5248026644 7.775031456918377e-22
581080.2324688241 7.728437882008529e-22
582272.3809479852 7.681748715377581e-22
583466.9752477327 7.634963760909032e-22
584664.0203859351 7.588082822083671e-22
585863.5213907456 7.541105701979468e-22
587065.4833006432 7.494032203270018e-22
588269.9111644361 7.44686212822436e-22
589476.8100412916 7.399595278705863e-22
590686.1850007627 7.352231456171123e-22
591898.041122794 7.304770461669769e-22
593112.3834977616 7.2572120958429015e-22
594329.2172264756 7.20955615892297e-22
595548.5474202206 7.161802450732224e-22
596770.3792007598 7.113950770682487e-22
597994.7177003651 7.066000917774075e-22
599221.5680618444 7.01795269059464e-22
600450.935438547 6.969805887318996e-22
601682.8249944051 6.921560305707501e-22
602917.241903935 6.87321574310599e-22
604154.1913522787 6.824771996444145e-22
605393.6785352092 6.776228862235313e-22
606635.7086591589 6.727586136575368e-22
607880.2869412494 6.678843615141561e-22
609127.4186092957 6.630001093192345e-22
610377.1089018482 6.581058365565732e-22
611629.363068197 6.532015226679114e-22
612884.1863684022 6.48287147052811e-22
614141.5840733227 6.433626890685403e-22
615401.5614646211 6.3842812803005665e-22
616664.1238348059 6.334834432098394e-22
617929.2764872339 6.285286138378832e-22
619197.0247361521 6.2356361910153195e-22
620467.373906703 6.185884381454587e-22
621740.3293349538 6.1360305007155035e-22
623015.8963679272 6.0860743393878865e-22
624294.0803636055 6.036015687632328e-22
625574.8866909739 5.985854335178511e-22
626858.3207300222 5.935590071325136e-22
628144.3878717878 5.885222684938209e-22
629433.0935183614 5.834751964450887e-22
630724.4430829163 5.784177697862269e-22
632018.4419897391 5.733499672736207e-22
633315.0956742348 5.68271767620113e-22
634614.40958297 5.631831494948323e-22
635916.3891736775 5.587839207506957e-22
637221.0399152878 5.556863669516183e-22
638528.3672879586 5.525824581883758e-22
639838.376783081 5.494721814230896e-22
641151.0739033221 5.463555235911074e-22
642466.464162628 5.432324716009982e-22
643784.5530862682 5.401030123344482e-22
645105.3462108398 5.369671326462471e-22
646428.8490842982 5.338248193642177e-22
647755.0672659896 5.306760592891391e-22
649084.0063266553 5.275208391947353e-22
650415.6718484757 5.243591458275707e-22
651750.0694250732 5.211909659070444e-22
653087.204661557 5.180162861252824e-22
654427.0831745274 5.148350931471283e-22
655769.7105921081 5.116473736100669e-22
657115.092553977 5.0845311412414915e-22
658463.2347113726 5.052523012719808e-22
659814.1427271374 5.020449216086141e-22
661167.8222757216 4.988309616615441e-22
662524.2790432276 4.956104079305997e-22
663883.5187274154 4.923832468879315e-22
665245.5470377344 4.891494649779366e-22
666610.3696953565 4.859090486171822e-22
667977.9924331792 4.826619841943934e-22
669348.4209958734 4.794082580703439e-22
670721.6611398874 4.761478565778448e-22
672097.718633479 4.728807660216679e-22
673476.599256749 4.696069726784678e-22
674858.3088016456 4.663264627967705e-22
676242.8530720107 4.630392225968629e-22
677630.2378835822 4.59745238270788e-22
679020.4690640412 4.564444959822338e-22
680413.5524530159 4.531369818665213e-22
681809.4939021158 4.498226820305267e-22
683208.2992749636 4.46501582552603e-22
684609.9744472004 4.431736694825681e-22
686014.5253065339 4.398389288415932e-22
687421.9577527388 4.364973466221966e-22
688832.2776977059 4.331489087881326e-22
690245.4910654458 4.29793601274378e-22
691661.6037921233 4.264314099870547e-22
693080.62182609 4.2306232080334856e-22
694502.5511278904 4.196863195714978e-22
695927.3976703082 4.163033921106803e-22
697355.1674383732 4.1291352421100057e-22
698785.8664293938 4.095167016334101e-22
700219.5006529908 4.061129101096267e-22
701656.0761311036 4.027021353421225e-22
703095.5988980369 3.9928436300401036e-22
704538.0750004647 3.958595787390359e-22
705983.5104974775 3.924277681614652e-22
707431.9114605879 3.8898891685607046e-22
708883.2839737654 3.8554301037804935e-22
710337.6341334697 3.820900342529441e-22
711794.9680486564 3.786299739766286e-22
713255.291840826 3.754842877579088e-22
714718.6116440265 3.738581139430224e-22
716184.9336049019 3.7222860385797254e-22
717654.2638826977 3.7059575065804603e-22
719126.6086492965 3.6895954748448735e-22
720601.9740892516 3.6731998746445885e-22
722080.3663997925 3.6567706371103666e-22
723561.7917908751 3.6403076932315393e-22
725046.2564851842 3.6238109738559863e-22
726533.7667181822 3.6072804096895856e-22
728024.3287381158 3.590715931296148e-22
729517.9488060506 3.57411746909703e-22
731014.6331959064 3.557484953370737e-22
732514.3881944624 3.5408183142528705e-22
734017.2201014083 3.5241174817355627e-22
735523.1352293487 3.5073823856674165e-22
737032.1399038396 3.490612955753112e-22
738544.2404634233 3.473809121553013e-22
740059.4432596345 3.456970812483099e-22
741577.754657051 3.440097957814405e-22
743099.1810332953 3.423190486672997e-22
744623.7287790875 3.4062483280393973e-22
746151.4042982488 3.3892714107485217e-22
747682.2140077394 3.372259663489291e-22
749216.164337693 3.3552130148042163e-22
750753.2617314238 3.338131393089343e-22
752293.512645477 3.321014726593681e-22
753836.9235496318 3.303862943419165e-22
755383.5009269536 3.286675971520093e-22
756933.2512737988 3.2694537387030503e-22
758486.1810998518 3.252196172626513e-22
760042.296928162 3.2349032008004386e-22
761601.6052951486 3.2175747505861984e-22
763164.1127506539 3.200210749196002e-22
764729.825857948 3.1828111236928294e-22
766298.7511937668 3.165375800990026e-22
767870.8953483483 3.1479047078508804e-22
769446.2649254382 3.130397770888573e-22
771024.8665423436 3.1128549165655866e-22
772606.7068299347 3.095276071193665e-22
774191.7924326984 3.0776611609332396e-22
775780.1300087442 3.060010111793356e-22
777371.726229841 3.0423228496312553e-22
778966.5877814555 3.024599300151967e-22
780564.7213627573 3.006839388908234e-22
782166.133686673 2.989043041299922e-22
783770.8314798888 2.971210182573989e-22
785378.8214829038 2.9533407378238856e-22
786990.1104500369 2.9354346319894914e-22
788604.7051494638 2.917491789856691e-22
790222.6123632557 2.8995121360569547e-22
791843.838887385 2.8814955950672656e-22
793468.3915317797 2.863442091209524e-22
795096.2771203258 2.845351548650509e-22
796727.502490923 2.827223891401273e-22
798362.0744954892 2.8090590433170863e-22
800000.0 2.7908569280969907e-22
1554660.4270332805 1e-300
3021211.304229127 1e-300
5871197.070488283 1e-300
11409647.181002323 1e-300
22172658.698395114 1e-300
43088693.80063765 1e-300
83735358.88050696 1e-300
162725060.99369273 1e-300
316227766.01683795 1e-300
