10098.1660887 1.25561499266e-18
11881.5364974 1.06778562585e-18
13664.906906 9.2665803412e-19
15448.2773146 8.17204202793e-19
17231.6477233 7.30240234288e-19
19015.0181319 6.59889172873e-19
20798.3885406 6.01527167483e-19
22581.7589492 5.51849892417e-19
24365.1293578 5.11806651541e-19
26148.4997665 4.75398539909e-19
27931.8701751 4.43457616954e-19
29715.2405838 4.16280621876e-19
31498.6109924 3.91110692821e-19
33281.981401 3.69931167321e-19
35065.3518097 3.50037403966e-19
36848.7222183 3.32498492038e-19
38632.092627 3.16725686073e-19
40415.4630356 3.0135944343e-19
42198.8334442 2.88975689868e-19
43982.2038529 2.76591936307e-19
45765.5742615 2.6504417908e-19
47548.9446702 2.5492372981e-19
49332.3150788 2.44803280541e-19
51115.6854874 2.35310224927e-19
52899.0558961 2.27405518484e-19
54682.4263047 2.1950081204e-19
56465.7967134 2.11596105597e-19
58249.167122 2.0503606e-19
60032.5375306 1.98770463832e-19
61815.9079393 1.92504867664e-19
63599.2783479 1.86239271496e-19
65382.6487566 1.81125328997e-19
67166.0191652 1.76091391233e-19
68949.3895738 1.71057453469e-19
70732.7599825 1.66023515704e-19
72516.1303911 1.61600360309e-19
74299.5007998 1.57627461499e-19
76082.8712084 1.5365456269e-19
77866.241617 1.49681663881e-19
79649.6120257 1.45708765072e-19
81432.9824343 1.42305955689e-19
83216.352843 1.39166129869e-19
84999.7232516 1.36026304049e-19
86783.0936602 1.3288647823e-19
88566.4640689 1.2974665241e-19
90349.8344775 1.26741364859e-19
92133.2048862 1.2428738215e-19
93916.5752948 1.21833399441e-19
95699.9457034 1.19379416732e-19
97483.3161121 1.16925434023e-19
99266.6865207 1.14471451314e-19
101050.056929 1.12034383306e-19
102833.427338 1.10021437479e-19
104616.797747 1.08008491652e-19
106400.168155 1.05995545826e-19
108183.538564 1.03982599999e-19
109966.908973 1.01969654172e-19
111750.279381 9.9956708345e-20
113533.64979 9.80018773369e-20
115317.020198 9.64388317555e-20
117100.390607 9.48757861742e-20
118883.761016 9.33127405928e-20
120667.131424 9.17496950114e-20
122450.501833 9.01866494301e-20
124233.872242 8.86236038487e-20
126017.24265 8.70605582673e-20
127800.613059 8.56251545393e-20
129583.983468 8.44007301666e-20
131367.353876 8.31763057939e-20
133150.724285 8.19518814212e-20
134934.094694 8.07274570485e-20
136717.465102 7.95030326758e-20
138500.835511 7.82786083031e-20
140284.205919 7.70541839304e-20
142067.576328 7.58297595577e-20
143850.946737 7.47714693222e-20
145634.317145 7.37917902302e-20
147417.687554 7.28121111383e-20
149201.057963 7.18324320464e-20
150984.428371 7.08527529545e-20
152767.79878 6.98730738626e-20
154551.169189 6.88933947707e-20
156334.539597 6.79137156787e-20
158117.910006 6.69340365868e-20
159901.280414 6.59543574949e-20
161684.650823 6.515794056e-20
163468.021232 6.43776048817e-20
165251.39164 6.35972692033e-20
167034.762049 6.2816933525e-20
168818.132458 6.20365978466e-20
170601.502866 6.12562621683e-20
172384.873275 6.04759264899e-20
174168.243684 5.96955908116e-20
175951.614092 5.89152551333e-20
177734.984501 5.81349194549e-20
179518.35491 5.73545837766e-20
181301.725318 5.67258980618e-20
183085.095727 5.61020610825e-20
184868.466135 5.54782241031e-20
186651.836544 5.48543871237e-20
188435.206953 5.42305501443e-20
190218.577361 5.36067131649e-20
192001.94777 5.29828761856e-20
193785.318179 5.23590392062e-20
195568.688587 5.17352022268e-20
197352.058996 5.11113652474e-20
199135.429405 5.0487528268e-20
200918.799813 4.98636912887e-20
202702.170222 4.93345427748e-20
204485.54063 4.88494300879e-20
206268.911039 4.8364317401e-20
208052.281448 4.78792047141e-20
209835.651856 4.73940920272e-20
211619.022265 4.69089793403e-20
213402.392674 4.64238666535e-20
215185.763082 4.59387539666e-20
216969.133491 4.54536412797e-20
218752.5039 4.49685285928e-20
220535.874308 4.44834159059e-20
222319.244717 4.3998303219e-20
224102.615125 4.35131905321e-20
225885.985534 4.30280778452e-20
227669.355943 4.26377147333e-20
229452.726351 4.22582384597e-20
231236.09676 4.1878762186e-20
233019.467169 4.14992859124e-20
234802.837577 4.11198096387e-20
236586.207986 4.07403333651e-20
238369.578395 4.03608570914e-20
240152.948803 3.99813808177e-20
241936.319212 3.96019045441e-20
243719.689621 3.92224282704e-20
245503.060029 3.88429519968e-20
247286.430438 3.84634757231e-20
249069.800846 3.80839994495e-20
250853.171255 3.77045231758e-20
252636.541664 3.73250469022e-20
254419.912072 3.69795260389e-20
256203.282481 3.66791603694e-20
257986.65289 3.63787946998e-20
259770.023298 3.60784290303e-20
261553.393707 3.57780633608e-20
263336.764116 3.54776976912e-20
265120.134524 3.51773320217e-20
266903.504933 3.48769663521e-20
268686.875341 3.45766006826e-20
270470.24575 3.4276235013e-20
272253.616159 3.39758693435e-20
274036.986567 3.36755036739e-20
275820.356976 3.33751380044e-20
277603.727385 3.30747723348e-20
279387.097793 3.27744066653e-20
281170.468202 3.24740409957e-20
282953.838611 3.21736753262e-20
284737.209019 3.18780421295e-20
286520.579428 3.16415077818e-20
288303.949837 3.1404973434e-20
290087.320245 3.11684390862e-20
291870.690654 3.09319047384e-20
293654.061062 3.06953703907e-20
295437.431471 3.04588360429e-20
297220.80188 3.02223016951e-20
299004.172288 2.99857673474e-20
300787.542697 2.97492329996e-20
302570.913106 2.95126986518e-20
304354.283514 2.9276164304e-20
306137.653923 2.90396299563e-20
307921.024332 2.88030956085e-20
309704.39474 2.85665612607e-20
311487.765149 2.8330026913e-20
313271.135557 2.80934925652e-20
315054.505966 2.78569582174e-20
316837.876375 2.76204238696e-20
318621.246783 2.73838895219e-20
320404.617192 2.71807168917e-20
322187.987601 2.69996534904e-20
323971.358009 2.68185900891e-20
325754.728418 2.66375266877e-20
327538.098827 2.64564632864e-20
329321.469235 2.6275399885e-20
331104.839644 2.60943364837e-20
332888.210053 2.59132730823e-20
334671.580461 2.5732209681e-20
336454.95087 2.55511462796e-20
338238.321278 2.53700828783e-20
340021.691687 2.51890194769e-20
341805.062096 2.50079560756e-20
343588.432504 2.48268926742e-20
345371.802913 2.46458292729e-20
347155.173322 2.44647658715e-20
348938.54373 2.42837024702e-20
350721.914139 2.41026390689e-20
352505.284548 2.39215756675e-20
354288.654956 2.37405122662e-20
356072.025365 2.35594488648e-20
357855.395773 2.33783854635e-20
359638.766182 2.32272137775e-20
361422.136591 2.30858639251e-20
363205.506999 2.29445140728e-20
364988.877408 2.28031642205e-20
366772.247817 2.26618143682e-20
368555.618225 2.25204645159e-20
370338.988634 2.23791146635e-20
372122.359043 2.22377648112e-20
373905.729451 2.20964149589e-20
375689.09986 2.19550651066e-20
377472.470269 2.18137152542e-20
379255.840677 2.16723654019e-20
381039.211086 2.15310155496e-20
382822.581494 2.13896656973e-20
384605.951903 2.1248315845e-20
386389.322312 2.11069659926e-20
388172.69272 2.09656161403e-20
389956.063129 2.0824266288e-20
391739.433538 2.06829164357e-20
393522.803946 2.05415665834e-20
395306.174355 2.0400216731e-20
397089.544764 2.02588668787e-20
398872.915172 2.01175170264e-20
400656.285581 1.99761671741e-20
402439.655989 1.98419100335e-20
404223.026398 1.97303628323e-20
406006.396807 1.9618815631e-20
407789.767215 1.95072684298e-20
409573.137624 1.93957212286e-20
411356.508033 1.92841740274e-20
413139.878441 1.91726268262e-20
414923.24885 1.9061079625e-20
416706.619259 1.89495324237e-20
418489.989667 1.88379852225e-20
420273.360076 1.87264380213e-20
422056.730485 1.86148908201e-20
423840.100893 1.85033436189e-20
425623.471302 1.83917964176e-20
427406.84171 1.82802492164e-20
429190.212119 1.81687020152e-20
430973.582528 1.8057154814e-20
432756.952936 1.79456076128e-20
434540.323345 1.78340604116e-20
436323.693754 1.77225132103e-20
438107.064162 1.76109660091e-20
439890.434571 1.74994188079e-20
441673.80498 1.73878716067e-20
443457.175388 1.72763244055e-20
445240.545797 1.71647772043e-20
447023.916205 1.7053230003e-20
448807.286614 1.69416828018e-20
450590.657023 1.68301356006e-20
452374.027431 1.67367488508e-20
454157.39784 1.66500092986e-20
455940.768249 1.65632697464e-20
457724.138657 1.64765301942e-20
459507.509066 1.63897906421e-20
461290.879475 1.63030510899e-20
463074.249883 1.62163115377e-20
464857.620292 1.61295719855e-20
466640.990701 1.60428324333e-20
468424.361109 1.59560928811e-20
470207.731518 1.58693533289e-20
471991.101926 1.57826137767e-20
473774.472335 1.56958742246e-20
475557.842744 1.56091346724e-20
477341.213152 1.55223951202e-20
479124.583561 1.5435655568e-20
480907.95397 1.53489160158e-20
482691.324378 1.52621764636e-20
484474.694787 1.51754369114e-20
486258.065196 1.50886973592e-20
488041.435604 1.50019578071e-20
489824.806013 1.49152182549e-20
491608.176421 1.48284787027e-20
493391.54683 1.47417391505e-20
495174.917239 1.46549995983e-20
496958.287647 1.45682600461e-20
498741.658056 1.44815204939e-20
500525.028465 1.43947809417e-20
502308.398873 1.43080413896e-20
504091.769282 1.42213018374e-20
505875.139691 1.41345622852e-20
507658.510099 1.40658756944e-20
509441.880508 1.39998895462e-20
511225.250917 1.39339033979e-20
513008.621325 1.38679172497e-20
514791.991734 1.38019311014e-20
516575.362142 1.37359449531e-20
518358.732551 1.36699588049e-20
520142.10296 1.36039726566e-20
521925.473368 1.35379865084e-20
523708.843777 1.34720003601e-20
525492.214186 1.34060142119e-20
527275.584594 1.33400280636e-20
529058.955003 1.32740419153e-20
530842.325412 1.32080557671e-20
532625.69582 1.31420696188e-20
534409.066229 1.30760834706e-20
536192.436637 1.30100973223e-20
537975.807046 1.29441111741e-20
539759.177455 1.28781250258e-20
541542.547863 1.28121388775e-20
543325.918272 1.27461527293e-20
545109.288681 1.2680166581e-20
546892.659089 1.26141804328e-20
548676.029498 1.25481942845e-20
550459.399907 1.24822081363e-20
552242.770315 1.2416221988e-20
554026.140724 1.23502358397e-20
555809.511133 1.22842496915e-20
557592.881541 1.22182635432e-20
559376.25195 1.2152277395e-20
561159.622358 1.20862912467e-20
562942.992767 1.20203050985e-20
564726.363176 1.19543189502e-20
566509.733584 1.18883328019e-20
568293.103993 1.18263917125e-20
570076.474402 1.17771238474e-20
571859.84481 1.17278559823e-20
573643.215219 1.16785881173e-20
575426.585628 1.16293202522e-20
577209.956036 1.15800523871e-20
578993.326445 1.1530784522e-20
580776.696853 1.14815166569e-20
582560.067262 1.14322487918e-20
584343.437671 1.13829809267e-20
586126.808079 1.13337130616e-20
587910.178488 1.12844451965e-20
589693.548897 1.12351773314e-20
591476.919305 1.11859094664e-20
593260.289714 1.11366416013e-20
595043.660123 1.10873737362e-20
596827.030531 1.10381058711e-20
598610.40094 1.0988838006e-20
600393.771349 1.09395701409e-20
602177.141757 1.08903022758e-20
603960.512166 1.08410344107e-20
605743.882574 1.07917665456e-20
607527.252983 1.07424986805e-20
609310.623392 1.06932308155e-20
611093.9938 1.06439629504e-20
612877.364209 1.05946950853e-20
614660.734618 1.05454272202e-20
616444.105026 1.04961593551e-20
618227.475435 1.044689149e-20
620010.845844 1.03976236249e-20
621794.216252 1.03483557598e-20
623577.586661 1.02990878947e-20
625360.957069 1.02498200296e-20
627144.327478 1.02005521646e-20
628927.697887 1.01512842995e-20
630711.068295 1.01020164344e-20
632494.438704 1.00527485693e-20
634277.809113 1.00034807042e-20
636061.179521 9.95421283911e-21
637844.54993 9.90949242647e-21
639627.920339 9.87192119728e-21
641411.290747 9.83434996809e-21
643194.661156 9.7967787389e-21
644978.031565 9.75920750971e-21
646761.401973 9.72163628052e-21
648544.772382 9.68406505134e-21
650328.14279 9.64649382215e-21
652111.513199 9.60892259296e-21
653894.883608 9.57135136377e-21
655678.254016 9.53378013458e-21
657461.624425 9.49620890539e-21
659244.994834 9.4586376762e-21
661028.365242 9.42106644701e-21
662811.735651 9.38349521782e-21
664595.10606 9.34592398864e-21
666378.476468 9.30835275945e-21
668161.846877 9.27078153026e-21
669945.217285 9.23321030107e-21
671728.587694 9.19563907188e-21
673511.958103 9.15806784269e-21
675295.328511 9.1204966135e-21
677078.69892 9.08292538431e-21
678862.069329 9.04535415512e-21
680645.439737 9.00778292594e-21
682428.810146 8.97021169675e-21
684212.180555 8.93264046756e-21
685995.550963 8.89506923837e-21
687778.921372 8.85749800918e-21
689562.29178 8.81992677999e-21
691345.662189 8.7823555508e-21
693129.032598 8.74478432161e-21
694912.403006 8.70721309242e-21
696695.773415 8.66964186324e-21
698479.143824 8.63207063405e-21
700262.514232 8.59449940486e-21
702045.884641 8.55692817567e-21
703829.25505 8.51935694648e-21
705612.625458 8.48178571729e-21
707395.995867 8.4442144881e-21
709179.366276 8.40664325891e-21
710962.736684 8.36907202972e-21
712746.107093 8.33150080053e-21
714529.477501 8.29392957135e-21
716312.84791 8.26276994018e-21
718096.218319 8.23326556472e-21
719879.588727 8.20376118926e-21
721662.959136 8.1742568138e-21
723446.329545 8.14475243833e-21
725229.699953 8.11524806287e-21
727013.070362 8.08574368741e-21
728796.440771 8.05623931195e-21
730579.811179 8.02673493649e-21
732363.181588 7.99723056102e-21
734146.551996 7.96772618556e-21
735929.922405 7.9382218101e-21
737713.292814 7.90871743464e-21
739496.663222 7.87921305918e-21
741280.033631 7.84970868371e-21
743063.40404 7.82020430825e-21
744846.774448 7.79069993279e-21
746630.144857 7.76119555733e-21
748413.515266 7.73169118186e-21
750196.885674 7.7021868064e-21
751980.256083 7.67268243094e-21
753763.626492 7.64317805548e-21
755546.9969 7.61367368002e-21
757330.367309 7.58416930455e-21
759113.737717 7.55466492909e-21
760897.108126 7.52516055363e-21
762680.478535 7.49565617817e-21
764463.848943 7.46615180271e-21
766247.219352 7.43664742724e-21
768030.589761 7.40714305178e-21
769813.960169 7.37763867632e-21
771597.330578 7.34813430086e-21
773380.700987 7.3186299254e-21
775164.071395 7.28912554993e-21
776947.441804 7.25962117447e-21
778730.812212 7.23011679901e-21
780514.182621 7.20061242355e-21
782297.55303 7.17110804809e-21
784080.923438 7.14160367262e-21
785864.293847 7.11209929716e-21
787647.664256 7.0825949217e-21
789431.034664 7.05309054624e-21
791214.405073 7.02358617078e-21
792997.775482 6.99408179531e-21
794781.14589 6.96457741985e-21
796564.516299 6.93507304439e-21
798347.886708 6.90556866893e-21
800131.257116 6.87606429347e-21
801914.627525 6.846559918e-21
803697.997933 6.82538273408e-21
805481.368342 6.80532429752e-21
807264.738751 6.78526586096e-21
809048.109159 6.7652074244e-21
810831.479568 6.74514898784e-21
812614.849977 6.72509055128e-21
814398.220385 6.70503211472e-21
816181.590794 6.68497367816e-21
817964.961203 6.6649152416e-21
819748.331611 6.64485680504e-21
821531.70202 6.62479836848e-21
823315.072428 6.60473993192e-21
825098.442837 6.58468149536e-21
826881.813246 6.5646230588e-21
828665.183654 6.54456462224e-21
830448.554063 6.52450618568e-21
832231.924472 6.50444774912e-21
834015.29488 6.48438931255e-21
835798.665289 6.46433087599e-21
837582.035698 6.44427243943e-21
839365.406106 6.42421400287e-21
841148.776515 6.40415556631e-21
842932.146924 6.38409712975e-21
844715.517332 6.36403869319e-21
846498.887741 6.34398025663e-21
848282.258149 6.32392182007e-21
850065.628558 6.30386338351e-21
851848.998967 6.28380494695e-21
853632.369375 6.26374651039e-21
855415.739784 6.24368807383e-21
857199.110193 6.22362963727e-21
858982.480601 6.20357120071e-21
860765.85101 6.18351276415e-21
862549.221419 6.16345432759e-21
864332.591827 6.14339589103e-21
866115.962236 6.12333745447e-21
867899.332644 6.10327901791e-21
869682.703053 6.08322058135e-21
871466.073462 6.06316214479e-21
873249.44387 6.04310370823e-21
875032.814279 6.02304527167e-21
876816.184688 6.00298683511e-21
878599.555096 5.98292839855e-21
880382.925505 5.96286996199e-21
882166.295914 5.94281152543e-21
883949.666322 5.92275308887e-21
885733.036731 5.90269465231e-21
887516.40714 5.88263621575e-21
889299.777548 5.86257777919e-21
891083.147957 5.84251934263e-21
892866.518365 5.82246090607e-21
894649.888774 5.80240246951e-21
896433.259183 5.78234403295e-21
898216.629591 5.76228559639e-21
900000.0 5.74222715983e-21
1726253.02584 1e-300
3311055.01025 1e-300
6350798.58908 1e-300
12181205.8677 1e-300
23364270.5416 1e-300
44814047.4656 1e-300
85955983.3751 1e-300
164868640.434 1e-300
316227766.017 1e-300
