10000.0 1.04131092209e-18
11983.9679359 8.69159197383e-19
13967.9358717 7.42729480155e-19
15951.9038076 6.49395291944e-19
17935.8717435 5.76438677532e-19
19919.8396794 5.16807322326e-19
21903.8076152 4.6928104861e-19
23887.7755511 4.29725814043e-19
25871.743487 3.95443280397e-19
27855.7114228 3.65690780583e-19
29839.6793587 3.41230944986e-19
31823.6472946 3.18293249148e-19
33807.6152305 2.99557517358e-19
35791.5831663 2.81446218515e-19
37775.5511022 2.6670364686e-19
39759.5190381 2.51961075206e-19
41743.4869739 2.40371044382e-19
43727.4549098 2.28864522639e-19
45711.4228457 2.18591625679e-19
47695.3907816 2.09431530312e-19
49679.3587174 2.00271434944e-19
51663.3266533 1.92467087083e-19
53647.2945892 1.85048383566e-19
55631.2625251 1.77629680048e-19
57615.2304609 1.71291863322e-19
59599.1983968 1.65425869913e-19
61583.1663327 1.59559876504e-19
63567.1342685 1.53962488364e-19
65551.1022044 1.49226966835e-19
67535.0701403 1.44491445306e-19
69519.0380762 1.39755923777e-19
71503.006012 1.35386902237e-19
73486.9739479 1.31677772474e-19
75470.9418838 1.2796864271e-19
77454.9098196 1.24259512947e-19
79438.8777555 1.20552825518e-19
81422.8456914 1.17644040338e-19
83406.8136273 1.14735255159e-19
85390.7815631 1.1182646998e-19
87374.749499 1.089176848e-19
89358.7174349 1.0607858425e-19
91342.6853707 1.03761571727e-19
93326.6533066 1.01444559204e-19
95310.6212425 9.91275466808e-20
97294.5891784 9.68105341575e-20
99278.5571142 9.44935216343e-20
101262.52505 9.24869856201e-20
103246.492986 9.06578647539e-20
105230.460922 8.88287438876e-20
107214.428858 8.69996230214e-20
109198.396794 8.51705021552e-20
111182.364729 8.33413812889e-20
113166.332665 8.16952656556e-20
115150.300601 8.02425899105e-20
117134.268537 7.87899141655e-20
119118.236473 7.73372384204e-20
121102.204409 7.58845626754e-20
123086.172345 7.44318869304e-20
125070.140281 7.29792111853e-20
127054.108216 7.16981548446e-20
129038.076152 7.05386067318e-20
131022.044088 6.9379058619e-20
133006.012024 6.82195105062e-20
134989.97996 6.70599623933e-20
136973.947896 6.59004142805e-20
138957.915832 6.47408661677e-20
140941.883768 6.35813180549e-20
142925.851703 6.26271131926e-20
144909.819639 6.17112078625e-20
146893.787575 6.07953025324e-20
148877.755511 5.98793972023e-20
150861.723447 5.89634918721e-20
152845.691383 5.8047586542e-20
154829.659319 5.71316812119e-20
156813.627255 5.62157758818e-20
158797.59519 5.53308058905e-20
160781.563126 5.46139907636e-20
162765.531062 5.38971756366e-20
164749.498998 5.31803605096e-20
166733.466934 5.24635453826e-20
168717.43487 5.17467302556e-20
170701.402806 5.10299151287e-20
172685.370741 5.03131000017e-20
174669.338677 4.95962848747e-20
176653.306613 4.88794697477e-20
178637.274549 4.82213680643e-20
180621.242485 4.76484807284e-20
182605.210421 4.70755933926e-20
184589.178357 4.65027060567e-20
186573.146293 4.59298187208e-20
188557.114228 4.5356931385e-20
190541.082164 4.47840440491e-20
192525.0501 4.42111567132e-20
194509.018036 4.36382693774e-20
196492.985972 4.30653820415e-20
198476.953908 4.24924947057e-20
200460.921844 4.19747674349e-20
202444.88978 4.15189625112e-20
204428.857715 4.10631575875e-20
206412.825651 4.06073526639e-20
208396.793587 4.01515477402e-20
210380.761523 3.96957428166e-20
212364.729459 3.92399378929e-20
214348.697395 3.87841329692e-20
216332.665331 3.83283280456e-20
218316.633267 3.78725231219e-20
220300.601202 3.74167181983e-20
222284.569138 3.69609132746e-20
224268.537074 3.65250520041e-20
226252.50501 3.61690585112e-20
228236.472946 3.58130650183e-20
230220.440882 3.54570715254e-20
232204.408818 3.51010780325e-20
234188.376754 3.47450845395e-20
236172.344689 3.43890910466e-20
238156.312625 3.40330975537e-20
240140.280561 3.36771040608e-20
242124.248497 3.33211105679e-20
244108.216433 3.2965117075e-20
246092.184369 3.2609123582e-20
248076.152305 3.22531300891e-20
250060.12024 3.18971365962e-20
252044.088176 3.15748687412e-20
254028.056112 3.12970925296e-20
256012.024048 3.10193163181e-20
257995.991984 3.07415401065e-20
259979.95992 3.0463763895e-20
261963.927856 3.01859876834e-20
263947.895792 2.99082114719e-20
265931.863727 2.96304352603e-20
267915.831663 2.93526590488e-20
269899.799599 2.90748828372e-20
271883.767535 2.87971066257e-20
273867.735471 2.85193304141e-20
275851.703407 2.82415542026e-20
277835.671343 2.7963777991e-20
279819.639279 2.76860017795e-20
281803.607214 2.74082255679e-20
283787.57515 2.71881054059e-20
285771.543086 2.69690111871e-20
287755.511022 2.67499169683e-20
289739.478958 2.65308227496e-20
291723.446894 2.63117285308e-20
293707.41483 2.6092634312e-20
295691.382766 2.58735400932e-20
297675.350701 2.56544458744e-20
299659.318637 2.54353516556e-20
301643.286573 2.52162574368e-20
303627.254509 2.4997163218e-20
305611.222445 2.47780689993e-20
307595.190381 2.45589747805e-20
309579.158317 2.43398805617e-20
311563.126253 2.41207863429e-20
313547.094188 2.39016921241e-20
315531.062124 2.36825979053e-20
317515.03006 2.34925765444e-20
319498.997996 2.33182902407e-20
321482.965932 2.3144003937e-20
323466.933868 2.29697176332e-20
325450.901804 2.27954313295e-20
327434.869739 2.26211450258e-20
329418.837675 2.2446858722e-20
331402.805611 2.22725724183e-20
333386.773547 2.20982861146e-20
335370.741483 2.19239998108e-20
337354.709419 2.17497135071e-20
339338.677355 2.15754272033e-20
341322.645291 2.14011408996e-20
343306.613226 2.12268545959e-20
345290.581162 2.10525682921e-20
347274.549098 2.08782819884e-20
349258.517034 2.07039956847e-20
351242.48497 2.05297093809e-20
353226.452906 2.03554230772e-20
355210.420842 2.01886466739e-20
357194.388778 2.00518873613e-20
359178.356713 1.99151280486e-20
361162.324649 1.9778368736e-20
363146.292585 1.96416094234e-20
365130.260521 1.95048501108e-20
367114.228457 1.93680907982e-20
369098.196393 1.92313314856e-20
371082.164329 1.90945721729e-20
373066.132265 1.89578128603e-20
375050.1002 1.88210535477e-20
377034.068136 1.86842942351e-20
379018.036072 1.85475349225e-20
381002.004008 1.84107756098e-20
382985.971944 1.82740162972e-20
384969.93988 1.81372569846e-20
386953.907816 1.8000497672e-20
388937.875752 1.78637383594e-20
390921.843687 1.77269790467e-20
392905.811623 1.75902197341e-20
394889.779559 1.74534604215e-20
396873.747495 1.73167011089e-20
398857.715431 1.71910634153e-20
400841.683367 1.70837026586e-20
402825.651303 1.6976341902e-20
404809.619238 1.68689811453e-20
406793.587174 1.67616203886e-20
408777.55511 1.66542596319e-20
410761.523046 1.65468988753e-20
412745.490982 1.64395381186e-20
414729.458918 1.63321773619e-20
416713.426854 1.62248166053e-20
418697.39479 1.61174558486e-20
420681.362725 1.60100950919e-20
422665.330661 1.59027343352e-20
424649.298597 1.57953735786e-20
426633.266533 1.56880128219e-20
428617.234469 1.55806520652e-20
430601.202405 1.54732913085e-20
432585.170341 1.53659305519e-20
434569.138277 1.52585697952e-20
436553.106212 1.51512090385e-20
438537.074148 1.50438482819e-20
440521.042084 1.49364875252e-20
442505.01002 1.48291267685e-20
444488.977956 1.47217660118e-20
446472.945892 1.46144052552e-20
448456.913828 1.45303606983e-20
450440.881764 1.44490857856e-20
452424.849699 1.4367810873e-20
454408.817635 1.42865359604e-20
456392.785571 1.42052610478e-20
458376.753507 1.41239861351e-20
460360.721443 1.40427112225e-20
462344.689379 1.39614363099e-20
464328.657315 1.38801613973e-20
466312.625251 1.37988864846e-20
468296.593186 1.3717611572e-20
470280.561122 1.36363366594e-20
472264.529058 1.35550617468e-20
474248.496994 1.34737868342e-20
476232.46493 1.33925119215e-20
478216.432866 1.33112370089e-20
480200.400802 1.32299620963e-20
482184.368737 1.31486871837e-20
484168.336673 1.3067412271e-20
486152.304609 1.29861373584e-20
488136.272545 1.29048624458e-20
490120.240481 1.28235875332e-20
492104.208417 1.27423126206e-20
494088.176353 1.26610377079e-20
496072.144289 1.25797627953e-20
498056.112224 1.24984878827e-20
500040.08016 1.24172129701e-20
502024.048096 1.23438142779e-20
504008.016032 1.22812127624e-20
505991.983968 1.22186112469e-20
507975.951904 1.21560097314e-20
509959.91984 1.20934082159e-20
511943.887776 1.20308067004e-20
513927.855711 1.19682051849e-20
515911.823647 1.19056036694e-20
517895.791583 1.18430021539e-20
519879.759519 1.17804006384e-20
521863.727455 1.17177991229e-20
523847.695391 1.16551976074e-20
525831.663327 1.15925960919e-20
527815.631263 1.15299945764e-20
529799.599198 1.14673930609e-20
531783.567134 1.14047915454e-20
533767.53507 1.13421900299e-20
535751.503006 1.12795885144e-20
537735.470942 1.12169869989e-20
539719.438878 1.11543854834e-20
541703.406814 1.10917839679e-20
543687.374749 1.10291824524e-20
545671.342685 1.09665809369e-20
547655.310621 1.09039794214e-20
549639.278557 1.08413779059e-20
551623.246493 1.07787763903e-20
553607.214429 1.07161748748e-20
555591.182365 1.06535733593e-20
557575.150301 1.05909718438e-20
559559.118236 1.05283703283e-20
561543.086172 1.04657688128e-20
563527.054108 1.04113894926e-20
565511.022044 1.03625453979e-20
567494.98998 1.03137013032e-20
569478.957916 1.02648572085e-20
571462.925852 1.02160131138e-20
573446.893788 1.01671690191e-20
575430.861723 1.01183249244e-20
577414.829659 1.00694808298e-20
579398.797595 1.00206367351e-20
581382.765531 9.97179264039e-21
583366.733467 9.92294854571e-21
585350.701403 9.87410445102e-21
587334.669339 9.82526035634e-21
589318.637275 9.77641626165e-21
591302.60521 9.72757216697e-21
593286.573146 9.67872807228e-21
595270.541082 9.6298839776e-21
597254.509018 9.58103988291e-21
599238.476954 9.53219578823e-21
601222.44489 9.48335169354e-21
603206.412826 9.43450759886e-21
605190.380762 9.38566350417e-21
607174.348697 9.33681940949e-21
609158.316633 9.2879753148e-21
611142.284569 9.23913122012e-21
613126.252505 9.19028712543e-21
615110.220441 9.14144303074e-21
617094.188377 9.09259893606e-21
619078.156313 9.04375484137e-21
621062.124248 8.99491074669e-21
623046.092184 8.946066652e-21
625030.06012 8.89722255732e-21
627014.028056 8.84837846263e-21
628997.995992 8.79953436795e-21
630981.963928 8.75084099011e-21
632965.931864 8.71414247183e-21
634949.8998 8.67744395355e-21
636933.867735 8.64074543527e-21
638917.835671 8.60404691699e-21
640901.803607 8.56734839872e-21
642885.771543 8.53064988044e-21
644869.739479 8.49395136216e-21
646853.707415 8.45725284388e-21
648837.675351 8.4205543256e-21
650821.643287 8.38385580733e-21
652805.611222 8.34715728905e-21
654789.579158 8.31045877077e-21
656773.547094 8.27376025249e-21
658757.51503 8.23706173421e-21
660741.482966 8.20036321594e-21
662725.450902 8.16366469766e-21
664709.418838 8.12696617938e-21
666693.386774 8.0902676611e-21
668677.354709 8.05356914282e-21
670661.322645 8.01687062455e-21
672645.290581 7.98017210627e-21
674629.258517 7.94347358799e-21
676613.226453 7.90677506971e-21
678597.194389 7.87007655143e-21
680581.162325 7.83337803316e-21
682565.130261 7.79667951488e-21
684549.098196 7.7599809966e-21
686533.066132 7.72328247832e-21
688517.034068 7.68658396004e-21
690501.002004 7.64988544177e-21
692484.96994 7.61318692349e-21
694468.937876 7.57648840521e-21
696452.905812 7.53978988693e-21
698436.873747 7.50309136865e-21
700420.841683 7.46639285038e-21
702404.809619 7.4296943321e-21
704388.777555 7.39299581382e-21
706372.745491 7.35629729554e-21
708356.713427 7.32141303411e-21
710340.681363 7.293473759e-21
712324.649299 7.26553448389e-21
714308.617234 7.23759520878e-21
716292.58517 7.20965593367e-21
718276.553106 7.18171665856e-21
720260.521042 7.15377738345e-21
722244.488978 7.12583810834e-21
724228.456914 7.09789883323e-21
726212.42485 7.06995955812e-21
728196.392786 7.04202028301e-21
730180.360721 7.0140810079e-21
732164.328657 6.98614173279e-21
734148.296593 6.95820245768e-21
736132.264529 6.93026318257e-21
738116.232465 6.90232390746e-21
740100.200401 6.87438463235e-21
742084.168337 6.84644535724e-21
744068.136273 6.81850608213e-21
746052.104208 6.79056680702e-21
748036.072144 6.76262753191e-21
750020.04008 6.7346882568e-21
752004.008016 6.70674898169e-21
753987.975952 6.67880970658e-21
755971.943888 6.65087043147e-21
757955.911824 6.62293115636e-21
759939.87976 6.59499188125e-21
761923.847695 6.56705260614e-21
763907.815631 6.53911333103e-21
765891.783567 6.51117405592e-21
767875.751503 6.48323478081e-21
769859.719439 6.4552955057e-21
771843.687375 6.42735623059e-21
773827.655311 6.39941695548e-21
775811.623246 6.37147768037e-21
777795.591182 6.34353840526e-21
779779.559118 6.31559913015e-21
781763.527054 6.28765985504e-21
783747.49499 6.25972057993e-21
785731.462926 6.23178130482e-21
787715.430862 6.20384202971e-21
789699.398798 6.1759027546e-21
791683.366733 6.14796347949e-21
793667.334669 6.12002420438e-21
795651.302605 6.09619127225e-21
797635.270541 6.07440954425e-21
799619.238477 6.05262781626e-21
801603.206413 6.03084608826e-21
803587.174349 6.00906436026e-21
805571.142285 5.98728263227e-21
807555.11022 5.96550090427e-21
809539.078156 5.94371917627e-21
811523.046092 5.92193744828e-21
813507.014028 5.90015572028e-21
815490.981964 5.87837399228e-21
817474.9499 5.85659226429e-21
819458.917836 5.83481053629e-21
821442.885772 5.81302880829e-21
823426.853707 5.7912470803e-21
825410.821643 5.7694653523e-21
827394.789579 5.7476836243e-21
829378.757515 5.72590189631e-21
831362.725451 5.70412016831e-21
833346.693387 5.68233844031e-21
835330.661323 5.66055671231e-21
837314.629259 5.63877498432e-21
839298.597194 5.61699325632e-21
841282.56513 5.59521152832e-21
843266.533066 5.57342980033e-21
845250.501002 5.55164807233e-21
847234.468938 5.52986634433e-21
849218.436874 5.50808461634e-21
851202.40481 5.48630288834e-21
853186.372745 5.46452116034e-21
855170.340681 5.44273943235e-21
857154.308617 5.42095770435e-21
859138.276553 5.39917597635e-21
861122.244489 5.37739424836e-21
863106.212425 5.35561252036e-21
865090.180361 5.33383079236e-21
867074.148297 5.31204906437e-21
869058.116232 5.29026733637e-21
871042.084168 5.26848560837e-21
873026.052104 5.24670388038e-21
875010.02004 5.22492215238e-21
876993.987976 5.20314042438e-21
878977.955912 5.18135869638e-21
880961.923848 5.15957696839e-21
882945.891784 5.13779524039e-21
884929.859719 5.11601351239e-21
886913.827655 5.0942317844e-21
888897.795591 5.0724500564e-21
890881.763527 5.0506683284e-21
892865.731463 5.03446501942e-21
894849.699399 5.01953705052e-21
896833.667335 5.00460908161e-21
898817.635271 4.98968111271e-21
900801.603206 4.97475314381e-21
902785.571142 4.9598251749e-21
904769.539078 4.944897206e-21
906753.507014 4.92996923709e-21
908737.47495 4.91504126819e-21
910721.442886 4.90011329928e-21
912705.410822 4.88518533038e-21
914689.378758 4.87025736147e-21
916673.346693 4.85532939257e-21
918657.314629 4.84040142366e-21
920641.282565 4.82547345476e-21
922625.250501 4.81054548585e-21
924609.218437 4.79561751695e-21
926593.186373 4.78068954804e-21
928577.154309 4.76576157914e-21
930561.122244 4.75083361023e-21
932545.09018 4.73590564133e-21
934529.058116 4.72097767242e-21
936513.026052 4.70604970352e-21
938496.993988 4.69112173462e-21
940480.961924 4.67619376571e-21
942464.92986 4.66126579681e-21
944448.897796 4.6463378279e-21
946432.865731 4.631409859e-21
948416.833667 4.61648189009e-21
950400.801603 4.60155392119e-21
952384.769539 4.58662595228e-21
954368.737475 4.57169798338e-21
956352.705411 4.55677001447e-21
958336.673347 4.54184204557e-21
960320.641283 4.52691407666e-21
962304.609218 4.51198610776e-21
964288.577154 4.49705813885e-21
966272.54509 4.48213016995e-21
968256.513026 4.46720220104e-21
970240.480962 4.45227423214e-21
972224.448898 4.43734626323e-21
974208.416834 4.42241829433e-21
976192.38477 4.40749032543e-21
978176.352705 4.39256235652e-21
980160.320641 4.37763438762e-21
982144.288577 4.36270641871e-21
984128.256513 4.34777844981e-21
986112.224449 4.3328504809e-21
988096.192385 4.317922512e-21
990080.160321 4.30299454309e-21
992064.128257 4.28806657419e-21
994048.096192 4.27313860528e-21
996032.064128 4.25821063638e-21
998016.032064 4.24328266747e-21
1000000.0 4.22835469857e-21
1895735.65241 1e-300
3593813.6638 1e-300
6812920.69058 1e-300
12915496.6501 1e-300
24484367.4682 1e-300
46415888.3361 1e-300
87992254.3569 1e-300
166810053.72 1e-300
316227766.017 1e-300
