10071.4032944 1.56982405157e-18
11654.4265342 1.35651534735e-18
13237.4497741 1.19118703284e-18
14820.473014 1.06147701851e-18
16403.4962539 9.57393151325e-19
17986.5194938 8.68496731284e-19
19569.5427337 7.97858226131e-19
21152.5659736 7.37474330627e-19
22735.5892135 6.83485312649e-19
24318.6124534 6.3910105615e-19
25901.6356933 5.98149566517e-19
27484.6589332 5.62770977798e-19
29067.682173 5.30535365243e-19
30650.7054129 5.02445560411e-19
32233.7286528 4.75649960705e-19
33816.7518927 4.52879460432e-19
35399.7751326 4.30108960158e-19
36982.7983725 4.1135319235e-19
38565.8216124 3.93674718981e-19
40148.8448523 3.76121525362e-19
41731.8680922 3.62124783644e-19
43314.8913321 3.48128041926e-19
44897.914572 3.34131300208e-19
46480.9378118 3.22824059383e-19
48063.9610517 3.1167778083e-19
49646.9842916 3.00531502277e-19
51230.0075315 2.905077035e-19
52813.0307714 2.8171988588e-19
54396.0540113 2.72932068261e-19
55979.0772512 2.64144250641e-19
57562.1004911 2.56402866051e-19
59145.123731 2.49403110094e-19
60728.1469709 2.42403354136e-19
62311.1702108 2.35403598179e-19
63894.1934506 2.28733075489e-19
65477.2166905 2.23231255651e-19
67060.2399304 2.17729435813e-19
68643.2631703 2.12227615976e-19
70226.2864102 2.06725796138e-19
71809.3096501 2.01561511424e-19
73392.33289 1.97108964251e-19
74975.3561299 1.92656417079e-19
76558.3793698 1.88203869906e-19
78141.4026097 1.83751322733e-19
79724.4258496 1.7929877556e-19
81307.4490895 1.75604080458e-19
82890.4723293 1.72069119636e-19
84473.4955692 1.68534158814e-19
86056.5188091 1.64999197992e-19
87639.542049 1.61464237171e-19
89222.5652889 1.57929276349e-19
90805.5885288 1.54913824633e-19
92388.6117687 1.52166513835e-19
93971.6350086 1.49419203038e-19
95554.6582485 1.46671892241e-19
97137.6814884 1.43924581443e-19
98720.7047283 1.41177270646e-19
100303.727968 1.38429959849e-19
101886.751208 1.36103487039e-19
103469.774448 1.33924254982e-19
105052.797688 1.31745022924e-19
106635.820928 1.29565790867e-19
108218.844168 1.2738655881e-19
109801.867407 1.25207326753e-19
111384.890647 1.23028094695e-19
112967.913887 1.20848862638e-19
114550.937127 1.19099735003e-19
116133.960367 1.17360357287e-19
117716.983607 1.15620979571e-19
119300.006847 1.13881601856e-19
120883.030087 1.1214222414e-19
122466.053327 1.10402846424e-19
124049.076567 1.08663468708e-19
125632.099806 1.06924090993e-19
127215.123046 1.05284080976e-19
128798.146286 1.03915988105e-19
130381.169526 1.02547895233e-19
131964.192766 1.01179802362e-19
133547.216006 9.98117094902e-20
135130.239246 9.84436166187e-20
136713.262486 9.70755237472e-20
138296.285726 9.57074308757e-20
139879.308965 9.43393380042e-20
141462.332205 9.29712451327e-20
143045.355445 9.17433572413e-20
144628.378685 9.06587215767e-20
146211.401925 8.9574085912e-20
147794.425165 8.84894502474e-20
149377.448405 8.74048145828e-20
150960.471645 8.63201789181e-20
152543.494885 8.52355432535e-20
154126.518124 8.41509075889e-20
155709.541364 8.30662719242e-20
157292.564604 8.19816362596e-20
158875.587844 8.08970005949e-20
160458.611084 7.99329829976e-20
162041.634324 7.90763025655e-20
163624.657564 7.82196221333e-20
165207.680804 7.73629417012e-20
166790.704044 7.65062612691e-20
168373.727283 7.56495808369e-20
169956.750523 7.47929004048e-20
171539.773763 7.39362199727e-20
173122.797003 7.30795395405e-20
174705.820243 7.22228591084e-20
176288.843483 7.13661786762e-20
177871.866723 7.05094982441e-20
179454.889963 6.96942487522e-20
181037.913203 6.90211807146e-20
182620.936442 6.8348112677e-20
184203.959682 6.76750446395e-20
185786.982922 6.70019766019e-20
187370.006162 6.63289085643e-20
188953.029402 6.56558405268e-20
190536.052642 6.49827724892e-20
192119.075882 6.43097044516e-20
193702.099122 6.3636636414e-20
195285.122362 6.29635683765e-20
196868.145602 6.22905003389e-20
198451.168841 6.16174323013e-20
200034.192081 6.09443642638e-20
201617.215321 6.03284400509e-20
203200.238561 5.97911365246e-20
204783.261801 5.92538329983e-20
206366.285041 5.87165294719e-20
207949.308281 5.81792259456e-20
209532.331521 5.76419224193e-20
211115.354761 5.7104618893e-20
212698.378 5.65673153666e-20
214281.40124 5.60300118403e-20
215864.42448 5.5492708314e-20
217447.44772 5.49554047877e-20
219030.47096 5.44181012614e-20
220613.4942 5.3880797735e-20
222196.51744 5.33434942087e-20
223779.54068 5.28061906824e-20
225362.56392 5.22688871561e-20
226945.587159 5.18360196674e-20
228528.610399 5.14108042638e-20
230111.633639 5.09855888602e-20
231694.656879 5.05603734567e-20
233277.680119 5.01351580531e-20
234860.703359 4.97099426495e-20
236443.726599 4.9284727246e-20
238026.749839 4.88595118424e-20
239609.773079 4.84342964388e-20
241192.796318 4.80090810353e-20
242775.819558 4.75838656317e-20
244358.842798 4.71586502282e-20
245941.866038 4.67334348246e-20
247524.889278 4.6308219421e-20
249107.912518 4.58830040175e-20
250690.935758 4.54577886139e-20
252273.958998 4.50325732103e-20
253856.982238 4.46587772447e-20
255440.005477 4.43266128362e-20
257023.028717 4.39944484276e-20
258606.051957 4.3662284019e-20
260189.075197 4.33301196104e-20
261772.098437 4.29979552018e-20
263355.121677 4.26657907932e-20
264938.144917 4.23336263846e-20
266521.168157 4.20014619761e-20
268104.191397 4.16692975675e-20
269687.214636 4.13371331589e-20
271270.237876 4.10049687503e-20
272853.261116 4.06728043417e-20
274436.284356 4.03406399331e-20
276019.307596 4.00084755245e-20
277602.330836 3.9676311116e-20
279185.354076 3.93441467074e-20
280768.377316 3.90119822988e-20
282351.400556 3.86798178902e-20
283934.423796 3.83517871135e-20
285517.447035 3.80977907499e-20
287100.470275 3.78437943863e-20
288683.493515 3.75897980227e-20
290266.516755 3.73358016591e-20
291849.539995 3.70818052955e-20
293432.563235 3.68278089319e-20
295015.586475 3.65738125683e-20
296598.609715 3.63198162047e-20
298181.632955 3.60658198411e-20
299764.656194 3.58118234775e-20
301347.679434 3.55578271139e-20
302930.702674 3.53038307502e-20
304513.725914 3.50498343866e-20
306096.749154 3.4795838023e-20
307679.772394 3.45418416594e-20
309262.795634 3.42878452958e-20
310845.818874 3.40338489322e-20
312428.842114 3.37798525686e-20
314011.865353 3.3525856205e-20
315594.888593 3.32718598414e-20
317177.911833 3.30178634778e-20
318760.935073 3.27728365036e-20
320343.958313 3.25704346988e-20
321926.981553 3.2368032894e-20
323510.004793 3.21656310892e-20
325093.028033 3.19632292844e-20
326676.051273 3.17608274796e-20
328259.074512 3.15584256748e-20
329842.097752 3.135602387e-20
331425.120992 3.11536220652e-20
333008.144232 3.09512202604e-20
334591.167472 3.07488184555e-20
336174.190712 3.05464166507e-20
337757.213952 3.03440148459e-20
339340.237192 3.01416130411e-20
340923.260432 2.99392112363e-20
342506.283671 2.97368094315e-20
344089.306911 2.95344076267e-20
345672.330151 2.93320058219e-20
347255.353391 2.91296040171e-20
348838.376631 2.89272022123e-20
350421.399871 2.87248004074e-20
352004.423111 2.85223986026e-20
353587.446351 2.83199967978e-20
355170.469591 2.8117594993e-20
356753.49283 2.79151931882e-20
358336.51607 2.77411815671e-20
359919.53931 2.75841924515e-20
361502.56255 2.7427203336e-20
363085.58579 2.72702142205e-20
364668.60903 2.7113225105e-20
366251.63227 2.69562359894e-20
367834.65551 2.67992468739e-20
369417.67875 2.66422577584e-20
371000.70199 2.64852686429e-20
372583.725229 2.63282795273e-20
374166.748469 2.61712904118e-20
375749.771709 2.60143012963e-20
377332.794949 2.58573121808e-20
378915.818189 2.57003230652e-20
380498.841429 2.55433339497e-20
382081.864669 2.53863448342e-20
383664.887909 2.52293557187e-20
385247.911149 2.50723666031e-20
386830.934388 2.49153774876e-20
388413.957628 2.47583883721e-20
389996.980868 2.46013992566e-20
391580.004108 2.4444410141e-20
393163.027348 2.42874210255e-20
394746.050588 2.413043191e-20
396329.073828 2.39734427945e-20
397912.097068 2.38164536789e-20
399495.120308 2.36594645634e-20
401078.143547 2.35055622093e-20
402661.166787 2.33866421397e-20
404244.190027 2.32677220702e-20
405827.213267 2.31488020007e-20
407410.236507 2.30298819311e-20
408993.259747 2.29109618616e-20
410576.282987 2.2792041792e-20
412159.306227 2.26731217225e-20
413742.329467 2.25542016529e-20
415325.352706 2.24352815834e-20
416908.375946 2.23163615139e-20
418491.399186 2.21974414443e-20
420074.422426 2.20785213748e-20
421657.445666 2.19596013052e-20
423240.468906 2.18406812357e-20
424823.492146 2.17217611661e-20
426406.515386 2.16028410966e-20
427989.538626 2.1483921027e-20
429572.561865 2.13650009575e-20
431155.585105 2.1246080888e-20
432738.608345 2.11271608184e-20
434321.631585 2.10082407489e-20
435904.654825 2.08893206793e-20
437487.678065 2.07704006098e-20
439070.701305 2.06514805402e-20
440653.724545 2.05325604707e-20
442236.747785 2.04136404012e-20
443819.771025 2.02947203316e-20
445402.794264 2.01758002621e-20
446985.817504 2.00568801925e-20
448568.840744 1.9937960123e-20
450151.863984 1.98236439227e-20
451734.887224 1.97308642114e-20
453317.910464 1.96380845001e-20
454900.933704 1.95453047888e-20
456483.956944 1.94525250775e-20
458066.980184 1.93597453662e-20
459650.003423 1.92669656549e-20
461233.026663 1.91741859436e-20
462816.049903 1.90814062323e-20
464399.073143 1.8988626521e-20
465982.096383 1.88958468097e-20
467565.119623 1.88030670984e-20
469148.142863 1.87102873871e-20
470731.166103 1.86175076758e-20
472314.189343 1.85247279645e-20
473897.212582 1.84319482532e-20
475480.235822 1.83391685419e-20
477063.259062 1.82463888306e-20
478646.282302 1.81536091193e-20
480229.305542 1.8060829408e-20
481812.328782 1.79680496967e-20
483395.352022 1.78752699854e-20
484978.375262 1.77824902741e-20
486561.398502 1.76897105628e-20
488144.421741 1.75969308515e-20
489727.444981 1.75041511402e-20
491310.468221 1.74113714289e-20
492893.491461 1.73185917176e-20
494476.514701 1.72258120063e-20
496059.537941 1.7133032295e-20
497642.561181 1.70402525837e-20
499225.584421 1.69474728724e-20
500808.607661 1.68546931611e-20
502391.6309 1.67619134498e-20
503974.65414 1.66691337385e-20
505557.67738 1.65876559924e-20
507140.70062 1.65174719278e-20
508723.72386 1.64472878631e-20
510306.7471 1.63771037985e-20
511889.77034 1.63069197338e-20
513472.79358 1.62367356692e-20
515055.81682 1.61665516045e-20
516638.840059 1.60963675399e-20
518221.863299 1.60261834752e-20
519804.886539 1.59559994106e-20
521387.909779 1.58858153459e-20
522970.933019 1.58156312813e-20
524553.956259 1.57454472166e-20
526136.979499 1.5675263152e-20
527720.002739 1.56050790873e-20
529303.025979 1.55348950227e-20
530886.049219 1.5464710958e-20
532469.072458 1.53945268934e-20
534052.095698 1.53243428287e-20
535635.118938 1.52541587641e-20
537218.142178 1.51839746994e-20
538801.165418 1.51137906348e-20
540384.188658 1.50436065702e-20
541967.211898 1.49734225055e-20
543550.235138 1.49032384409e-20
545133.258378 1.48330543762e-20
546716.281617 1.47628703116e-20
548299.304857 1.46926862469e-20
549882.328097 1.46225021823e-20
551465.351337 1.45523181176e-20
553048.374577 1.4482134053e-20
554631.397817 1.44119499883e-20
556214.421057 1.43417659237e-20
557797.444297 1.4271581859e-20
559380.467537 1.42013977944e-20
560963.490776 1.41312137297e-20
562546.514016 1.40610296651e-20
564129.537256 1.39908456004e-20
565712.560496 1.39206615358e-20
567295.583736 1.38608363285e-20
568878.606976 1.38081166689e-20
570461.630216 1.37553970093e-20
572044.653456 1.37026773497e-20
573627.676696 1.36499576901e-20
575210.699935 1.35972380305e-20
576793.723175 1.35445183709e-20
578376.746415 1.34917987113e-20
579959.769655 1.34390790517e-20
581542.792895 1.33863593921e-20
583125.816135 1.33336397325e-20
584708.839375 1.32809200729e-20
586291.862615 1.32282004133e-20
587874.885855 1.31754807537e-20
589457.909094 1.31227610941e-20
591040.932334 1.30700414345e-20
592623.955574 1.30173217749e-20
594206.978814 1.29646021153e-20
595790.002054 1.29118824557e-20
597373.025294 1.28591627961e-20
598956.048534 1.28064431365e-20
600539.071774 1.27537234769e-20
602122.095014 1.27010038173e-20
603705.118254 1.26482841577e-20
605288.141493 1.25955644981e-20
606871.164733 1.25428448385e-20
608454.187973 1.24901251789e-20
610037.211213 1.24374055193e-20
611620.234453 1.23846858597e-20
613203.257693 1.23319662001e-20
614786.280933 1.22792465405e-20
616369.304173 1.22265268809e-20
617952.327413 1.21738072214e-20
619535.350652 1.21210875618e-20
621118.373892 1.20683679022e-20
622701.397132 1.20156482426e-20
624284.420372 1.1962928583e-20
625867.443612 1.19102089234e-20
627450.466852 1.18574892638e-20
629033.490092 1.18047696042e-20
630616.513332 1.17520499446e-20
632199.536572 1.1699330285e-20
633782.559811 1.16466106254e-20
635365.583051 1.15938909658e-20
636948.606291 1.15521155322e-20
638531.629531 1.15110545189e-20
640114.652771 1.14699935056e-20
641697.676011 1.14289324922e-20
643280.699251 1.13878714789e-20
644863.722491 1.13468104656e-20
646446.745731 1.13057494523e-20
648029.76897 1.12646884389e-20
649612.79221 1.12236274256e-20
651195.81545 1.11825664123e-20
652778.83869 1.11415053989e-20
654361.86193 1.11004443856e-20
655944.88517 1.10593833723e-20
657527.90841 1.1018322359e-20
659110.93165 1.09772613456e-20
660693.95489 1.09362003323e-20
662276.978129 1.0895139319e-20
663860.001369 1.08540783056e-20
665443.024609 1.08130172923e-20
667026.047849 1.0771956279e-20
668609.071089 1.07308952657e-20
670192.094329 1.06898342523e-20
671775.117569 1.0648773239e-20
673358.140809 1.06077122257e-20
674941.164049 1.05666512123e-20
676524.187288 1.0525590199e-20
678107.210528 1.04845291857e-20
679690.233768 1.04434681724e-20
681273.257008 1.0402407159e-20
682856.280248 1.03613461457e-20
684439.303488 1.03202851324e-20
686022.326728 1.0279224119e-20
687605.349968 1.02381631057e-20
689188.373208 1.01971020924e-20
690771.396448 1.01560410791e-20
692354.419687 1.01149800657e-20
693937.442927 1.00739190524e-20
695520.466167 1.00328580391e-20
697103.489407 9.99179702575e-21
698686.512647 9.95073601242e-21
700269.535887 9.90967499909e-21
701852.559127 9.86861398576e-21
703435.582367 9.82755297243e-21
705018.605607 9.78649195911e-21
706601.628846 9.74543094578e-21
708184.652086 9.70436993245e-21
709767.675326 9.66330891912e-21
711350.698566 9.62224790579e-21
712933.721806 9.58118689246e-21
714516.745046 9.55272339562e-21
716099.768286 9.52481688967e-21
717682.791526 9.49691038373e-21
719265.814766 9.46900387779e-21
720848.838005 9.44109737184e-21
722431.861245 9.4131908659e-21
724014.884485 9.38528435996e-21
725597.907725 9.35737785401e-21
727180.930965 9.32947134807e-21
728763.954205 9.30156484213e-21
730346.977445 9.27365833618e-21
731930.000685 9.24575183024e-21
733513.023925 9.2178453243e-21
735096.047164 9.18993881835e-21
736679.070404 9.16203231241e-21
738262.093644 9.13412580647e-21
739845.116884 9.10621930052e-21
741428.140124 9.07831279458e-21
743011.163364 9.05040628863e-21
744594.186604 9.02249978269e-21
746177.209844 8.99459327675e-21
747760.233084 8.9666867708e-21
749343.256323 8.93878026486e-21
750926.279563 8.91087375892e-21
752509.302803 8.88296725297e-21
754092.326043 8.85506074703e-21
755675.349283 8.82715424109e-21
757258.372523 8.79924773514e-21
758841.395763 8.7713412292e-21
760424.419003 8.74343472326e-21
762007.442243 8.71552821731e-21
763590.465483 8.68762171137e-21
765173.488722 8.65971520543e-21
766756.511962 8.63180869948e-21
768339.535202 8.60390219354e-21
769922.558442 8.5759956876e-21
771505.581682 8.54808918165e-21
773088.604922 8.52018267571e-21
774671.628162 8.49227616977e-21
776254.651402 8.46436966382e-21
777837.674642 8.43646315788e-21
779420.697881 8.40855665194e-21
781003.721121 8.38065014599e-21
782586.744361 8.35274364005e-21
784169.767601 8.32483713411e-21
785752.790841 8.29693062816e-21
787335.814081 8.26902412222e-21
788918.837321 8.24111761627e-21
790501.860561 8.21321111033e-21
792084.883801 8.18530460439e-21
793667.90704 8.15739809844e-21
795250.93028 8.1294915925e-21
796833.95352 8.10158508656e-21
798416.97676 8.07367858061e-21
800000.0 8.04577207467e-21
1554660.42703 1e-300
3021211.30423 1e-300
5871197.07049 1e-300
11409647.181 1e-300
22172658.6984 1e-300
43088693.8006 1e-300
83735358.8805 1e-300
162725060.994 1e-300
316227766.017 1e-300
