10098.1660887 1.45098149482e-18
11881.5364974 1.24981152017e-18
13664.906906 1.09573030452e-18
15448.2773146 9.77053372937e-19
17231.6477233 8.82187769798e-19
19015.0181319 8.04583521191e-19
20798.3885406 7.39227576158e-19
22581.7589492 6.82415115272e-19
24365.1293578 6.3654580636e-19
26148.4997665 5.95007056159e-19
27931.8701751 5.58799887793e-19
29715.2405838 5.2785160859e-19
31498.6109924 4.99118925009e-19
33281.981401 4.7435690574e-19
35065.3518097 4.50874288362e-19
36848.7222183 4.29961829115e-19
38632.092627 4.10976952877e-19
40415.4630356 3.92423778288e-19
42198.8334442 3.77037503863e-19
43982.2038529 3.61651229438e-19
45765.5742615 3.47477488073e-19
47548.9446702 3.3537392096e-19
49332.3150788 3.23270353847e-19
51115.6854874 3.11859788994e-19
52899.0558961 3.02203672174e-19
54682.4263047 2.92547555353e-19
56465.7967134 2.82891438533e-19
58249.167122 2.74765915159e-19
60032.5375306 2.66975556126e-19
61815.9079393 2.59185197094e-19
63599.2783479 2.51394838061e-19
65382.6487566 2.45021712546e-19
67166.0191652 2.38747041449e-19
68949.3895738 2.32472370351e-19
70732.7599825 2.26197699254e-19
72516.1303911 2.20527293321e-19
74299.5007998 2.15302339622e-19
76082.8712084 2.10077385922e-19
77866.241617 2.04852432223e-19
79649.6120257 1.99627478524e-19
81432.9824343 1.9514037239e-19
83216.352843 1.90993637035e-19
84999.7232516 1.8684690168e-19
86783.0936602 1.82700166325e-19
88566.4640689 1.7855343097e-19
90349.8344775 1.74563182926e-19
92133.2048862 1.71214181517e-19
93916.5752948 1.67865180108e-19
95699.9457034 1.64516178699e-19
97483.3161121 1.6116717729e-19
99266.6865207 1.57818175881e-19
101050.056929 1.54496923308e-19
102833.427338 1.51871449924e-19
104616.797747 1.4924597654e-19
106400.168155 1.46620503156e-19
108183.538564 1.43995029772e-19
109966.908973 1.41369556388e-19
111750.279381 1.38744083005e-19
113533.64979 1.36184052383e-19
115317.020198 1.34065209069e-19
117100.390607 1.31946365756e-19
118883.761016 1.29827522443e-19
120667.131424 1.27708679129e-19
122450.501833 1.25589835816e-19
124233.872242 1.23470992502e-19
126017.24265 1.21352149189e-19
127800.613059 1.1940263634e-19
129583.983468 1.17733009998e-19
131367.353876 1.16063383655e-19
133150.724285 1.14393757312e-19
134934.094694 1.1272413097e-19
136717.465102 1.11054504627e-19
138500.835511 1.09384878284e-19
140284.205919 1.07715251942e-19
142067.576328 1.06045625599e-19
143850.946737 1.04617734007e-19
145634.317145 1.03304226163e-19
147417.687554 1.01990718318e-19
149201.057963 1.00677210474e-19
150984.428371 9.93637026297e-20
152767.79878 9.80501947853e-20
154551.169189 9.6736686941e-20
156334.539597 9.54231790966e-20
158117.910006 9.41096712523e-20
159901.280414 9.27961634079e-20
161684.650823 9.17198240876e-20
163468.021232 9.06642963081e-20
165251.39164 8.96087685287e-20
167034.762049 8.85532407493e-20
168818.132458 8.74977129698e-20
170601.502866 8.64421851904e-20
172384.873275 8.5386657411e-20
174168.243684 8.43311296315e-20
175951.614092 8.32756018521e-20
177734.984501 8.22200740727e-20
179518.35491 8.11645462932e-20
181301.725318 8.03193067058e-20
183085.095727 7.94807907058e-20
184868.466135 7.86422747058e-20
186651.836544 7.78037587058e-20
188435.206953 7.69652427058e-20
190218.577361 7.61267267058e-20
192001.94777 7.52882107058e-20
193785.318179 7.44496947058e-20
195568.688587 7.36111787059e-20
197352.058996 7.27726627059e-20
199135.429405 7.19341467059e-20
200918.799813 7.10956307059e-20
202702.170222 7.03809859195e-20
204485.54063 6.97239486918e-20
206268.911039 6.90669114641e-20
208052.281448 6.84098742364e-20
209835.651856 6.77528370087e-20
211619.022265 6.7095799781e-20
213402.392674 6.64387625533e-20
215185.763082 6.57817253256e-20
216969.133491 6.51246880979e-20
218752.5039 6.44676508702e-20
220535.874308 6.38106136425e-20
222319.244717 6.31535764148e-20
224102.615125 6.24965391871e-20
225885.985534 6.18395019594e-20
227669.355943 6.13006817847e-20
229452.726351 6.07754448893e-20
231236.09676 6.02502079938e-20
233019.467169 5.97249710984e-20
234802.837577 5.91997342029e-20
236586.207986 5.86744973075e-20
238369.578395 5.8149260412e-20
240152.948803 5.76240235166e-20
241936.319212 5.70987866211e-20
243719.689621 5.65735497257e-20
245503.060029 5.60483128303e-20
247286.430438 5.55230759348e-20
249069.800846 5.49978390394e-20
250853.171255 5.44726021439e-20
252636.541664 5.39473652485e-20
254419.912072 5.34677152152e-20
256203.282481 5.30486883217e-20
257986.65289 5.26296614283e-20
259770.023298 5.22106345348e-20
261553.393707 5.17916076413e-20
263336.764116 5.13725807478e-20
265120.134524 5.09535538544e-20
266903.504933 5.05345269609e-20
268686.875341 5.01155000674e-20
270470.24575 4.96964731739e-20
272253.616159 4.92774462804e-20
274036.986567 4.8858419387e-20
275820.356976 4.84393924935e-20
277603.727385 4.80203656e-20
279387.097793 4.76013387065e-20
281170.468202 4.71823118131e-20
282953.838611 4.67632849196e-20
284737.209019 4.63506551752e-20
286520.579428 4.60179126599e-20
288303.949837 4.56851701447e-20
290087.320245 4.53524276295e-20
291870.690654 4.50196851142e-20
293654.061062 4.4686942599e-20
295437.431471 4.43542000838e-20
297220.80188 4.40214575685e-20
299004.172288 4.36887150533e-20
300787.542697 4.3355972538e-20
302570.913106 4.30232300228e-20
304354.283514 4.26904875076e-20
306137.653923 4.23577449923e-20
307921.024332 4.20250024771e-20
309704.39474 4.16922599619e-20
311487.765149 4.13595174466e-20
313271.135557 4.10267749314e-20
315054.505966 4.06940324162e-20
316837.876375 4.03612899009e-20
318621.246783 4.00285473857e-20
320404.617192 3.97385278315e-20
322187.987601 3.94768213194e-20
323971.358009 3.92151148074e-20
325754.728418 3.89534082953e-20
327538.098827 3.86917017833e-20
329321.469235 3.84299952712e-20
331104.839644 3.81682887592e-20
332888.210053 3.79065822471e-20
334671.580461 3.76448757351e-20
336454.95087 3.7383169223e-20
338238.321278 3.7121462711e-20
340021.691687 3.68597561989e-20
341805.062096 3.65980496869e-20
343588.432504 3.63363431748e-20
345371.802913 3.60746366628e-20
347155.173322 3.58129301507e-20
348938.54373 3.55512236387e-20
350721.914139 3.52895171266e-20
352505.284548 3.50278106146e-20
354288.654956 3.47661041025e-20
356072.025365 3.45043975905e-20
357855.395773 3.42426910784e-20
359638.766182 3.4027189356e-20
361422.136591 3.38268696247e-20
363205.506999 3.36265498934e-20
364988.877408 3.34262301622e-20
366772.247817 3.32259104309e-20
368555.618225 3.30255906997e-20
370338.988634 3.28252709684e-20
372122.359043 3.26249512371e-20
373905.729451 3.24246315059e-20
375689.09986 3.22243117746e-20
377472.470269 3.20239920433e-20
379255.840677 3.18236723121e-20
381039.211086 3.16233525808e-20
382822.581494 3.14230328496e-20
384605.951903 3.12227131183e-20
386389.322312 3.1022393387e-20
388172.69272 3.08220736558e-20
389956.063129 3.06217539245e-20
391739.433538 3.04214341933e-20
393522.803946 3.0221114462e-20
395306.174355 3.00207947307e-20
397089.544764 2.98204749995e-20
398872.915172 2.96201552682e-20
400656.285581 2.9419835537e-20
402439.655989 2.9230252809e-20
404223.026398 2.90750485674e-20
406006.396807 2.89198443259e-20
407789.767215 2.87646400844e-20
409573.137624 2.86094358428e-20
411356.508033 2.84542316013e-20
413139.878441 2.82990273598e-20
414923.24885 2.81438231183e-20
416706.619259 2.79886188767e-20
418489.989667 2.78334146352e-20
420273.360076 2.76782103937e-20
422056.730485 2.75230061521e-20
423840.100893 2.73678019106e-20
425623.471302 2.72125976691e-20
427406.84171 2.70573934275e-20
429190.212119 2.6902189186e-20
430973.582528 2.67469849445e-20
432756.952936 2.65917807029e-20
434540.323345 2.64365764614e-20
436323.693754 2.62813722199e-20
438107.064162 2.61261679783e-20
439890.434571 2.59709637368e-20
441673.80498 2.58157594953e-20
443457.175388 2.56605552537e-20
445240.545797 2.55053510122e-20
447023.916205 2.53501467707e-20
448807.286614 2.51949425292e-20
450590.657023 2.50397382876e-20
452374.027431 2.49094825326e-20
454157.39784 2.47883585726e-20
455940.768249 2.46672346126e-20
457724.138657 2.45461106526e-20
459507.509066 2.44249866926e-20
461290.879475 2.43038627326e-20
463074.249883 2.41827387726e-20
464857.620292 2.40616148126e-20
466640.990701 2.39404908526e-20
468424.361109 2.38193668926e-20
470207.731518 2.36982429326e-20
471991.101926 2.35771189726e-20
473774.472335 2.34559950126e-20
475557.842744 2.33348710526e-20
477341.213152 2.32137470926e-20
479124.583561 2.30926231326e-20
480907.95397 2.29714991726e-20
482691.324378 2.28503752126e-20
484474.694787 2.27292512526e-20
486258.065196 2.26081272926e-20
488041.435604 2.24870033326e-20
489824.806013 2.23658793726e-20
491608.176421 2.22447554126e-20
493391.54683 2.21236314526e-20
495174.917239 2.20025074926e-20
496958.287647 2.18813835325e-20
498741.658056 2.17602595725e-20
500525.028465 2.16391356125e-20
502308.398873 2.15180116525e-20
504091.769282 2.13968876925e-20
505875.139691 2.12757637325e-20
507658.510099 2.11787923919e-20
509441.880508 2.10854339078e-20
511225.250917 2.09920754238e-20
513008.621325 2.08987169397e-20
514791.991734 2.08053584556e-20
516575.362142 2.07119999715e-20
518358.732551 2.06186414875e-20
520142.10296 2.05252830034e-20
521925.473368 2.04319245193e-20
523708.843777 2.03385660352e-20
525492.214186 2.02452075511e-20
527275.584594 2.01518490671e-20
529058.955003 2.0058490583e-20
530842.325412 1.99651320989e-20
532625.69582 1.98717736148e-20
534409.066229 1.97784151308e-20
536192.436637 1.96850566467e-20
537975.807046 1.95916981626e-20
539759.177455 1.94983396785e-20
541542.547863 1.94049811944e-20
543325.918272 1.93116227104e-20
545109.288681 1.92182642263e-20
546892.659089 1.91249057422e-20
548676.029498 1.90315472581e-20
550459.399907 1.89381887741e-20
552242.770315 1.884483029e-20
554026.140724 1.87514718059e-20
555809.511133 1.86581133218e-20
557592.881541 1.85647548377e-20
559376.25195 1.84713963537e-20
561159.622358 1.83780378696e-20
562942.992767 1.82846793855e-20
564726.363176 1.81913209014e-20
566509.733584 1.80979624174e-20
568293.103993 1.80099065062e-20
570076.474402 1.79384636279e-20
571859.84481 1.78670207497e-20
573643.215219 1.77955778715e-20
575426.585628 1.77241349932e-20
577209.956036 1.7652692115e-20
578993.326445 1.75812492368e-20
580776.696853 1.75098063586e-20
582560.067262 1.74383634803e-20
584343.437671 1.73669206021e-20
586126.808079 1.72954777239e-20
587910.178488 1.72240348456e-20
589693.548897 1.71525919674e-20
591476.919305 1.70811490892e-20
593260.289714 1.7009706211e-20
595043.660123 1.69382633327e-20
596827.030531 1.68668204545e-20
598610.40094 1.67953775763e-20
600393.771349 1.6723934698e-20
602177.141757 1.66524918198e-20
603960.512166 1.65810489416e-20
605743.882574 1.65096060633e-20
607527.252983 1.64381631851e-20
609310.623392 1.63667203069e-20
611093.9938 1.62952774287e-20
612877.364209 1.62238345504e-20
614660.734618 1.61523916722e-20
616444.105026 1.6080948794e-20
618227.475435 1.60095059157e-20
620010.845844 1.59380630375e-20
621794.216252 1.58666201593e-20
623577.586661 1.57951772811e-20
625360.957069 1.57237344028e-20
627144.327478 1.56522915246e-20
628927.697887 1.55808486464e-20
630711.068295 1.55094057681e-20
632494.438704 1.54379628899e-20
634277.809113 1.53665200117e-20
636061.179521 1.52950771334e-20
637844.54993 1.52300714093e-20
639627.920339 1.5175185724e-20
641411.290747 1.51203000387e-20
643194.661156 1.50654143535e-20
644978.031565 1.50105286682e-20
646761.401973 1.49556429829e-20
648544.772382 1.49007572976e-20
650328.14279 1.48458716123e-20
652111.513199 1.47909859271e-20
653894.883608 1.47361002418e-20
655678.254016 1.46812145565e-20
657461.624425 1.46263288712e-20
659244.994834 1.45714431859e-20
661028.365242 1.45165575006e-20
662811.735651 1.44616718154e-20
664595.10606 1.44067861301e-20
666378.476468 1.43519004448e-20
668161.846877 1.42970147595e-20
669945.217285 1.42421290742e-20
671728.587694 1.4187243389e-20
673511.958103 1.41323577037e-20
675295.328511 1.40774720184e-20
677078.69892 1.40225863331e-20
678862.069329 1.39677006478e-20
680645.439737 1.39128149625e-20
682428.810146 1.38579292773e-20
684212.180555 1.3803043592e-20
685995.550963 1.37481579067e-20
687778.921372 1.36932722214e-20
689562.29178 1.36383865361e-20
691345.662189 1.35835008509e-20
693129.032598 1.35286151656e-20
694912.403006 1.34737294803e-20
696695.773415 1.3418843795e-20
698479.143824 1.33639581097e-20
700262.514232 1.33090724244e-20
702045.884641 1.32541867392e-20
703829.25505 1.31993010539e-20
705612.625458 1.31444153686e-20
707395.995867 1.30895296833e-20
709179.366276 1.3034643998e-20
710962.736684 1.29797583128e-20
712746.107093 1.29248726275e-20
714529.477501 1.28699869422e-20
716312.84791 1.28237271333e-20
718096.218319 1.27796942312e-20
719879.588727 1.27356613292e-20
721662.959136 1.26916284271e-20
723446.329545 1.2647595525e-20
725229.699953 1.26035626229e-20
727013.070362 1.25595297208e-20
728796.440771 1.25154968187e-20
730579.811179 1.24714639166e-20
732363.181588 1.24274310145e-20
734146.551996 1.23833981125e-20
735929.922405 1.23393652104e-20
737713.292814 1.22953323083e-20
739496.663222 1.22512994062e-20
741280.033631 1.22072665041e-20
743063.40404 1.2163233602e-20
744846.774448 1.21192006999e-20
746630.144857 1.20751677978e-20
748413.515266 1.20311348958e-20
750196.885674 1.19871019937e-20
751980.256083 1.19430690916e-20
753763.626492 1.18990361895e-20
755546.9969 1.18550032874e-20
757330.367309 1.18109703853e-20
759113.737717 1.17669374832e-20
760897.108126 1.17229045811e-20
762680.478535 1.16788716791e-20
764463.848943 1.1634838777e-20
766247.219352 1.15908058749e-20
768030.589761 1.15467729728e-20
769813.960169 1.15027400707e-20
771597.330578 1.14587071686e-20
773380.700987 1.14146742665e-20
775164.071395 1.13706413644e-20
776947.441804 1.13266084623e-20
778730.812212 1.12825755603e-20
780514.182621 1.12385426582e-20
782297.55303 1.11945097561e-20
784080.923438 1.1150476854e-20
785864.293847 1.11064439519e-20
787647.664256 1.10624110498e-20
789431.034664 1.10183781477e-20
791214.405073 1.09743452456e-20
792997.775482 1.09303123436e-20
794781.14589 1.08862794415e-20
796564.516299 1.08422465394e-20
798347.886708 1.07982136373e-20
800131.257116 1.07541807352e-20
801914.627525 1.07101478331e-20
803697.997933 1.06781096329e-20
805481.368342 1.06476829052e-20
807264.738751 1.06172561776e-20
809048.109159 1.05868294499e-20
810831.479568 1.05564027223e-20
812614.849977 1.05259759947e-20
814398.220385 1.0495549267e-20
816181.590794 1.04651225394e-20
817964.961203 1.04346958117e-20
819748.331611 1.04042690841e-20
821531.70202 1.03738423565e-20
823315.072428 1.03434156288e-20
825098.442837 1.03129889012e-20
826881.813246 1.02825621735e-20
828665.183654 1.02521354459e-20
830448.554063 1.02217087182e-20
832231.924472 1.01912819906e-20
834015.29488 1.0160855263e-20
835798.665289 1.01304285353e-20
837582.035698 1.01000018077e-20
839365.406106 1.006957508e-20
841148.776515 1.00391483524e-20
842932.146924 1.00087216248e-20
844715.517332 9.97829489712e-21
846498.887741 9.94786816948e-21
848282.258149 9.91744144183e-21
850065.628558 9.88701471419e-21
851848.998967 9.85658798655e-21
853632.369375 9.82616125891e-21
855415.739784 9.79573453127e-21
857199.110193 9.76530780363e-21
858982.480601 9.73488107599e-21
860765.85101 9.70445434834e-21
862549.221419 9.6740276207e-21
864332.591827 9.64360089306e-21
866115.962236 9.61317416542e-21
867899.332644 9.58274743778e-21
869682.703053 9.55232071014e-21
871466.073462 9.52189398249e-21
873249.44387 9.49146725485e-21
875032.814279 9.46104052721e-21
876816.184688 9.43061379957e-21
878599.555096 9.40018707193e-21
880382.925505 9.36976034429e-21
882166.295914 9.33933361665e-21
883949.666322 9.308906889e-21
885733.036731 9.27848016136e-21
887516.40714 9.24805343372e-21
889299.777548 9.21762670608e-21
891083.147957 9.18719997844e-21
892866.518365 9.1567732508e-21
894649.888774 9.12634652315e-21
896433.259183 9.09591979551e-21
898216.629591 9.06549306787e-21
900000.0 9.03506634023e-21
1726253.02584 1e-300
3311055.01025 1e-300
6350798.58908 1e-300
12181205.8677 1e-300
23364270.5416 1e-300
44814047.4656 1e-300
85955983.3751 1e-300
164868640.434 1e-300
316227766.017 1e-300
