600.0 8.799342540140434e-15
673.2110725811779 7.9508016231422e-15
755.3552470765005 7.157542845072977e-15
847.5225267736523 6.4215707907441575e-15
950.9359154766685 5.737400969798838e-15
1066.9676460233536 5.109402006438264e-15
1197.1573889813274 4.5362025139704665e-15
1343.232683141004 4.0150981400865574e-15
1507.1318589057475 3.543036162986095e-15
1691.0297587586729 3.1171561965227168e-15
1897.3665961010274 2.731848322213951e-15
2128.880335401452 2.3866784529658447e-15
2388.643023320984 2.07846939611907e-15
2680.101552905778 1.8038072239261025e-15
3007.123401763635 1.5595898149060193e-15
3374.0479511420945 1.343245874248512e-15
3785.7440668811582 1.150552733739104e-15
4247.674706304828 9.807591318695859e-16
4765.969408345688 8.318866698177328e-16
5347.505628802475 7.020955848731571e-16
6000.0 5.897075729046277e-16
6732.110725811781 4.931831742577855e-16
7553.552470765005 4.1073247907544616e-16
8475.225267736525 3.40719650379414e-16
9509.359154766682 2.8126080395664893e-16
10669.676460233537 2.309048822139732e-16
11971.573889813279 1.8843900325251901e-16
13432.326831410039 1.5279192251806155e-16
15071.318589057477 1.2283051554504411e-16
16910.297587586723 9.803552092817349e-17
18973.665961010276 7.765444042107171e-17
21288.80335401453 6.101373811151944e-17
23886.43023320984 4.75270513497269e-17
26801.01552905778 3.668954116044888e-17
30071.234017636332 2.7988877453491447e-17
33740.47951142094 2.1119475617742372e-17
37857.4406688116 1.576446676711824e-17
42476.74706304828 1.1638294732851532e-17
47659.69408345688 8.493766610568555e-18
53475.05628802473 6.1231171966183856e-18
60000.0 4.346131239644058e-18
67321.10725811782 3.043898085059801e-18
75535.52470765004 2.1038252391084185e-18
84752.25267736526 1.4342925085370973e-18
95093.5915476668 9.639136533815036e-19
106696.76460233537 6.38336881013735e-19
119715.73889813278 4.1501849158328822e-19
134323.26831410037 2.655079725521436e-19
150713.1858905748 1.67006180080566e-19
169102.97587586724 1.0324530121780147e-19
189736.65961010277 6.281884607756216e-20
212888.03354014526 3.778667691248073e-20
238864.30233209833 2.253343613834224e-20
268010.15529057785 1.3362289974300478e-20
300712.34017636336 7.937838628043878e-21
337404.7951142094 4.720958794478886e-21
378574.40668811597 2.77966810812675e-21
424767.47063048277 1.6460479079147093e-21
476596.9408345689 8.996324386183417e-22
534750.5628802474 3.949718554014847e-22
600000.0 1.9449892203071586e-22
1203868.0515568182 1e-300
2415497.142598682 1e-300
4846566.3976688925 1e-300
9724377.409837324 1e-300
19511445.47497328 1e-300
39148676.41168862 1e-300
78549734.6546132 1e-300
157605860.01492405 1e-300
316227766.01683795 1e-300
