0.0785412918011 2.5606216426e-21
0.0881247788256 2.64249693188e-21
0.0988776281236 2.14102533596e-21
0.110942523472 2.28982900709e-21
0.124479558703 2.04081225074e-21
0.139668362048 2.04623531215e-21
0.1567104797 1.95879870764e-21
0.175832050206 1.80598053703e-21
0.197286805189 1.8778454892e-21
0.221359436212 2.0083578647e-21
0.248369372464 2.30136535417e-21
0.278675019387 3.07664104634e-21
0.312678514506 3.89304703911e-21
0.350831063539 5.52131977498e-21
0.393638927633 8.65860011037e-21
0.441670141136 1.44034418269e-20
0.495562049069 2.41576350364e-20
0.556029764307 4.22614881115e-20
0.623875656694 7.88941431565e-20
0.7 1.36213511343e-19
0.785412918011 1.79230038026e-19
0.881247788256 1.75293637381e-19
0.988776281236 1.99447215171e-19
1.10942523472 2.24651307504e-19
1.24479558703 2.30246138805e-19
1.39668362048 2.27579259958e-19
1.567104797 2.2163469653e-19
1.75832050206 2.15038102545e-19
1.97286805189 2.06740057815e-19
2.21359436212 1.98698319885e-19
2.48369372464 1.88064167313e-19
2.78675019387 1.77453818573e-19
3.12678514506 1.67241915542e-19
3.50831063539 1.56220161371e-19
3.93638927633 1.45668846329e-19
4.41670141136 1.35663166638e-19
4.95562049069 1.2591232783e-19
5.56029764307 1.17083358775e-19
6.23875656694 1.08454845441e-19
7.0 1.0060716641e-19
7.85412918011 9.33467881331e-20
8.81247788256 8.64120519425e-20
9.88776281236 7.94952002115e-20
11.0942523472 7.32544922231e-20
12.4479558703 6.75168719618e-20
13.9668362048 6.21479557547e-20
15.67104797 5.70402183665e-20
17.5832050206 5.23493558335e-20
19.7286805189 4.79236899389e-20
22.1359436212 4.39003120201e-20
24.8369372464 4.00804085368e-20
27.8675019387 3.66887545615e-20
31.2678514506 3.35675442004e-20
35.0831063539 3.07335364786e-20
39.3638927633 2.81200139112e-20
44.1670141136 2.56311763717e-20
49.5562049069 2.33590019913e-20
55.6029764307 2.1371177657e-20
62.3875656694 1.95061951496e-20
70.0 1.77627983464e-20
78.5412918011 1.61619699603e-20
88.1247788256 1.47125821222e-20
98.8776281236 1.33763769402e-20
110.942523472 1.21737805067e-20
124.479558703 1.10718316295e-20
139.668362048 1.00563371213e-20
156.7104797 9.13077131371e-21
175.832050206 8.29065465201e-21
197.286805189 7.52232711335e-21
221.359436212 6.81273242142e-21
248.369372464 6.18048713014e-21
278.675019387 5.6067414999e-21
312.678514506 5.1017535133e-21
350.831063539 4.62617203507e-21
393.638927633 4.19783453985e-21
441.670141136 3.80986614086e-21
495.562049069 3.45246993522e-21
556.029764307 3.12348566886e-21
623.875656694 2.82585247601e-21
700.0 2.55568181235e-21
785.412918011 2.31264565195e-21
881.247788256 2.08610719152e-21
988.776281236 1.88246441126e-21
1109.42523472 1.69670604853e-21
1244.79558703 1.53066020836e-21
1396.68362048 1.37954153285e-21
1567.104797 1.24078415516e-21
1758.32050206 1.11948519536e-21
1972.86805189 1.00973898063e-21
2213.59436212 9.08858442648e-22
2483.69372464 8.18817269439e-22
2786.75019387 7.37132808125e-22
3126.78514506 6.62386720043e-22
3508.31063539 5.94166418539e-22
3936.38927633 5.34133444573e-22
4416.70141136 4.79402144639e-22
4955.62049069 4.30426686503e-22
5560.29764307 3.861234187e-22
6238.75656694 3.45804057668e-22
7000.0 3.10222945378e-22
7854.12918011 2.78355744898e-22
8812.47788256 2.49786827026e-22
9887.76281236 2.24037961667e-22
11094.2523472 2.00956347758e-22
12447.9558703 1.80182463279e-22
13966.8362048 1.61732923343e-22
15671.04797 1.45264512159e-22
17583.2050206 1.30416476508e-22
19728.6805189 1.16907148775e-22
22135.9436212 1.0486066774e-22
24836.9372464 9.41982933764e-23
27867.5019387 8.45100118918e-23
31267.8514506 7.56405498666e-23
35083.1063539 6.77306029315e-23
39363.8927633 6.07513736005e-23
44167.0141136 5.44888675074e-23
49556.2049069 4.88447729662e-23
55602.9764307 4.37667204831e-23
62387.5656694 3.92556896568e-23
70000.0 3.5183853203e-23
78541.2918011 3.15519798801e-23
88124.7788256 2.83236033644e-23
98877.6281236 2.5406798303e-23
110942.523472 2.27879966404e-23
124479.558703 2.03963028031e-23
139668.362048 1.82465834244e-23
156710.4797 1.63416497148e-23
175832.050206 1.46279005558e-23
197286.805189 1.31045715727e-23
221359.436212 1.17296706547e-23
248369.372464 1.05007891681e-23
278675.019387 9.40867218549e-24
312678.514506 8.4260094537e-24
350831.063539 7.54685968259e-24
393638.927633 6.75061572891e-24
441670.141136 6.03822957597e-24
495562.049069 5.40479558971e-24
556029.764307 4.83736034214e-24
623875.656694 4.32774246447e-24
700000.0 3.86823387697e-24
785412.918011 3.45609798493e-24
881247.788256 3.0917934784e-24
988776.281236 2.76310024732e-24
1109425.23472 2.4729867048e-24
1244795.58703 2.20855001098e-24
1396683.62048 1.974859593e-24
1567104.797 1.76302690853e-24
1758320.50206 1.57373745991e-24
1972868.05189 1.40164533423e-24
2213594.36212 1.24983935364e-24
2483693.72464 1.1147344979e-24
2786750.19387 9.9472363015e-25
3126785.14506 8.85749447597e-25
3508310.63539 7.88097495685e-25
3936389.27633 7.01510638321e-25
4416701.41136 6.22209514286e-25
4955620.49069 5.52340509224e-25
5560297.64307 4.89393743343e-25
6238756.56694 4.34026372848e-25
7000000.0 3.84242165851e-25
7854129.18011 3.39693414803e-25
8812477.88256 2.99510211339e-25
9887762.81236 2.63909205986e-25
11094252.3472 2.32036960147e-25
12447955.8703 2.03365240109e-25
13966836.2048 1.782073912e-25
15671047.97 1.55584004109e-25
17583205.0206 1.35355231283e-25
19728680.5189 1.1760517077e-25
22135943.6212 1.01849087304e-25
24836937.2464 8.77830243623e-26
27867501.9387 7.52523610001e-26
31267851.4506 6.43940447594e-26
35083106.3539 5.50182921446e-26
39363892.7633 4.66959379555e-26
44167014.1136 3.9659553532e-26
49556204.9069 3.36978717198e-26
55602976.4307 2.86416765487e-26
62387565.6694 2.42788666485e-26
70000000.0 2.08555769294e-26
82768469.4755 1e-300
97865993.4188 1e-300
115717406.985 1e-300
136825038.112 1e-300
161782842.721 1e-300
191293118.277 1e-300
226186266.014 1e-300
267444157.92 1e-300
316227766.017 1e-300
