11193.6056928 3.96311276452e-22
111371.574419 4.47794212496e-23
211549.543145 2.43140635152e-23
311727.511871 1.66807251801e-23
411905.480597 1.28129474288e-23
512083.449323 1.03465160573e-23
612261.418049 8.70513467717e-24
712439.386775 7.4785936889e-24
812617.355501 6.58273652549e-24
912795.324227 5.88474112671e-24
1012973.29295 5.30736239177e-24
1113151.26168 4.8316985657e-24
1213329.23041 4.44584982673e-24
1313507.19913 4.11184999527e-24
1413685.16786 3.81458344195e-24
1513863.13658 3.5757363218e-24
1614041.10531 3.35162512571e-24
1714219.07404 3.15764465779e-24
1814397.04276 2.9796589733e-24
1914575.01149 2.8254087577e-24
2014752.98021 2.67847906967e-24
2114930.94894 2.55451137138e-24
2215108.91767 2.43054367308e-24
2315286.88639 2.3280247341e-24
2415464.85512 2.23030256331e-24
2515642.82384 2.13443617953e-24
2615820.79257 2.0558667405e-24
2715998.7613 1.97729730148e-24
2816176.73002 1.89946937039e-24
2916354.69875 1.83751761123e-24
3016532.66747 1.77556585206e-24
3116710.6362 1.7136140929e-24
3216888.60493 1.65920120199e-24
3317066.57365 1.60941056383e-24
3417244.54238 1.55961992567e-24
3517422.51111 1.50982928751e-24
3617600.47983 1.46798932926e-24
3717778.44856 1.4284268538e-24
3817956.41728 1.38886437834e-24
3918134.38601 1.34930190288e-24
4018312.35474 1.3134330428e-24
4118490.32346 1.28179877652e-24
4218668.29219 1.25016451024e-24
4318846.26091 1.21853024396e-24
4419024.22964 1.18689597768e-24
4519202.19837 1.15929869438e-24
4619380.16709 1.13408909478e-24
4719558.13582 1.10887949518e-24
4819736.10454 1.08366989558e-24
4919914.07327 1.05846029599e-24
5020092.042 1.03432929743e-24
5120270.01072 1.01449755151e-24
5220447.97945 9.94665805587e-25
5320625.94817 9.74834059664e-25
5420803.9169 9.55002313741e-25
5520981.88563 9.35170567819e-25
5621159.85435 9.15785419824e-25
5721337.82308 8.99996044664e-25
5821515.7918 8.84206669504e-25
5921693.76053 8.68417294344e-25
6021871.72926 8.52627919184e-25
6122049.69798 8.36838544023e-25
6222227.66671 8.21049168863e-25
6322405.63544 8.06151705621e-25
6422583.60416 7.93578835251e-25
6522761.57289 7.81005964881e-25
6622939.54161 7.6843309451e-25
6723117.51034 7.5586022414e-25
6823295.47907 7.4328735377e-25
6923473.44779 7.30714483399e-25
7023651.41652 7.18141613029e-25
7123829.38524 7.07096050895e-25
7224007.35397 6.97025609006e-25
7324185.3227 6.86955167117e-25
7424363.29142 6.76884725228e-25
7524541.26015 6.66814283339e-25
7624719.22887 6.5674384145e-25
7724897.1976 6.46673399561e-25
7825075.16633 6.36602957672e-25
7925253.13505 6.26548204868e-25
8025431.10378 6.1847440311e-25
8125609.0725 6.10400601353e-25
8225787.04123 6.02326799595e-25
8325965.00996 5.94252997837e-25
8426142.97868 5.8617919608e-25
8526320.94741 5.78105394322e-25
8626498.91613 5.70031592565e-25
8726676.88486 5.61957790807e-25
8826854.85359 5.53883989049e-25
8927032.82231 5.46424777069e-25
9027210.79104 5.40078687434e-25
9127388.75976 5.33732597798e-25
9227566.72849 5.27386508163e-25
9327744.69722 5.21040418527e-25
9427922.66594 5.14694328892e-25
9528100.63467 5.08348239257e-25
9628278.6034 5.02002149621e-25
9728456.57212 4.95656059986e-25
9828634.54085 4.89309970351e-25
9928812.50957 4.82963880715e-25
10028990.4783 4.77294877658e-25
10129168.447 4.72236384262e-25
10229346.4158 4.67177890867e-25
10329524.3845 4.62119397472e-25
10429702.3532 4.57060904076e-25
10529880.3219 4.52002410681e-25
10630058.2907 4.46943917285e-25
10730236.2594 4.4188542389e-25
10830414.2281 4.36826930495e-25
10930592.1968 4.31768437099e-25
11030770.1656 4.26709943704e-25
11130948.1343 4.21651450308e-25
11231126.103 4.16968938311e-25
11331304.0717 4.12914299952e-25
11431482.0405 4.08859661593e-25
11531660.0092 4.04805023234e-25
11631837.9779 4.00750384875e-25
11732015.9466 3.96695746516e-25
11832193.9154 3.92641108157e-25
11932371.8841 3.88586469799e-25
12032549.8528 3.8453183144e-25
12132727.8215 3.80477193081e-25
12232905.7903 3.76422554722e-25
12333083.759 3.72367916363e-25
12433261.7277 3.68313278004e-25
12533439.6965 3.64258639645e-25
12633617.6652 3.60841989012e-25
12733795.6339 3.57648870868e-25
12833973.6026 3.54455752724e-25
12934151.5714 3.5126263458e-25
13034329.5401 3.48069516436e-25
13134507.5088 3.44876398291e-25
13234685.4775 3.41683280147e-25
13334863.4463 3.38490162003e-25
13435041.415 3.35297043859e-25
13535219.3837 3.32103925715e-25
13635397.3524 3.28910807571e-25
13735575.3212 3.25717689427e-25
13835753.2899 3.22524571283e-25
13935931.2586 3.19331453138e-25
14036109.2273 3.16138334994e-25
14136287.1961 3.13240606087e-25
14236465.1648 3.10714375481e-25
14336643.1335 3.08188144875e-25
14436821.1022 3.05661914268e-25
14536999.071 3.03135683662e-25
14637177.0397 3.00609453055e-25
14737355.0084 2.98083222449e-25
14837532.9772 2.95556991842e-25
14937710.9459 2.93030761236e-25
15037888.9146 2.90504530629e-25
15138066.8833 2.87978300023e-25
15238244.8521 2.85452069416e-25
15338422.8208 2.8292583881e-25
15438600.7895 2.80399608204e-25
15538778.7582 2.77873377597e-25
15638956.727 2.75347146991e-25
15739134.6957 2.72820916384e-25
15839312.6644 2.70444494786e-25
15939490.6331 2.68455700317e-25
16039668.6019 2.66466905849e-25
16139846.5706 2.64478111381e-25
16240024.5393 2.62489316912e-25
16340202.508 2.60500522444e-25
16440380.4768 2.58511727976e-25
16540558.4455 2.56522933507e-25
16640736.4142 2.54534139039e-25
16740914.3829 2.5254534457e-25
16841092.3517 2.50556550102e-25
16941270.3204 2.48567755634e-25
17041448.2891 2.46578961165e-25
17141626.2579 2.44590166697e-25
17241804.2266 2.42601372229e-25
17341982.1953 2.4061257776e-25
17442160.164 2.38623783292e-25
17542338.1328 2.36634988823e-25
17642516.1015 2.34646194355e-25
17742694.0702 2.32666121226e-25
17842872.0389 2.31108860065e-25
17943050.0077 2.29551598905e-25
18043227.9764 2.27994337745e-25
18143405.9451 2.26437076584e-25
18243583.9138 2.24879815424e-25
18343761.8826 2.23322554263e-25
18443939.8513 2.21765293103e-25
18544117.82 2.20208031943e-25
18644295.7887 2.18650770782e-25
18744473.7575 2.17093509622e-25
18844651.7262 2.15536248462e-25
18944829.6949 2.13978987301e-25
19045007.6636 2.12421726141e-25
19145185.6324 2.10864464981e-25
19245363.6011 2.0930720382e-25
19345541.5698 2.0774994266e-25
19445719.5385 2.061926815e-25
19545897.5073 2.04635420339e-25
19646075.476 2.03078159179e-25
19746253.4447 2.01520898018e-25
19846431.4135 1.99963636858e-25
19946609.3822 1.98548987328e-25
20046787.3509 1.97338059439e-25
20146965.3196 1.9612713155e-25
20247143.2884 1.94916203662e-25
20347321.2571 1.93705275773e-25
20447499.2258 1.92494347885e-25
20547677.1945 1.91283419996e-25
20647855.1633 1.90072492107e-25
20748033.132 1.88861564219e-25
20848211.1007 1.8765063633e-25
20948389.0694 1.86439708442e-25
21048567.0382 1.85228780553e-25
21148745.0069 1.84017852664e-25
21248922.9756 1.82806924776e-25
21349100.9443 1.81595996887e-25
21449278.9131 1.80385068999e-25
21549456.8818 1.7917414111e-25
21649634.8505 1.77963213221e-25
21749812.8192 1.76752285333e-25
21849990.788 1.75541357444e-25
21950168.7567 1.74330429556e-25
22050346.7254 1.73119501667e-25
22150524.6942 1.71908573778e-25
22250702.6629 1.7069764589e-25
22350880.6316 1.6953179588e-25
22451058.6003 1.68591259215e-25
22551236.5691 1.6765072255e-25
22651414.5378 1.66710185885e-25
22751592.5065 1.6576964922e-25
22851770.4752 1.64829112555e-25
22951948.444 1.6388857589e-25
23052126.4127 1.62948039225e-25
23152304.3814 1.6200750256e-25
23252482.3501 1.61066965895e-25
23352660.3189 1.6012642923e-25
23452838.2876 1.59185892564e-25
23553016.2563 1.58245355899e-25
23653194.225 1.57304819234e-25
23753372.1938 1.56364282569e-25
23853550.1625 1.55423745904e-25
23953728.1312 1.54483209239e-25
24053906.0999 1.53542672574e-25
24154084.0687 1.52602135909e-25
24254262.0374 1.51661599244e-25
24354440.0061 1.50721062579e-25
24454617.9749 1.49780525914e-25
24554795.9436 1.48839989249e-25
24654973.9123 1.47899452584e-25
24755151.881 1.46958915919e-25
24855329.8498 1.46018379254e-25
24955507.8185 1.45077842589e-25
25055685.7872 1.44137305924e-25
25155863.7559 1.43403819721e-25
25256041.7247 1.42678220349e-25
25356219.6934 1.41952620978e-25
25456397.6621 1.41227021606e-25
25556575.6308 1.40501422235e-25
25656753.5996 1.39775822863e-25
25756931.5683 1.39050223492e-25
25857109.537 1.3832462412e-25
25957287.5057 1.37599024749e-25
26057465.4745 1.36873425377e-25
26157643.4432 1.36147826006e-25
26257821.4119 1.35422226634e-25
26357999.3806 1.34696627263e-25
26458177.3494 1.33971027891e-25
26558355.3181 1.3324542852e-25
26658533.2868 1.32519829148e-25
26758711.2556 1.31794229777e-25
26858889.2243 1.31068630405e-25
26959067.193 1.30343031034e-25
27059245.1617 1.29617431662e-25
27159423.1305 1.28891832291e-25
27259601.0992 1.28166232919e-25
27359779.0679 1.27440633548e-25
27459957.0366 1.26715034176e-25
27560135.0054 1.25989434804e-25
27660312.9741 1.25263835433e-25
27760490.9428 1.24538236061e-25
27860668.9115 1.2381263669e-25
27960846.8803 1.23087037318e-25
28061024.849 1.22361437947e-25
28161202.8177 1.21708991159e-25
28261380.7864 1.21149428234e-25
28361558.7552 1.20589865309e-25
28461736.7239 1.20030302383e-25
28561914.6926 1.19470739458e-25
28662092.6613 1.18911176533e-25
28762270.6301 1.18351613607e-25
28862448.5988 1.17792050682e-25
28962626.5675 1.17232487757e-25
29062804.5363 1.16672924831e-25
29162982.505 1.16113361906e-25
29263160.4737 1.1555379898e-25
29363338.4424 1.14994236055e-25
29463516.4112 1.1443467313e-25
29563694.3799 1.13875110204e-25
29663872.3486 1.13315547279e-25
29764050.3173 1.12755984354e-25
29864228.2861 1.12196421428e-25
29964406.2548 1.11636858503e-25
30064584.2235 1.11077295578e-25
30164762.1922 1.10517732652e-25
30264940.161 1.09958169727e-25
30365118.1297 1.09398606802e-25
30465296.0984 1.08839043876e-25
30565474.0671 1.08279480951e-25
30665652.0359 1.07719918025e-25
30765830.0046 1.071603551e-25
30866007.9733 1.06600792175e-25
30966185.942 1.06041229249e-25
31066363.9108 1.05481666324e-25
31166541.8795 1.04922103399e-25
31266719.8482 1.04362540473e-25
31366897.817 1.03802977548e-25
31467075.7857 1.03243414623e-25
31567253.7544 1.02709216362e-25
31667431.7231 1.02280722819e-25
31767609.6919 1.01852229276e-25
31867787.6606 1.01423735733e-25
31967965.6293 1.0099524219e-25
32068143.598 1.00566748647e-25
32168321.5668 1.00138255104e-25
32268499.5355 9.97097615605e-26
32368677.5042 9.92812680175e-26
32468855.4729 9.88527744745e-26
32569033.4417 9.84242809314e-26
32669211.4104 9.79957873884e-26
32769389.3791 9.75672938454e-26
32869567.3478 9.71388003023e-26
32969745.3166 9.67103067593e-26
33069923.2853 9.62818132163e-26
33170101.254 9.58533196732e-26
33270279.2227 9.54248261302e-26
33370457.1915 9.49963325872e-26
33470635.1602 9.45678390441e-26
33570813.1289 9.41393455011e-26
33670991.0977 9.37108519581e-26
33771169.0664 9.3282358415e-26
33871347.0351 9.2853864872e-26
33971525.0038 9.2425371329e-26
34071702.9726 9.19968777859e-26
34171880.9413 9.15683842429e-26
34272058.91 9.11398906999e-26
34372236.8787 9.07113971568e-26
34472414.8475 9.02829036138e-26
34572592.8162 8.98544100708e-26
34672770.7849 8.94259165277e-26
34772948.7536 8.89974229847e-26
34873126.7224 8.85689294417e-26
34973304.6911 8.81404358986e-26
35073482.6598 8.77119423556e-26
35173660.6285 8.72834488126e-26
35273838.5973 8.68549552695e-26
35374016.566 8.64264617265e-26
35474194.5347 8.60746979455e-26
35574372.5034 8.57461536928e-26
35674550.4722 8.541760944e-26
35774728.4409 8.50890651873e-26
35874906.4096 8.47605209345e-26
35975084.3784 8.44319766818e-26
36075262.3471 8.4103432429e-26
36175440.3158 8.37748881763e-26
36275618.2845 8.34463439235e-26
36375796.2533 8.31177996708e-26
36475974.222 8.2789255418e-26
36576152.1907 8.24607111653e-26
36676330.1594 8.21321669125e-26
36776508.1282 8.18036226598e-26
36876686.0969 8.14750784071e-26
36976864.0656 8.11465341543e-26
37077042.0343 8.08179899016e-26
37177220.0031 8.04894456488e-26
37277397.9718 8.01609013961e-26
37377575.9405 7.98323571433e-26
37477753.9092 7.95038128906e-26
37577931.878 7.91752686378e-26
37678109.8467 7.88467243851e-26
37778287.8154 7.85181801323e-26
37878465.7841 7.81896358796e-26
37978643.7529 7.78610916268e-26
38078821.7216 7.75325473741e-26
38178999.6903 7.72040031213e-26
38279177.6591 7.68754588686e-26
38379355.6278 7.65469146158e-26
38479533.5965 7.62183703631e-26
38579711.5652 7.58898261103e-26
38679889.534 7.55612818576e-26
38780067.5027 7.52327376048e-26
38880245.4714 7.49041933521e-26
38980423.4401 7.45756490993e-26
39080601.4089 7.42471048466e-26
39180779.3776 7.39185605938e-26
39280957.3463 7.35900163411e-26
39381135.315 7.32614720883e-26
39481313.2838 7.29329278356e-26
39581491.2525 7.26043835828e-26
39681669.2212 7.22758393301e-26
39781847.1899 7.19991891297e-26
39882025.1587 7.17500917281e-26
39982203.1274 7.15009943266e-26
40082381.0961 7.1251896925e-26
40182559.0648 7.10027995235e-26
40282737.0336 7.07537021219e-26
40382915.0023 7.05046047204e-26
40483092.971 7.02555073189e-26
40583270.9397 7.00064099173e-26
40683448.9085 6.97573125158e-26
40783626.8772 6.95082151142e-26
40883804.8459 6.92591177127e-26
40983982.8147 6.90100203111e-26
41084160.7834 6.87609229096e-26
41184338.7521 6.8511825508e-26
41284516.7208 6.82627281065e-26
41384694.6896 6.80136307049e-26
41484872.6583 6.77645333034e-26
41585050.627 6.75154359018e-26
41685228.5957 6.72663385003e-26
41785406.5645 6.70172410987e-26
41885584.5332 6.67681436972e-26
41985762.5019 6.65190462956e-26
42085940.4706 6.62699488941e-26
42186118.4394 6.60208514925e-26
42286296.4081 6.5771754091e-26
42386474.3768 6.55226566894e-26
42486652.3455 6.52735592879e-26
42586830.3143 6.50244618863e-26
42687008.283 6.47753644848e-26
42787186.2517 6.45262670832e-26
42887364.2204 6.42771696817e-26
42987542.1892 6.40280722801e-26
43087720.1579 6.37789748786e-26
43187898.1266 6.3529877477e-26
43288076.0954 6.32807800755e-26
43388254.0641 6.30316826739e-26
43488432.0328 6.27825852724e-26
43588610.0015 6.25334878708e-26
43688787.9703 6.22843904693e-26
43788965.939 6.20352930677e-26
43889143.9077 6.17861956662e-26
43989321.8764 6.15370982646e-26
44089499.8452 6.12880008631e-26
44189677.8139 6.10389034615e-26
44289855.7826 6.078980606e-26
44390033.7513 6.05407086584e-26
44490211.7201 6.02916112569e-26
44590389.6888 6.00653695583e-26
44690567.6575 5.98985066796e-26
44790745.6262 5.97316438008e-26
44890923.595 5.95647809221e-26
44991101.5637 5.93979180433e-26
45091279.5324 5.92310551646e-26
45191457.5011 5.90641922859e-26
45291635.4699 5.88973294071e-26
45391813.4386 5.87304665284e-26
45491991.4073 5.85636036496e-26
45592169.3761 5.83967407709e-26
45692347.3448 5.82298778922e-26
45792525.3135 5.80630150134e-26
45892703.2822 5.78961521347e-26
45992881.251 5.77292892559e-26
46093059.2197 5.75624263772e-26
46193237.1884 5.73955634985e-26
46293415.1571 5.72287006197e-26
46393593.1259 5.7061837741e-26
46493771.0946 5.68949748622e-26
46593949.0633 5.67281119835e-26
46694127.032 5.65612491048e-26
46794305.0008 5.6394386226e-26
46894482.9695 5.62275233473e-26
46994660.9382 5.60606604685e-26
47094838.9069 5.58937975898e-26
47195016.8757 5.57269347111e-26
47295194.8444 5.55600718323e-26
47395372.8131 5.53932089536e-26
47495550.7818 5.52263460748e-26
47595728.7506 5.50594831961e-26
47695906.7193 5.48926203174e-26
47796084.688 5.47257574386e-26
47896262.6568 5.45588945599e-26
47996440.6255 5.43920316811e-26
48096618.5942 5.42251688024e-26
48196796.5629 5.40583059237e-26
48296974.5317 5.38914430449e-26
48397152.5004 5.37245801662e-26
48497330.4691 5.35577172874e-26
48597508.4378 5.33908544087e-26
48697686.4066 5.322399153e-26
48797864.3753 5.30571286512e-26
48898042.344 5.28902657725e-26
48998220.3127 5.27234028937e-26
49098398.2815 5.2556540015e-26
49198576.2502 5.23896771363e-26
49298754.2189 5.22228142575e-26
49398932.1876 5.20559513788e-26
49499110.1564 5.18890885e-26
49599288.1251 5.17222256213e-26
49699466.0938 5.15553627426e-26
49799644.0625 5.13884998638e-26
49899822.0313 5.12216369851e-26
50000000.0 5.10547741063e-26
61372432.5389 1e-300
75331509.5147 1e-300
92465559.7149 1e-300
113496726.515 1e-300
139311403.829 1e-300
170997594.668 1e-300
209890766.861 1e-300
257630138.594 1e-300
316227766.017 1e-300
