100082.8862503592 8.971395216662614e-19
100288.2170359656 8.870028686261654e-19
100493.9690797225 8.772378992571657e-19
100700.14324588543 8.71430831932262e-19
100906.74040048459 8.656118507853084e-19
101113.76141132537 8.597809313738432e-19
101321.2071479952 8.539380492052114e-19
101529.07848186427 8.480831797365436e-19
101737.37628609054 8.422162983746194e-19
101946.10143562453 8.36337380475727e-19
102155.25480721019 8.304464013456412e-19
102364.83727939188 8.245433362394288e-19
102574.84973251513 8.1862816036142305e-19
102785.29304873155 8.12700848865088e-19
102996.16811200387 8.067613768528762e-19
103207.47580810673 8.008097193762075e-19
103419.21702463363 7.948458514352688e-19
103631.39265099744 7.888697479790065e-19
103844.00357843742 7.82881383904923e-19
104057.05070002 7.768807340590572e-19
104270.53491064391 7.708677732358408e-19
104484.45710704508 7.648424761779581e-19
104698.81818779751 7.588048175763229e-19
104913.61905332039 7.527547720698785e-19
105128.86060587855 7.466923142455823e-19
105344.54374958963 7.406174186382087e-19
105560.66939042484 7.345300597303222e-19
105777.23843621407 7.28430211952136e-19
105994.2517966511 7.223178496813675e-19
106211.71038329425 7.161929472432159e-19
106429.61510957374 7.100554789101569e-19
106647.96689079206 7.039054189019335e-19
106866.76664413129 6.977427413853469e-19
107086.01528865387 6.915674204742369e-19
107305.71374530785 6.853794302293347e-19
107525.86293693195 6.791787446581163e-19
107746.46378825649 6.729653377147829e-19
107967.51722591073 6.667391833000479e-19
108189.02417842364 6.605002552611186e-19
108410.98557622921 6.542485273915457e-19
108633.40235167166 6.479839734310774e-19
108856.27543900616 6.417065670656361e-19
109079.60577440645 6.354162819271092e-19
109303.39429596516 6.291130915933347e-19
109527.64194370125 6.227969695878952e-19
109752.34965956093 6.164678893800901e-19
109977.51838742291 6.101258243847882e-19
110203.14907310368 6.037707479622795e-19
110429.24266435836 5.974026334182499e-19
110655.80011088842 5.910214540035667e-19
110882.82236434179 5.846271829142717e-19
111110.3103783207 5.782197932913628e-19
111338.26510838243 5.71799258220773e-19
111566.68751204463 5.65365550733218e-19
111795.57854879086 5.589186438040447e-19
112024.93918007125 5.524585103532071e-19
112254.77036931031 5.459851232450506e-19
112485.0730819078 5.394984552882865e-19
112715.848285244 5.329984792358418e-19
112947.09694868537 5.291248203212522e-19
113178.82004358515 5.25486376007453e-19
113411.01854329139 5.218404670345291e-19
113643.69342314711 5.181870780879454e-19
113876.8456604983 5.145261938217186e-19
114110.47623469462 5.1085779885840305e-19
114344.586127095 5.071818777890047e-19
114579.17632107313 5.034984151728939e-19
114814.2478020183 4.998073955377935e-19
115049.80155734338 4.961088033796519e-19
115285.83857648507 4.924026231626407e-19
115522.35985091189 4.886888393190279e-19
115759.3663741251 4.849674362491639e-19
115996.8591416642 4.812383983213956e-19
116234.8391511126 4.775017098719779e-19
116473.30740209836 4.737573552050591e-19
116712.26489630244 4.700053185925558e-19
116951.7126374593 4.662455842741397e-19
117191.65163136277 4.624781364571481e-19
117432.08288587148 4.587029593164958e-19
117673.00741091004 4.5492003699466e-19
117914.42621847674 4.511293536015557e-19
118156.34032264439 4.473308932145266e-19
118398.75073956809 4.435246398782192e-19
118641.65848748623 4.397105776045698e-19
118885.06458672624 4.358886903727129e-19
119128.97005971035 4.320589621288908e-19
119373.37593095646 4.282213767864409e-19
119618.28322708624 4.2437591822566706e-19
119863.69297682573 4.205225702938318e-19
120109.60621101345 4.1666131680502743e-19
120356.02396260126 4.1279214154016396e-19
120602.9472666603 4.089150282468744e-19
120850.37716038672 4.050299606394257e-19
121098.31468310265 4.0113692239870415e-19
121346.76087626441 3.9723589717208428e-19
121595.71678346307 3.9332686857342256e-19
121845.18345043263 3.8940982018292686e-19
122095.16192505114 3.854847355471407e-19
122345.65325734645 3.815515981788519e-19
122596.65849950214 3.7761039155699936e-19
122848.17870585843 3.736610991266595e-19
123100.21493292066 3.69703704298912e-19
123352.76823936026 3.6573819045082656e-19
123605.8396860205 3.6176454092536957e-19
123859.43033592275 3.5778273903130924e-19
124113.54125426715 3.537927680432024e-19
124368.1735084413 3.4979461120125914e-19
124623.32816802058 3.457882517113381e-19
124879.00630477679 3.417736727448099e-19
125135.20899267905 3.3775085743854445e-19
125391.93730789983 3.337197888948142e-19
125649.19232882105 3.2968045018120034e-19
125906.97513603498 3.2563282433057746e-19
126165.28681235282 3.215768943409789e-19
126424.12844280535 3.175126431755875e-19
126683.50111465139 3.14810999007125e-19
126943.40591737883 3.125820555613344e-19
127203.84394271081 3.103485391987794e-19
127464.81628461178 3.081104405376214e-19
127726.32403928848 3.0586775017679213e-19
127988.36830519878 3.0362045869591734e-19
128250.95018305251 3.0136855665531037e-19
128514.07077581777 2.991120345959171e-19
128777.73118872714 2.9685088303926385e-19
129041.93252927848 2.945850924874495e-19
129306.67590724397 2.923146534230681e-19
129571.96243467058 2.9003955630920613e-19
129837.7932258887 2.8775979158936604e-19
130104.16939751345 2.8547534968745756e-19
130371.09206845076 2.8318622100774403e-19
130638.56235990369 2.8089239593478863e-19
130906.58139537345 2.7859386483344556e-19
131175.15030066838 2.7629061804878316e-19
131444.27020390437 2.7398264590608015e-19
131713.9422355139 2.716699387107477e-19
131984.16752824714 2.6935248674832203e-19
132254.9472171781 2.670302802844083e-19
132526.2824397111 2.6470330956462733e-19
132798.174335582 2.6237156481460588e-19
133070.624046867 2.6003503623989926e-19
133343.63271798313 2.576937140259865e-19
133617.20149569763 2.5534758833819316e-19
133891.33152912877 2.5299664932168135e-19
134166.02396975236 2.5064088710139545e-19
134441.27997140822 2.4828029178200535e-19
134717.10069030122 2.4591485344789914e-19
134993.4872850105 2.4354456216310237e-19
135270.44091649048 2.411694079712708e-19
135547.96274807744 2.3878938089563308e-19
135826.05394549598 2.364044709389358e-19
136104.7156768601 2.340146680834334e-19
136383.94911268263 2.3161996229080933e-19
136663.75542587548 2.292203435021712e-19
136944.13579175918 2.268158016379707e-19
137225.0913880639 2.244063265979948e-19
137506.6233949361 2.2199190826130816e-19
137788.73299494496 2.1957253648619777e-19
138071.42137308378 2.171482011101621e-19
138354.68971677907 2.1471889194983178e-19
138638.53921589133 2.1228459880096374e-19
138922.97106272448 2.0984531143836079e-19
139207.9864520268 2.0740101961586192e-19
139493.58658099765 2.0495171306628584e-19
139779.7726492945 2.024973815013714e-19
140066.54585903356 2.0003801461176996e-19
140353.9074147997 1.9757360206696274e-19
140641.85852364736 1.9510413351525127e-19
140930.40039510746 1.9262959858369944e-19
141219.53424119402 1.901499868780752e-19
141509.26127640542 1.876652879828415e-19
141799.58271773392 1.851754914610729e-19
142090.49978466643 1.8333043771732698e-19
142382.01369919392 1.8197753744629517e-19
142674.12568581273 1.8062186155511579e-19
142966.83697153136 1.7926340434930892e-19
143260.14878587748 1.779021601227035e-19
143554.06236089877 1.7653812315743269e-19
143848.57893117314 1.7517128772388784e-19
144143.69973380884 1.738016480807163e-19
144439.4260084546 1.7242919847477545e-19
144735.7589973007 1.7105393314112776e-19
145032.69994508586 1.6967584630300845e-19
145330.25009910428 1.6829493217179248e-19
145628.41070920674 1.6691118494699014e-19
145927.18302781068 1.6552459881620026e-19
146226.56830990055 1.6413516795510794e-19
146526.56781303792 1.6274288652743802e-19
146827.18279736262 1.613477486849501e-19
147128.41452559974 1.599497485674051e-19
147430.2642630669 1.5854888030253288e-19
147732.73327767517 1.5714513800602687e-19
148035.82283993927 1.5573851578149726e-19
148339.5342229787 1.5432900772046515e-19
148643.86870252498 1.5291660790232992e-19
148948.82755692868 1.5150131039433585e-19
149254.41206716068 1.500831092515668e-19
149560.6235168222 1.4866199851689857e-19
149867.46319214563 1.472379722209968e-19
150174.9323820046 1.4581102438226888e-19
150483.0323779151 1.4438114900685882e-19
150791.76447404287 1.4294834008861376e-19
151101.1299672106 1.4151259160904984e-19
151411.1301568991 1.4007389753734743e-19
151721.76634525764 1.3863225183030194e-19
152033.03983710453 1.3718764843232255e-19
152344.95193993754 1.3574008127538294e-19
152657.503963935 1.3428954427901635e-19
152970.69722196335 1.328360313502813e-19
153284.53302958418 1.313795363837273e-19
153599.01270505582 1.299200532613892e-19
153914.13756934347 1.28457575852739e-19
154229.90894612065 1.2699209801467976e-19
154546.3281617765 1.2552361359151123e-19
154863.39654542325 1.240521164148956e-19
155181.11542889755 1.225776003038515e-19
155499.48614677083 1.2110005906470508e-19
155818.5100363501 1.1961948649108702e-19
156138.1884376885 1.1813587636388339e-19
156458.52269358654 1.1664922245122994e-19
156779.5141495996 1.1515951850847677e-19
157101.16415404557 1.1366675827815405e-19
157423.47405800596 1.1217093548996559e-19
157746.44521533675 1.1067204386073905e-19
158070.07898266896 1.0917007709442365e-19
158394.37671941938 1.076650288820396e-19
158719.33978779195 1.0615689290167236e-19
159044.96955278527 1.0464566281843742e-19
159371.2673822003 1.034209856332409e-19
159698.23464664168 1.0264114783653471e-19
160025.87271952847 1.0185971011886705e-19
160354.18297709496 1.0107666919783137e-19
160683.16679840142 1.0029202178428079e-19
161012.82556533563 9.950576458232491e-20
161343.16066262024 9.871789428931167e-20
161674.17347782094 9.792840759580839e-20
162005.8654013475 9.71373011855991e-20
162338.23782646476 9.634457173565793e-20
162671.29214929426 9.555021591614626e-20
163005.02976882164 9.475423039039382e-20
163339.45208690476 9.395661181488019e-20
163674.56050827488 9.315735683923158e-20
164010.3564405479 9.235646210619429e-20
164346.84129422493 9.155392425163321e-20
164684.01648270348 9.07497399045049e-20
165021.88342227886 8.994390568685478e-20
165360.44353215204 8.913641821379778e-20
165699.6982344376 8.832727409349997e-20
166039.64895416517 8.751646992717474e-20
166380.29711929057 8.670400230905625e-20
166721.64416069654 8.588986782639781e-20
167063.6915122042 8.507406305944462e-20
167406.44061057418 8.42565845814308e-20
167749.89289551481 8.343742895855997e-20
168094.04980969027 8.261659274998624e-20
168438.91279872163 8.179407250781085e-20
168784.4833111987 8.096986477705481e-20
169130.76279868107 8.014396609565571e-20
169477.75271570633 7.931637299444853e-20
169825.45451979846 7.848708199714574e-20
170173.8696714687 7.765608962033454e-20
170522.99963422763 7.682339237344897e-20
170872.84587458556 7.598898675876825e-20
171223.40986206423 7.515286927138927e-20
171574.69306919826 7.43150363992229e-20
171926.69697154328 7.347548462297489e-20
172279.42304768422 7.263421041612563e-20
172632.87277923684 7.179121024492712e-20
172987.04765085925 7.094648056837484e-20
173341.9491502528 7.010001783820637e-20
173697.5787681737 6.925181849887269e-20
174053.93799843465 6.840187898753535e-20
174411.0283379129 6.755019573404638e-20
174768.85128655902 6.669676516092814e-20
175127.40834739787 6.584158368337029e-20
175486.7010265409 6.498464770920094e-20
175846.7308331873 6.412595363888367e-20
176207.49927963252 6.326549786549715e-20
176569.00788127686 6.240327677471505e-20
176931.25815662678 6.153928674480261e-20
177294.25162730692 6.067352414658785e-20
177657.98981806083 5.98059853434601e-20
178022.47425676312 5.893666669134081e-20
178387.70647442093 5.806556453868038e-20
178753.68800518225 5.728905181784949e-20
179120.42038634483 5.685479426716361e-20
179487.9051583575 5.641964579049338e-20
179856.14386483218 5.598360456000678e-20
180225.138052545 5.554666874412518e-20
180594.88927144825 5.510883650750889e-20
180965.39907467196 5.467010601105541e-20
181336.6690185326 5.423047541188916e-20
181708.7006625417 5.3789942863350984e-20
182081.49556940747 5.334850651499671e-20
182455.05530504705 5.290616451258223e-20
182829.3814385873 5.246291499806275e-20
183204.47554237727 5.2018756109577975e-20
183580.33919198965 5.157368598145057e-20
183956.97396622956 5.1127702744175356e-20
184334.38144714345 5.0680804524409175e-20
184712.56322002047 5.0232989444968975e-20
185091.52087340533 4.978425562481692e-20
185471.2559990993 4.933460117905872e-20
185851.77019216958 4.888402421893299e-20
186233.06505095813 4.8432522851800683e-20
186615.1421770828 4.79800951811434e-20
186998.00317545066 4.7526739306548153e-20
187381.6496542582 4.7072453323706776e-20
187766.08322500437 4.661723532440054e-20
188151.30550249206 4.616108339649848e-20
188537.31810483706 4.570399562394674e-20
188924.12265347713 4.5245970086757777e-20
189311.72077317367 4.4787004861008514e-20
189700.11409202436 4.432709801882522e-20
190089.30424146412 4.3866247628382487e-20
190479.29285627799 4.3404451753887965e-20
190870.0815746027 4.29417084555805e-20
191261.67203793558 4.247801578971937e-20
191654.06589114424 4.201337180857327e-20
192047.26478246765 4.154777456041863e-20
192441.27036352956 4.108122208952397e-20
192836.08428933975 4.061371243614822e-20
193231.70821830345 4.0145243636529675e-20
193628.14381223067 3.9675813722875014e-20
194025.39273633764 3.920542072335749e-20
194423.4566592601 3.873406266210117e-20
194822.3372530541 3.826173755918012e-20
195222.03619320915 3.778844343060275e-20
195622.55515864983 3.7314178288309804e-20
196023.89583174532 3.683894014016335e-20
196426.05989831866 3.6362726989935506e-20
196829.04904764838 3.588553683730675e-20
197232.86497248188 3.5407367677849845e-20
197637.50936903633 3.4928217503029114e-20
198042.98393701194 3.4448084300184316e-20
198449.2903795938 3.3966966052528845e-20
198856.43040346104 3.348486073913852e-20
199264.40571879686 3.300176633494007e-20
199673.21803928973 3.2517680810709447e-20
200082.86908214723 3.2032602133055627e-20
200493.36056809672 3.15577681319899e-20
200904.69422139903 3.132105206673503e-20
201316.87176985005 3.108385035305949e-20
201729.8949447905 3.0846161994603875e-20
202143.76548111555 3.0607985992963197e-20
202558.48511727637 3.036932134768613e-20
202974.05559529414 3.013016705626677e-20
203390.47866076135 2.9890522114144024e-20
203807.75606285196 2.9650385514695716e-20
204225.88955433082 2.9409756249233164e-20
204644.88089155566 2.9168633307000084e-20
205064.73183449075 2.8927015675164595e-20
205485.44414670777 2.8684902338818885e-20
205907.0195954 2.844229228097094e-20
206329.45995138376 2.819918448254374e-20
206752.76698910832 2.795557792236956e-20
207176.94248666597 2.771147157718418e-20
207601.98822579376 2.7466864421625894e-20
208027.9059918872 2.7221755428227565e-20
208454.69757400165 2.697614356741593e-20
208882.3647648661 2.6730027807503537e-20
209310.90936088515 2.648340711468774e-20
209740.33316214875 2.6236280453045005e-20
210170.63797244255 2.5988646784524973e-20
210601.82559924954 2.5740505068949575e-20
211033.89785376415 2.5491854264004783e-20
211466.85655089433 2.5242693325239565e-20
211900.70350927135 2.499302120606014e-20
212335.44055126028 2.474283685772399e-20
212771.06950296147 2.449213922933904e-20
213207.59219422517 2.4240927267855137e-20
213645.0104586523 2.3989199918063745e-20
214083.3261336091 2.3736956122589382e-20
214522.54106022877 2.3484194821888814e-20
214962.65708342174 2.3230914954244982e-20
215403.67605188602 2.2977115455761187e-20
215845.5998181092 2.2722795260359918e-20
216288.43023838266 2.2467953299774583e-20
216732.16917280277 2.221258850354888e-20
217176.81848528562 2.195669979902834e-20
217622.38004356864 2.1700286111359396e-20
218068.85571922114 2.1443346363483244e-20
218516.24738765482 2.118587947612988e-20
218964.55692812547 2.0927884367817086e-20
219413.78622374783 2.0669359954841838e-20
219863.93716149655 2.0410305151279842e-20
220315.01163222123 2.0150718868976813e-20
220767.011530648 1.9890600017547593e-20
221219.93875539018 1.9629947504369953e-20
221673.79520895917 1.9368760234578488e-20
222128.5827977658 1.9107037111063638e-20
222584.3034321358 1.8844777034462916e-20
223040.95902631138 1.8581978903159946e-20
223498.55149846213 1.8318641613278245e-20
223957.08277069544 1.805476405867511e-20
224416.55476905883 1.7790345130940472e-20
224876.96942355466 1.7525383719388185e-20
225338.3286681414 1.7381768788506385e-20
225800.63444074887 1.725596467266147e-20
226263.88868328 1.7129902456167107e-20
226728.0933416217 1.7003581609502387e-20
227193.25036565587 1.687700160205921e-20
227659.36170926123 1.675016190214194e-20
228126.42933032854 1.662306197696308e-20
228594.45519076195 1.6495701292643066e-20
229063.44125649417 1.636807931420603e-20
229533.3894974885 1.6240195505579297e-20
230004.30188774996 1.611204932959036e-20
230476.18040533608 1.598364024796391e-20
230949.02703235892 1.5854967721321322e-20
231422.84375500077 1.572603120917635e-20
231897.6325635161 1.5596830169934635e-20
232373.39545224232 1.5467364060890722e-20
232850.1344196116 1.5337632338224914e-20
233327.8514681521 1.5207634457002897e-20
233806.54860450426 1.5077369871171283e-20
234286.22783942154 1.4946838033557454e-20
234766.89118778647 1.481603839586517e-20
235248.54066861255 1.4684970408674077e-20
235731.17830505536 1.4553633521436634e-20
236214.80612442418 1.4422027182475e-20
236699.42615818363 1.429015083898056e-20
237185.04044197002 1.4158003937009514e-20
237671.65101559207 1.4025585921482617e-20
238159.2599230472 1.3892896236180792e-20
238647.86921252366 1.375993432374457e-20
239137.48093641145 1.362669962567104e-20
239628.09715131437 1.3493191582310636e-20
240119.71991805153 1.3359409632866724e-20
240612.3513016742 1.3225353215390996e-20
241105.99337146615 1.3091021766783365e-20
241600.6482009605 1.2956414722787418e-20
242096.31786794157 1.2821531517989877e-20
242593.00445445642 1.268637158581749e-20
243090.71004682657 1.2550934358533808e-20
243589.43673565 1.241521926723866e-20
244089.18661581769 1.227922574186367e-20
244589.96178651552 1.2142953211171693e-20
245091.76435123605 1.2006401102753658e-20
245594.59641779054 1.1869568843025277e-20
246098.46009831037 1.1732455857226628e-20
246603.35750926434 1.1595061569417489e-20
247109.29077145955 1.1457385402477125e-20
247616.26201005795 1.1319426778099684e-20
248124.2733545786 1.1181185116793701e-20
248633.3269389094 1.1042659837878796e-20
249143.42490131917 1.0903850359482461e-20
249654.56938445978 1.0764756098539473e-20
250166.76253538282 1.0625376470787341e-20
250680.00650554078 1.0485710890765951e-20
251194.30345080417 1.0345758771812986e-20
251709.65553146348 1.0205519526063339e-20
252226.0649122412 1.006499256444583e-20
252743.53376230408 9.976687807135706e-21
253262.06425526502 9.91109280744665e-21
253781.6585692005 9.845363232573604e-21
254302.3188866524 9.779498806421266e-21
254824.04739464034 9.71349925232789e-21
255346.846284674 9.64736429306373e-21
255870.71775275486 9.581093650830814e-21
256395.66399939416 9.514687047260691e-21
256921.68722961334 9.448144203414358e-21
257448.78965296192 9.381464839779986e-21
257976.97348351948 9.314648676272713e-21
258506.24093990785 9.247695432233044e-21
259036.5942453039 9.180604826425287e-21
259568.0356274413 9.113376577037296e-21
260100.56731862857 9.046010401678211e-21
260634.19155574945 8.978506017378372e-21
261168.9105802815 8.910863140587035e-21
261704.7266382974 8.843081487172112e-21
262241.6419804782 8.7751607724186e-21
262779.6588621254 8.707100711026962e-21
263318.77954316343 8.638901017112887e-21
263859.0062881573 8.570561404204979e-21
264400.3413663139 8.502081585244692e-21
264942.78705149976 8.43346127258397e-21
265486.3456222435 8.364700177985045e-21
266031.01936174795 8.2957980126188e-21
266576.81055790395 8.226754487063127e-21
267123.7215032916 8.1575693113027e-21
267671.7544951987 8.088242194726644e-21
268220.9118356232 8.018772846128279e-21
268771.1958312856 7.949160973703472e-21
269322.6087936424 7.879406285049018e-21
269875.15303888754 7.809508487162367e-21
270428.83088797174 7.739467286439285e-21
270983.6446666026 7.669282388673746e-21
271539.59670526395 7.598953499055554e-21
272096.6893392171 7.528480322170105e-21
272654.9249085148 7.457862561996723e-21
273214.30575801374 7.38709992190699e-21
273774.83423737704 7.316192104664478e-21
274336.5127010927 7.245138812422401e-21
274899.343508475 7.173939746723462e-21
275463.3290236828 7.102594608497466e-21
276028.4716157221 7.0311030980611e-21
276594.77365845913 6.959464915116201e-21
277162.23753063363 6.887679758748084e-21
277730.86561586126 6.815747327425279e-21
278300.6603026523 6.7436673189971134e-21
278871.623984414 6.671439430693464e-21
279443.7590594638 6.599063359123032e-21
280017.06793104316 6.5265388002716465e-21
280591.5530073194 6.453865449501998e-21
281167.21670140506 6.381043001551209e-21
281744.0614313586 6.308071150530695e-21
282322.0896202044 6.234949589923723e-21
282901.30369593424 6.161678012585152e-21
283481.70609152125 6.107715474697731e-21
284063.2992449333 6.0714459019291455e-21
284646.0855991358 6.035101918238354e-21
285230.0676021105 5.9986833709632155e-21
285815.2477068569 5.962190107128678e-21
286401.6283714118 5.9256219734455535e-21
286989.2120588514 5.888978816310379e-21
287578.0012373049 5.852260481804569e-21
288167.99837996904 5.815466815693522e-21
288759.2059651097 5.7785976634265155e-21
289351.626476082 5.741652870135448e-21
289945.2624013322 5.70463228063471e-21
290540.11623441207 5.667535739420314e-21
291136.1904739926 5.630363090669023e-21
291733.48762386636 5.593114178238196e-21
292332.01019296754 5.5557888456645635e-21
292931.7606953728 5.5183869361641435e-21
293532.7416503216 5.480908292631002e-21
294134.95558221807 5.4433527576371095e-21
294738.4050206458 5.405720173431449e-21
295343.09250038135 5.368010381939148e-21
295949.020561397 5.330223224761315e-21
296556.1917488808 5.292358543173792e-21
297164.6086132378 5.25441617812708e-21
297774.2737101103 5.2163959702450715e-21
298385.1896003799 5.1782977598249094e-21
298997.35885018256 5.140121386836084e-21
299610.7840309222 5.101866690919549e-21
300225.4677192735 5.0635335113875616e-21
300841.4124972026 5.025121687222401e-21
301458.6209519675 4.986631057076316e-21
302077.09567613935 4.948061459270224e-21
302696.8392676046 4.9094127317935694e-21
303317.85432957945 4.870684712303411e-21
303940.1434706247 4.831877238123521e-21
304563.70930464787 4.792990146244225e-21
305188.5544509241 4.754023273321111e-21
305814.6815340985 4.714976455674884e-21
306442.0931842011 4.6758495292904356e-21
307070.79203666135 4.636642329815934e-21
307700.78073231055 4.597354692562676e-21
308332.06191740296 4.5579864525037626e-21
308964.63824361697 4.518537444274042e-21
309598.5123680761 4.479007502168789e-21
310233.6869533515 4.4393964601435424e-21
310870.1646674769 4.3997041518131924e-21
311507.9481839636 4.359930410451027e-21
312147.04018180276 4.320075068988601e-21
312787.44334548694 4.280137960014388e-21
313429.1603650111 4.2401189157737205e-21
314072.1939358939 4.200017768167442e-21
314716.5467591807 4.159834348751767e-21
315362.22154145816 4.119568488737321e-21
316009.22099486954 4.079220018988206e-21
316657.5478371174 4.038788770021847e-21
317307.204791485 3.99827457200763e-21
317958.19458683877 3.964227752096415e-21
318610.5199576439 3.942379416899354e-21
319264.1836439793 3.920486257497051e-21
319919.1883915405 3.8985481819279225e-21
320575.53695166105 3.876565098041545e-21
321233.232081314 3.854536913498609e-21
321892.2765431341 3.832463535770189e-21
322552.6731054199 3.810344872137657e-21
323214.4245421491 3.788180829692165e-21
323877.5336329948 3.765971315334116e-21
324542.00316332764 3.743716235773087e-21
325207.83592423785 3.721415497527087e-21
325875.0347125366 3.699069006922511e-21
326543.6023307785 3.676676670093389e-21
327213.5415872637 3.65423839298132e-21
327884.85529605404 3.6317540813349245e-21
328557.5462769885 3.609223640709323e-21
329231.6173556863 3.5866469764660545e-21
329907.0713635687 3.564023993772313e-21
330583.9111378608 3.541354597600912e-21
331262.1395216138 3.518638692729535e-21
331941.7593637077 3.495876183740632e-21
332622.7735188672 3.4730669750209005e-21
333305.18484767823 3.4502109707607374e-21
333988.9962165896 3.42730807495416e-21
334674.2104979367 3.404358191398033e-21
335360.8305699437 3.3813612236919897e-21
336048.8593167395 3.3583170752378892e-21
336738.2996283745 3.3352256492392706e-21
337429.1544008228 3.312086848701266e-21
338121.42653600534 3.2889005764298297e-21
338815.1189417911 3.2656667350316996e-21
339510.2345320206 3.2423852269136085e-21
340206.77622650797 3.2190559542822124e-21
340904.7469510579 3.1956788191435292e-21
341604.1496374818 3.1722537233023957e-21
342304.9872236002 3.1487805683623742e-21
343007.26265326695 3.1252592557249694e-21
343710.9788763694 3.1016896865895903e-21
344416.13884885295 3.078071761952757e-21
345122.7455327229 3.0544053826080124e-21
345830.80189606163 3.0306904491453714e-21
346540.310913045 3.006926861950751e-21
347251.2755639452 2.983114521205893e-21
347963.6988351541 2.9592533268875593e-21
348677.5837191866 2.9353431787674477e-21
349392.9332146969 2.911383976411626e-21
350109.7503264954 2.8873756191799677e-21
350828.0380655518 2.8633180062260626e-21
351547.79944901844 2.8392110364964155e-21
352269.03750023234 2.8150546087303946e-21
352991.75524873874 2.7908486214594353e-21
353715.95573029394 2.7665929730069402e-21
354441.6419868827 2.7422875614877122e-21
355168.81706673483 2.71793228480738e-21
355897.4840243282 2.69352704066231e-21
356627.645920413 2.671381251960911e-21
357359.30582201324 2.6601528790534563e-21
358092.46680245094 2.648901469933531e-21
358827.13194134884 2.6376269773398932e-21
359563.3043246482 2.6263293539143433e-21
360300.9870446258 2.6150085522014478e-21
361040.18319989624 2.603664524648509e-21
361780.89589543757 2.5922972236051786e-21
362523.1282425921 2.580906601323435e-21
363266.8833590911 2.5694926099572105e-21
364012.1643690579 2.5580552015623414e-21
364758.9744030253 2.5465943280963024e-21
365507.3165979532 2.5351099414179356e-21
366257.1940972312 2.5236019932874076e-21
367008.61005070416 2.5120704353658234e-21
367761.56761467434 2.500515219215184e-21
368516.0699519198 2.4889362962981173e-21
369272.12023171165 2.4773336179776014e-21
370029.7216298173 2.4657071355169204e-21
370788.8773285255 2.4540568000792782e-21
371549.5905166477 2.442382562727781e-21
372311.86438954377 2.430684374425038e-21
373075.7021491244 2.4189621860331253e-21
373841.1070038697 2.407215948313307e-21
374608.0821688465 2.3954456119257564e-21
375376.6308657119 2.3836511274295196e-21
376146.7563227385 2.3718324452821095e-21
376918.4617748159 2.3599895158394962e-21
377691.7504634768 2.3481222893557023e-21
378466.6256368994 2.3362307159827626e-21
379243.0905499259 2.324314745770445e-21
380021.148464081 2.3123743286659658e-21
380800.8026475743 2.300409414513949e-21
381582.05637532694 2.2884199530560232e-21
382364.912928974 2.276405893930781e-21
383149.3755968834 2.2643671866734914e-21
383935.44767417415 2.2523037807158147e-21
384723.1324627191 2.240215625385765e-21
385512.4332711718 2.2281026699073e-21
386303.35341496737 2.215964863400301e-21
387095.8962163492 2.2038021548801658e-21
387890.0650043721 2.1916144932577673e-21
388685.8631149205 2.1794018273391597e-21
389483.29389072774 2.167164105825296e-21
390282.36068137863 2.1549012773119835e-21
391083.0668433365 2.142613290289467e-21
391885.4157399444 2.1303000931424132e-21
392689.4107414519 2.117961634149497e-21
393495.05522501847 2.105597861483353e-21
394302.3525747319 2.0932087232102885e-21
395111.30618162785 2.080794167289987e-21
395921.9194436925 2.0683541415754676e-21
396734.19576588983 2.055888593812663e-21
397548.1385601629 2.0433974716404016e-21
398363.7512454615 2.030880722589985e-21
399181.0372477446 2.0183382940851477e-21
400000.0 2.0057701334417574e-21
839563.0674438832 1e-300
1762165.3605394554 1e-300
3698622.3885946455 1e-300
7763066.894712855 1e-300
16293960.63724296 1e-300
34199518.9335339 1e-300
71781632.55235718 1e-300
150663019.0294667 1e-300
316227766.01683795 1e-300
