80000.0 4.020054558496932e-21
89761.47634415704 3.516845509983058e-21
100714.0329435334 3.073922855561183e-21
113003.00356982033 2.6842388987073352e-21
126791.45539688913 2.3406721271814918e-21
142262.35280311384 2.0385203998105295e-21
159620.9851975103 1.7728972898371263e-21
179097.6910854672 1.5395121182668194e-21
200950.91452076635 1.3346042080685294e-21
225470.6345011564 1.1548778784478875e-21
252982.21281347034 9.967796764979758e-22
283850.7113868603 8.583515928108979e-22
318485.7364427979 7.373301651673466e-22
357346.8737207704 6.31717519543432e-22
400949.78690181795 5.397362507815886e-22
449873.0601522793 4.597971460857201e-22
504765.8755841544 3.9018331209613587e-22
566356.6275073105 3.300167673499117e-22
635462.5877794251 2.7817560735874735e-22
713000.7505069968 2.336599974298941e-22
800000.0 1.955700843231913e-22
897614.7634415708 1.6309284900269385e-22
1007140.3294353341 1.3537616574020942e-22
1130030.0356982031 1.1195117757216948e-22
1267914.5539688906 9.222281784786719e-23
1422623.5280311385 7.566078558073879e-23
1596209.8519751038 6.180456426828865e-23
1790976.9108546718 5.0259116892291234e-23
2009509.1452076635 4.064242318968996e-23
2254706.345011563 3.2709943375571295e-23
2529822.1281347033 2.6193309166817675e-23
2838507.113868604 2.0864479531070006e-23
3184857.3644279786 1.6529049468461582e-23
3573468.737207704 1.302105520450806e-23
4009497.8690181775 1.0179912197638844e-23
4498730.601522793 7.908313073073382e-24
5047658.755841547 6.1030827447885776e-24
5663566.275073105 4.676735414713722e-24
6354625.877794251 3.556688230645994e-24
7130007.505069965 2.68335031432687e-24
8000000.0 2.0026581506892663e-24
8976147.634415708 1.4808874232131254e-24
10071403.294353338 1.0842093734882116e-24
11300300.356982036 7.851767285931101e-25
12679145.539688908 5.619500598018238e-25
14226235.280311383 3.972594605220324e-25
15962098.519751038 2.759872547817362e-25
17909769.108546715 1.888660284104667e-25
20095091.452076644 1.2715972570339927e-25
22547063.450115632 8.415330562684268e-26
25298221.281347036 5.470666797808644e-26
28385071.13868604 3.49240091785689e-26
31848573.644279774 2.1767602623477248e-26
35734687.372077055 1.3294640592679473e-26
40094978.69018178 7.977596992203646e-27
44987306.01522793 4.739366680064156e-27
50476587.55841546 2.7860604599550206e-27
56635662.750731036 1.5848892404109245e-27
63546258.777942516 8.756282590722941e-28
71300075.05069964 4.152079326196265e-28
80000000.0 1.3078026476127825e-28
93199444.06005707 1e-300
108576704.66379629 1e-300
126491106.40673521 1e-300
147361259.9456155 1e-300
171674843.78651142 1e-300
200000000.00000003 1e-300
232998610.1501426 1e-300
271441761.65949064 1e-300
316227766.01683795 1e-300
