5000.0 4.364373240714452e-19
5610.092271509815 4.455923594462121e-19
6294.627058970837 3.7988379264739343e-19
7062.6877231137705 3.041791040843967e-19
7924.46596230557 3.130474230301515e-19
8891.397050194615 2.3589742887894273e-19
9976.311574844394 2.328469826504648e-19
11193.6056928417 2.0297622131179089e-19
12559.432157547897 1.81002520622928e-19
14091.914656322275 1.5307225957386338e-19
15811.388300841896 1.1923246820383684e-19
17740.669461678768 1.1102073610733608e-19
19905.358527674867 8.905785467571873e-20
22334.17960754815 7.965342882049985e-20
25059.36168136362 7.385728720627641e-20
28117.066259517454 6.310516961812342e-20
31547.86722400965 5.002321903509136e-20
35397.289219206905 4.265413271271137e-20
39716.41173621407 3.8137090648143275e-20
44562.5469066873 2.997211885114545e-20
50000.0 2.5480375367056257e-20
56100.922715098175 2.1641034082547936e-20
62946.27058970838 1.8367471517759085e-20
70626.8772311377 1.5976138621573654e-20
79244.65962305566 1.3211273406905245e-20
88913.97050194615 1.198031274026089e-20
99763.11574844399 1.0110425516983604e-20
111936.05692841699 8.05755949707255e-21
125594.32157547897 7.13825972347778e-21
140919.1465632227 6.043080747842546e-21
158113.88300841895 4.9425992320677646e-21
177406.69461678775 4.211075317381206e-21
199053.58527674866 3.596348133100297e-21
223341.7960754815 3.149281526195255e-21
250593.6168136361 2.6989666274831894e-21
281170.66259517457 2.2802337557589447e-21
315478.67224009667 1.972923297715395e-21
353972.89219206903 1.696863811629001e-21
397164.1173621407 1.4590291126234511e-21
445625.4690668728 1.2596943751910622e-21
500000.0 1.0859409040680711e-21
561009.2271509818 9.432943180969966e-22
629462.7058970836 8.196213899822881e-22
706268.7723113772 7.120379783907558e-22
792446.5962305567 6.163332302019952e-22
889139.7050194615 5.386885908281564e-22
997631.1574844399 4.674275043302023e-22
1119360.5692841697 4.0564885097858637e-22
1255943.2157547902 3.5029559416120496e-22
1409191.465632227 3.0272305462088183e-22
1581138.8300841898 2.618546523490662e-22
1774066.9461678774 2.236894393725759e-22
1990535.852767486 1.9140472813019192e-22
2233417.960754816 1.6358841208798905e-22
2505936.168136361 1.4019843547387166e-22
2811706.6259517455 1.182595668852266e-22
3154786.722400966 1.0073246868398985e-22
3539728.9219206898 8.577890827319856e-23
3971641.1736214072 7.21786133255969e-23
4456254.690668727 6.162481719033298e-23
5000000.0 5.252528968965176e-23
7926554.468671059 1e-300
12566053.148961805 1e-300
19921100.948292248 1e-300
31581138.34850658 1e-300
50065922.66041477 1e-300
79370052.59841008 1e-300
125826209.0205164 1e-300
199473659.87750262 1e-300
316227766.01683795 1e-300
