10000.0 2.88649667713e-18
30020.0400802 7.3222169933e-19
50040.0801603 3.70203999638e-19
70060.1202405 2.33423734938e-19
90080.1603206 1.62540180263e-19
110100.200401 1.19909662181e-19
130120.240481 9.1708982712e-20
150140.280561 7.23805211499e-20
170160.320641 5.86347511774e-20
190180.360721 4.85242665725e-20
210200.400802 4.07797359275e-20
230220.440882 3.46219181869e-20
250240.480962 2.96105860975e-20
270260.521042 2.58250495663e-20
290280.561122 2.25118492525e-20
310300.601202 1.97628390234e-20
330320.641283 1.75232467145e-20
350340.681363 1.5497904792e-20
370360.721443 1.38969084963e-20
390380.761523 1.24179893517e-20
410400.801603 1.11889938939e-20
430420.841683 1.0117072666e-20
450440.881764 9.10113305742e-21
470460.921844 8.32749979185e-21
490480.961924 7.55386652627e-21
510501.002004 6.8838535773e-21
530521.042084 6.33295323869e-21
550541.082164 5.78205290007e-21
570561.122244 5.29779326863e-21
590581.162325 4.90920224494e-21
610601.202405 4.52061122124e-21
630621.242485 4.13202019755e-21
650641.282565 3.85691328145e-21
670661.322645 3.5837440993e-21
690681.362725 3.31057491715e-21
710701.402806 3.04907272815e-21
730721.442886 2.86066625067e-21
750741.482966 2.67225977318e-21
770761.523046 2.4838532957e-21
790781.563126 2.29544681822e-21
810801.603206 2.15628815175e-21
830821.643287 2.02773240555e-21
850841.683367 1.89917665936e-21
870861.723447 1.77062091316e-21
890881.763527 1.64206516696e-21
910901.803607 1.55464208495e-21
930921.843687 1.46799174931e-21
950941.883768 1.38134141367e-21
970961.923848 1.29469107804e-21
990981.963928 1.2080407424e-21
1011002.00401 1.13755731062e-21
1031022.04409 1.08032543938e-21
1051042.08417 1.02309356813e-21
1071062.12425 9.65861696889e-22
1091082.16433 9.08629825646e-22
1111102.20441 8.51397954403e-22
1131122.24449 8.03319360716e-22
1151142.28457 7.66216356658e-22
1171162.32465 7.291133526e-22
1191182.36473 6.92010348542e-22
1211202.40481 6.54907344484e-22
1231222.44489 6.17804340426e-22
1251242.48497 5.80701336367e-22
1271262.52505 5.51783243389e-22
1291282.56513 5.2796229685e-22
1311302.60521 5.0414135031e-22
1331322.64529 4.8032040377e-22
1351342.68537 4.5649945723e-22
1371362.72545 4.3267851069e-22
1391382.76553 4.08857564151e-22
1411402.80561 3.85036617611e-22
1431422.84569 3.69612459162e-22
1451442.88577 3.54692828705e-22
1471462.92585 3.39773198248e-22
1491482.96593 3.24853567791e-22
1511503.00601 3.09933937334e-22
1531523.04609 2.95014306877e-22
1551543.08617 2.8009467642e-22
1571563.12625 2.65175045963e-22
1591583.16633 2.52180372894e-22
1611603.20641 2.43021261807e-22
1631623.24649 2.3386215072e-22
1651643.28657 2.24703039632e-22
1671663.32665 2.15543928545e-22
1691683.36673 2.06384817457e-22
1711703.40681 1.9722570637e-22
1731723.44689 1.88066595283e-22
1751743.48697 1.78907484195e-22
1771763.52705 1.69748373108e-22
1791783.56713 1.63035098891e-22
1811803.60721 1.57501964001e-22
1831823.64729 1.5196882911e-22
1851843.68737 1.46435694219e-22
1871863.72745 1.40902559329e-22
1891883.76754 1.35369424438e-22
1911903.80762 1.29836289548e-22
1931923.8477 1.24303154657e-22
1951943.88778 1.18770019767e-22
1971963.92786 1.13236884876e-22
1991983.96794 1.07703749985e-22
2012004.00802 1.04075678256e-22
2032024.0481 1.00820654709e-22
2052044.08818 9.75656311618e-23
2072064.12826 9.43106076147e-23
2092084.16834 9.10555840676e-23
2112104.20842 8.78005605206e-23
2132124.2485 8.45455369735e-23
2152144.28858 8.12905134264e-23
2172164.32866 7.80354898793e-23
2192184.36874 7.47804663322e-23
2212204.40882 7.15254427851e-23
2232224.4489 6.8270419238e-23
2252244.48898 6.59459589586e-23
2272264.52906 6.40685462367e-23
2292284.56914 6.21911335147e-23
2312304.60922 6.03137207927e-23
2332324.6493 5.84363080707e-23
2352344.68938 5.65588953487e-23
2372364.72946 5.46814826267e-23
2392384.76954 5.28040699048e-23
2412404.80962 5.09266571828e-23
2432424.8497 4.90492444608e-23
2452444.88978 4.71718317388e-23
2472464.92986 4.52944190168e-23
2492484.96994 4.34170062949e-23
2512505.01002 4.15645898426e-23
2532525.0501 4.04961711494e-23
2552545.09018 3.94277524563e-23
2572565.13026 3.83593337631e-23
2592585.17034 3.729091507e-23
2612605.21042 3.62224963769e-23
2632625.2505 3.51540776837e-23
2652645.29058 3.40856589906e-23
2672665.33066 3.30172402974e-23
2692685.37074 3.19488216043e-23
2712705.41082 3.08804029111e-23
2732725.4509 2.9811984218e-23
2752745.49098 2.87435655249e-23
2772765.53106 2.76751468317e-23
2792785.57114 2.66067281386e-23
2812805.61122 2.55383094454e-23
2832825.6513 2.48137514837e-23
2852845.69138 2.42219816217e-23
2872865.73146 2.36302117598e-23
2892885.77154 2.30384418978e-23
2912905.81162 2.24466720358e-23
2932925.8517 2.18549021738e-23
2952945.89178 2.12631323119e-23
2972965.93186 2.06713624499e-23
2992985.97194 2.00795925879e-23
3013006.01202 1.94878227259e-23
3033026.0521 1.8896052864e-23
3053046.09218 1.8304283002e-23
3073066.13226 1.771251314e-23
3093086.17234 1.71207432781e-23
3113106.21242 1.65289734161e-23
3133126.25251 1.59372035541e-23
3153146.29259 1.53454336921e-23
3173166.33267 1.49020420921e-23
3193186.37275 1.45830822309e-23
3213206.41283 1.42641223697e-23
3233226.45291 1.39451625084e-23
3253246.49299 1.36262026472e-23
3273266.53307 1.33072427859e-23
3293286.57315 1.29882829247e-23
3313306.61323 1.26693230635e-23
3333326.65331 1.23503632022e-23
3353346.69339 1.2031403341e-23
3373366.73347 1.17124434797e-23
3393386.77355 1.13934836185e-23
3413406.81363 1.10745237573e-23
3433426.85371 1.0755563896e-23
3453446.89379 1.04366040348e-23
3473466.93387 1.01176441735e-23
3493486.97395 9.79868431229e-24
3513507.01403 9.47972445105e-24
3533527.05411 9.16076458981e-24
3553547.09419 8.88200110883e-24
3573567.13427 8.71170245882e-24
3593587.17435 8.5414038088e-24
3613607.21443 8.37110515878e-24
3633627.25451 8.20080650876e-24
3653647.29459 8.03050785874e-24
3673667.33467 7.86020920872e-24
3693687.37475 7.6899105587e-24
3713707.41483 7.51961190869e-24
3733727.45491 7.34931325867e-24
3753747.49499 7.17901460865e-24
3773767.53507 7.00871595863e-24
3793787.57515 6.83841730861e-24
3813807.61523 6.66811865859e-24
3833827.65531 6.49782000857e-24
3853847.69539 6.32752135855e-24
3873867.73547 6.15722270854e-24
3893887.77555 5.98692405852e-24
3913907.81563 5.8166254085e-24
3933927.85571 5.64632675848e-24
3953947.89579 5.47602810846e-24
3973967.93587 5.30572945844e-24
3993987.97595 5.18833385568e-24
4014008.01603 5.10003419547e-24
4034028.05611 5.01173453526e-24
4054048.09619 4.92343487506e-24
4074068.13627 4.83513521485e-24
4094088.17635 4.74683555465e-24
4114108.21643 4.65853589444e-24
4134128.25651 4.57023623424e-24
4154148.29659 4.48193657403e-24
4174168.33667 4.39363691382e-24
4194188.37675 4.30533725362e-24
4214208.41683 4.21703759341e-24
4234228.45691 4.12873793321e-24
4254248.49699 4.040438273e-24
4274268.53707 3.9521386128e-24
4294288.57715 3.86383895259e-24
4314308.61723 3.77553929239e-24
4334328.65731 3.68723963218e-24
4354348.69739 3.59893997197e-24
4374368.73747 3.51064031177e-24
4394388.77756 3.42234065156e-24
4414408.81764 3.33404099136e-24
4434428.85772 3.24574133115e-24
4454448.8978 3.15744167095e-24
4474468.93788 3.08559670785e-24
4494488.97796 3.04045478239e-24
4514509.01804 2.99531285693e-24
4534529.05812 2.95017093148e-24
4554549.0982 2.90502900602e-24
4574569.13828 2.85988708056e-24
4594589.17836 2.8147451551e-24
4614609.21844 2.76960322964e-24
4634629.25852 2.72446130418e-24
4654649.2986 2.67931937873e-24
4674669.33868 2.63417745327e-24
4694689.37876 2.58903552781e-24
4714709.41884 2.54389360235e-24
4734729.45892 2.49875167689e-24
4754749.499 2.45360975144e-24
4774769.53908 2.40846782598e-24
4794789.57916 2.36332590052e-24
4814809.61924 2.31818397506e-24
4834829.65932 2.2730420496e-24
4854849.6994 2.22790012414e-24
4874869.73948 2.18275819869e-24
4894889.77956 2.13761627323e-24
4914909.81964 2.09247434777e-24
4934929.85972 2.04733242231e-24
4954949.8998 2.00219049685e-24
4974969.93988 1.95704857139e-24
4994989.97996 1.91190664594e-24
5015010.02004 1.87033288937e-24
5035030.06012 1.84795772105e-24
5055050.1002 1.82558255273e-24
5075070.14028 1.80320738441e-24
5095090.18036 1.78083221609e-24
5115110.22044 1.75845704776e-24
5135130.26052 1.73608187944e-24
5155150.3006 1.71370671112e-24
5175170.34068 1.6913315428e-24
5195190.38076 1.66895637447e-24
5215210.42084 1.64658120615e-24
5235230.46092 1.62420603783e-24
5255250.501 1.60183086951e-24
5275270.54108 1.57945570119e-24
5295290.58116 1.55708053286e-24
5315310.62124 1.53470536454e-24
5335330.66132 1.51233019622e-24
5355350.7014 1.4899550279e-24
5375370.74148 1.46757985957e-24
5395390.78156 1.44520469125e-24
5415410.82164 1.42282952293e-24
5435430.86172 1.40045435461e-24
5455450.9018 1.37807918629e-24
5475470.94188 1.35570401796e-24
5495490.98196 1.33332884964e-24
5515511.02204 1.31095368132e-24
5535531.06212 1.288578513e-24
5555551.1022 1.26620334468e-24
5575571.14228 1.24382817635e-24
5595591.18236 1.22145300803e-24
5615611.22244 1.19907783971e-24
5635631.26253 1.18347440614e-24
5655651.30261 1.17219518506e-24
5675671.34269 1.16091596398e-24
5695691.38277 1.1496367429e-24
5715711.42285 1.13835752181e-24
5735731.46293 1.12707830073e-24
5755751.50301 1.11579907965e-24
5775771.54309 1.10451985857e-24
5795791.58317 1.09324063748e-24
5815811.62325 1.0819614164e-24
5835831.66333 1.07068219532e-24
5855851.70341 1.05940297424e-24
5875871.74349 1.04812375315e-24
5895891.78357 1.03684453207e-24
5915911.82365 1.02556531099e-24
5935931.86373 1.01428608991e-24
5955951.90381 1.00300686883e-24
5975971.94389 9.91727647743e-25
5995991.98397 9.80448426661e-25
6016012.02405 9.69169205578e-25
6036032.06413 9.57889984496e-25
6056052.10421 9.46610763413e-25
6076072.14429 9.35331542331e-25
6096092.18437 9.24052321249e-25
6116112.22445 9.12773100166e-25
6136132.26453 9.01493879084e-25
6156152.30461 8.90214658002e-25
6176172.34469 8.78935436919e-25
6196192.38477 8.67656215837e-25
6216212.42485 8.56376994755e-25
6236232.46493 8.45097773672e-25
6256252.50501 8.3381855259e-25
6276272.54509 8.22539331507e-25
6296292.58517 8.11260110425e-25
6316312.62525 8.01759458184e-25
6336332.66533 7.95763820136e-25
6356352.70541 7.89768182088e-25
6376372.74549 7.8377254404e-25
6396392.78557 7.77776905992e-25
6416412.82565 7.71781267945e-25
6436432.86573 7.65785629897e-25
6456452.90581 7.59789991849e-25
6476472.94589 7.53794353801e-25
6496492.98597 7.47798715753e-25
6516513.02605 7.41803077705e-25
6536533.06613 7.35807439658e-25
6556553.10621 7.2981180161e-25
6576573.14629 7.23816163562e-25
6596593.18637 7.17820525514e-25
6616613.22645 7.11824887466e-25
6636633.26653 7.05829249418e-25
6656653.30661 6.99833611371e-25
6676673.34669 6.93837973323e-25
6696693.38677 6.87842335275e-25
6716713.42685 6.81846697227e-25
6736733.46693 6.75851059179e-25
6756753.50701 6.69855421131e-25
6776773.54709 6.63859783084e-25
6796793.58717 6.57864145036e-25
6816813.62725 6.51868506988e-25
6836833.66733 6.4587286894e-25
6856853.70741 6.39877230892e-25
6876873.74749 6.33881592844e-25
6896893.78758 6.27885954797e-25
6916913.82766 6.21890316749e-25
6936933.86774 6.15894678701e-25
6956953.90782 6.09899040653e-25
6976973.9479 6.03903402605e-25
6996993.98798 5.97907764557e-25
7017014.02806 5.9191212651e-25
7037034.06814 5.85916488462e-25
7057054.10822 5.79920850414e-25
7077074.1483 5.73925212366e-25
7097094.18838 5.69833651558e-25
7117114.22846 5.6599944229e-25
7137134.26854 5.62165233022e-25
7157154.30862 5.58331023753e-25
7177174.3487 5.54496814485e-25
7197194.38878 5.50662605217e-25
7217214.42886 5.46828395949e-25
7237234.46894 5.42994186681e-25
7257254.50902 5.39159977413e-25
7277274.5491 5.35325768145e-25
7297294.58918 5.31491558877e-25
7317314.62926 5.27657349609e-25
7337334.66934 5.23823140341e-25
7357354.70942 5.19988931073e-25
7377374.7495 5.16154721805e-25
7397394.78958 5.12320512537e-25
7417414.82966 5.08486303269e-25
7437434.86974 5.04652094e-25
7457454.90982 5.00817884732e-25
7477474.9499 4.96983675464e-25
7497494.98998 4.93149466196e-25
7517515.03006 4.89315256928e-25
7537535.07014 4.8548104766e-25
7557555.11022 4.81646838392e-25
7577575.1503 4.77812629124e-25
7597595.19038 4.73978419856e-25
7617615.23046 4.70144210588e-25
7637635.27054 4.6631000132e-25
7657655.31062 4.62475792052e-25
7677675.3507 4.58641582784e-25
7697695.39078 4.54807373516e-25
7717715.43086 4.50973164247e-25
7737735.47094 4.47138954979e-25
7757755.51102 4.43304745711e-25
7777775.5511 4.39470536443e-25
7797795.59118 4.35636327175e-25
7817815.63126 4.31802117907e-25
7837835.67134 4.27967908639e-25
7857855.71142 4.24133699371e-25
7877875.7515 4.20299490103e-25
7897895.79158 4.16465280835e-25
7917915.83166 4.12631071567e-25
7937935.87174 4.08796862299e-25
7957955.91182 4.05873384333e-25
7977975.9519 4.03281741388e-25
7997995.99198 4.00690098443e-25
8018016.03206 3.98098455498e-25
8038036.07214 3.95506812553e-25
8058056.11222 3.92915169608e-25
8078076.1523 3.90323526663e-25
8098096.19238 3.87731883717e-25
8118116.23246 3.85140240772e-25
8138136.27255 3.82548597827e-25
8158156.31263 3.79956954882e-25
8178176.35271 3.77365311937e-25
8198196.39279 3.74773668992e-25
8218216.43287 3.72182026047e-25
8238236.47295 3.69590383101e-25
8258256.51303 3.66998740156e-25
8278276.55311 3.64407097211e-25
8298296.59319 3.61815454266e-25
8318316.63327 3.59223811321e-25
8338336.67335 3.56632168376e-25
8358356.71343 3.54040525431e-25
8378376.75351 3.51448882485e-25
8398396.79359 3.4885723954e-25
8418416.83367 3.46265596595e-25
8438436.87375 3.4367395365e-25
8458456.91383 3.41082310705e-25
8478476.95391 3.3849066776e-25
8498496.99399 3.35899024815e-25
8518517.03407 3.33307381869e-25
8538537.07415 3.30715738924e-25
8558557.11423 3.28124095979e-25
8578577.15431 3.25532453034e-25
8598597.19439 3.22940810089e-25
8618617.23447 3.20349167144e-25
8638637.27455 3.17757524199e-25
8658657.31463 3.15165881253e-25
8678677.35471 3.12574238308e-25
8698697.39479 3.09982595363e-25
8718717.43487 3.07390952418e-25
8738737.47495 3.04799309473e-25
8758757.51503 3.02207666528e-25
8778777.55511 2.99616023583e-25
8798797.59519 2.97024380637e-25
8818817.63527 2.94432737692e-25
8838837.67535 2.91841094747e-25
8858857.71543 2.89249451802e-25
8878877.75551 2.86657808857e-25
8898897.79559 2.84066165912e-25
8918917.83567 2.81848732744e-25
8938937.87575 2.80426122823e-25
8958957.91583 2.79003512902e-25
8978977.95591 2.77580902981e-25
8998997.99599 2.7615829306e-25
9019018.03607 2.74735683139e-25
9039038.07615 2.73313073218e-25
9059058.11623 2.71890463297e-25
9079078.15631 2.70467853376e-25
9099098.19639 2.69045243455e-25
9119118.23647 2.67622633534e-25
9139138.27655 2.66200023613e-25
9159158.31663 2.64777413692e-25
9179178.35671 2.63354803771e-25
9199198.39679 2.6193219385e-25
9219218.43687 2.60509583929e-25
9239238.47695 2.59086974008e-25
9259258.51703 2.57664364087e-25
9279278.55711 2.56241754166e-25
9299298.59719 2.54819144245e-25
9319318.63727 2.53396534324e-25
9339338.67735 2.51973924403e-25
9359358.71743 2.50551314482e-25
9379378.75752 2.49128704561e-25
9399398.7976 2.4770609464e-25
9419418.83768 2.46283484719e-25
9439438.87776 2.44860874798e-25
9459458.91784 2.43438264877e-25
9479478.95792 2.42015654956e-25
9499498.998 2.40593045035e-25
9519519.03808 2.39170435114e-25
9539539.07816 2.37747825193e-25
9559559.11824 2.36325215272e-25
9579579.15832 2.34902605351e-25
9599599.1984 2.3347999543e-25
9619619.23848 2.32057385509e-25
9639639.27856 2.30634775588e-25
9659659.31864 2.29212165667e-25
9679679.35872 2.27789555746e-25
9699699.3988 2.26366945825e-25
9719719.43888 2.24944335904e-25
9739739.47896 2.23521725983e-25
9759759.51904 2.22099116062e-25
9779779.55912 2.20676506141e-25
9799799.5992 2.1925389622e-25
9819819.63928 2.17831286299e-25
9839839.67936 2.16408676378e-25
9859859.71944 2.14986066457e-25
9879879.75952 2.13563456536e-25
9899899.7996 2.12140846615e-25
9919919.83968 2.10718236694e-25
9939939.87976 2.09295626773e-25
9959959.91984 2.07873016852e-25
9979979.95992 2.06450406931e-25
10000000.0 2.0502779701e-25
14677992.6762 1e-300
21544346.9003 1e-300
31622776.6017 1e-300
46415888.3361 1e-300
68129206.9058 1e-300
100000000.0 1e-300
146779926.762 1e-300
215443469.003 1e-300
316227766.017 1e-300
