600.0 3.833935137024986e-15
673.2110725811779 3.5691809933534485e-15
755.3552470765005 3.3109615010726814e-15
847.5225267736523 3.060285777078503e-15
950.9359154766685 2.816370408401451e-15
1066.9676460233536 2.5823781566630165e-15
1197.1573889813274 2.3590745778258795e-15
1343.232683141004 2.146807325917611e-15
1507.1318589057475 1.9457162061608166e-15
1691.0297587586729 1.755874797871158e-15
1897.3665961010274 1.5766299486943133e-15
2128.880335401452 1.4097031262052365e-15
2388.643023320984 1.2549727011631199e-15
2680.101552905778 1.1121875771499572e-15
3007.123401763635 9.810585471494826e-16
3374.0479511420945 8.612998184649761e-16
3785.7440668811582 7.515617461377484e-16
4247.674706304828 6.526750563185486e-16
4765.969408345688 5.639452349616978e-16
5347.505628802475 4.847661472231741e-16
6000.0 4.145541139644018e-16
6732.110725811781 3.527121790820068e-16
7553.552470765005 2.9827658700393173e-16
8475.225267736525 2.5114862431041354e-16
9509.359154766682 2.105712826452501e-16
10669.676460233537 1.7573359579402052e-16
11971.573889813279 1.4591984406935305e-16
13432.326831410039 1.2055343694301988e-16
15071.318589057477 9.894181496112673e-17
16910.297587586723 8.076362878376341e-17
18973.665961010276 6.555701546595812e-17
21288.80335401453 5.2895297477927964e-17
23886.43023320984 4.241070255242563e-17
26801.01552905778 3.37942027276339e-17
30071.234017636332 2.669362226432292e-17
33740.47951142094 2.0928451004292835e-17
37857.4406688116 1.6288896976094257e-17
42476.74706304828 1.258223011442344e-17
47659.69408345688 9.640468467334464e-18
53475.05628802473 7.321600827378108e-18
60000.0 5.494385641118133e-18
67321.10725811782 4.0829784628766174e-18
75535.52470765004 3.0012943256109123e-18
84752.25267736526 2.1803053500090407e-18
95093.5915476668 1.5645078946503382e-18
106696.76460233537 1.1090008715856806e-18
119715.73889813278 7.707761349161736e-19
134323.26831410037 5.270034003627604e-19
150713.1858905748 3.5414070442411775e-19
169102.97587586724 2.3326083736789104e-19
189736.65961010277 1.5022185200967528e-19
212888.03354014526 9.456516029393156e-20
238864.30233209833 5.754865517897989e-20
268010.15529057785 3.4062899956613834e-20
300712.34017636336 1.9474247145949997e-20
337404.7951142094 1.0834805395360643e-20
378574.40668811597 5.8146972924518896e-21
424767.47063048277 3.0156628784812867e-21
476596.9408345689 1.4619027127548055e-21
534750.5628802474 6.4014538092355225e-22
600000.0 3.385721976090239e-22
1203868.0515568182 1e-300
2415497.142598682 1e-300
4846566.3976688925 1e-300
9724377.409837324 1e-300
19511445.47497328 1e-300
39148676.41168862 1e-300
78549734.6546132 1e-300
157605860.01492405 1e-300
316227766.01683795 1e-300
