500.0 1.429177000261013e-14
561.0092271509816 1.2979710143246474e-14
629.4627058970838 1.1741532071655858e-14
706.268772311377 1.0580191053261316e-14
792.446596230557 9.489160850050576e-15
889.1397050194614 8.482591692379013e-15
997.6311574844394 7.5578932754478e-15
1119.36056928417 6.711956995440048e-15
1255.9432157547897 5.941297563835089e-15
1409.1914656322274 5.242161099595631e-15
1581.1388300841897 4.606897539525947e-15
1774.0669461678767 4.035189789367813e-15
1990.5358527674869 3.522666734797259e-15
2233.417960754815 3.0642967762262672e-15
2505.9361681363625 2.6553085119626643e-15
2811.7066259517455 2.291607844954125e-15
3154.7867224009656 1.9667369877200486e-15
3539.72892192069 1.6798467025743407e-15
3971.641173621407 1.4272314183499178e-15
4456.254690668729 1.206211369237578e-15
5000.0 1.0144241379813415e-15
5610.092271509818 8.494675288764592e-16
6294.627058970837 7.084540550066314e-16
7062.6877231137705 5.884660765713474e-16
7924.465962305568 4.863547991142679e-16
8891.397050194615 3.997104950540475e-16
9976.311574844398 3.2651032931518965e-16
11193.6056928417 2.6495028542271584e-16
12559.432157547897 2.1321033884833783e-16
14091.91465632227 1.7031041936493063e-16
15811.388300841896 1.3500326543177276e-16
17740.669461678775 1.0615936162931962e-16
19905.358527674867 8.276128281978505e-17
22334.17960754815 6.390593435911856e-17
25059.36168136361 4.8757848823479504e-17
28117.066259517454 3.6819157997309215e-17
31547.867224009664 2.750214001984453e-17
35397.289219206905 2.030907701262425e-17
39716.41173621407 1.481904095660601e-17
44562.546906687276 1.0678649186414328e-17
50000.0 7.576831543008011e-18
56100.922715098175 5.309132763412611e-18
62946.270589708365 3.670063256708222e-18
70626.87723113773 2.5015108508519346e-18
79244.65962305566 1.6806389137417281e-18
88913.97050194615 1.1126104446237577e-18
99763.11574844399 7.215627455397603e-19
111936.05692841698 4.6061599026815405e-19
125594.321575479 2.8896330558433336e-19
140919.1465632227 1.7802951717243357e-19
158113.88300841898 1.0778074739186228e-19
177406.69461678775 6.426042813426935e-20
199053.5852767486 3.781317950253405e-20
223341.79607548157 2.193725371433248e-20
250593.61681363612 1.2687510104563419e-20
281170.6625951745 7.34542928841683e-21
315478.6722400966 4.198912451264061e-21
353972.892192069 2.303981363146504e-21
397164.11736214074 1.135626341548805e-21
445625.4690668728 4.436789440146511e-22
500000.0 2.190835857753984e-22
1023753.8768734329 1e-300
2096144.000826768 1e-300
4291871.094662785 1e-300
8787639.344404101 1e-300
17992759.69479842 1e-300
36840314.98640387 1e-300
75430830.58513878 1e-300
154445210.4946379 1e-300
316227766.01683795 1e-300
