600.0 7.511672511965371e-15
673.2110725811779 6.788484122347485e-15
755.3552470765005 6.1144361152145685e-15
847.5225267736523 5.489284740037768e-15
950.9359154766685 4.910734162060113e-15
1066.9676460233536 4.3814030552641706e-15
1197.1573889813274 3.8994032884117276e-15
1343.232683141004 3.4624448075657254e-15
1507.1318589057475 3.0678705384732104e-15
1691.0297587586729 2.712732589141418e-15
1897.3665961010274 2.3927009680129113e-15
2128.880335401452 2.1064844404762324e-15
2388.643023320984 1.8512007021867126e-15
2680.101552905778 1.6239108704339406e-15
3007.123401763635 1.421880819392473e-15
3374.0479511420945 1.2427002551331939e-15
3785.7440668811582 1.0829842690905942e-15
4247.674706304828 9.411093550802642e-16
4765.969408345688 8.14936639419289e-16
5347.505628802475 7.026091021694705e-16
6000.0 6.02458778159686e-16
6732.110725811781 5.129788420284846e-16
7553.552470765005 4.320920831161467e-16
8475.225267736525 3.614888547340189e-16
9509.359154766682 3.017771907487309e-16
10669.676460233537 2.5166355410468846e-16
11971.573889813279 2.0938138651224385e-16
13432.326831410039 1.733749577611451e-16
15071.318589057477 1.42472829504381e-16
16910.297587586723 1.1628339648890817e-16
18973.665961010276 9.420763804322583e-17
21288.80335401453 7.57338397668084e-17
23886.43023320984 6.039026629462321e-17
26801.01552905778 4.77325596924103e-17
30071.234017636332 3.7300108770815367e-17
33740.47951142094 2.884043804847038e-17
37857.4406688116 2.2042828988312768e-17
42476.74706304828 1.6640004464925e-17
47659.69408345688 1.2394994264827441e-17
53475.05628802473 9.097901879287451e-18
60000.0 6.553530721647026e-18
67321.10725811782 4.6429588757036136e-18
75535.52470765004 3.234524135460314e-18
84752.25267736526 2.213924953985338e-18
95093.5915476668 1.4879666497172592e-18
106696.76460233537 9.824569499293565e-19
119715.73889813278 6.336970630037041e-19
134323.26831410037 4.006827857412404e-19
150713.1858905748 2.4816673081535664e-19
169102.97587586724 1.504461473233899e-19
189736.65961010277 8.929374469038571e-20
212888.03354014526 5.20032923311336e-20
238864.30233209833 2.953792752929404e-20
268010.15529057785 1.6453834796370806e-20
300712.34017636336 9.118357361717231e-21
337404.7951142094 5.0971495233081105e-21
378574.40668811597 3.001158639195996e-21
424767.47063048277 1.9116270366798482e-21
476596.9408345689 1.281129796661469e-21
534750.5628802474 8.589156036970896e-22
600000.0 6.406458320715431e-22
1203868.0515568182 1e-300
2415497.142598682 1e-300
4846566.3976688925 1e-300
9724377.409837324 1e-300
19511445.47497328 1e-300
39148676.41168862 1e-300
78549734.6546132 1e-300
157605860.01492405 1e-300
316227766.01683795 1e-300
