100124.35513497007 1.4239847767108153e-18
100329.77099844538 1.415121407039678e-18
100535.60829461717 1.4062398532141276e-18
100741.86788809985 1.397715017973954e-18
100948.5506452819 1.39158102540647e-18
101155.65743432843 1.3854344482947285e-18
101363.18912518721 1.3792752608201597e-18
101571.1465895891 1.3731034371112747e-18
101779.53070105503 1.3669189512434583e-18
101988.3423348964 1.3607217772389582e-18
102197.58236822214 1.3545118890666732e-18
102407.25167993936 1.348289260642135e-18
102617.35115075832 1.3420538658273634e-18
102827.88166319745 1.3358056784307114e-18
103038.84410158408 1.329544672206849e-18
103250.23935206149 1.3232708208565525e-18
103462.06830258973 1.3169840980266767e-18
103674.33184295057 1.3106844773100124e-18
103887.03086475261 1.3043719322451357e-18
104100.16626143188 1.298046436316384e-18
104313.73892825918 1.2917079629536432e-18
104527.74976234022 1.2853564855323414e-18
104742.19966262313 1.2789919773732291e-18
104957.08952989888 1.272614411742363e-18
105172.42026680653 1.2662237618509503e-18
105388.19277783837 1.2598200008551998e-18
105604.40796934057 1.2534031018562994e-18
105821.06674952047 1.2469730379001998e-18
106038.17002844704 1.2405297819776029e-18
106255.71871805801 1.2340733070237485e-18
106473.71373216082 1.2276035859183868e-18
106692.1559864376 1.2211205914856296e-18
106911.0463984505 1.2146242964937937e-18
107130.38588764232 1.2081146736553815e-18
107350.175375344 1.2015916956268587e-18
107570.41578477489 1.1950553350086445e-18
107791.10804105023 1.1885055643448937e-18
108012.25307118187 1.1819423561234714e-18
108233.85180408356 1.1753656827757986e-18
108455.90517057614 1.1687755166766964e-18
108678.41410338829 1.1621718301443633e-18
108901.37953716415 1.1555545954401538e-18
109124.802408464 1.1489237847685505e-18
109348.6836557696 1.1422793702770125e-18
109573.0242194894 1.135621324055816e-18
109797.82504195946 1.1289496181380317e-18
110023.0870674509 1.1222642244992979e-18
110248.81124217034 1.115565115057813e-18
110474.99851426743 1.1088522616741083e-18
110701.64983383573 1.1021256361510235e-18
110928.76615291793 1.0953852102335513e-18
111156.34842551146 1.0886309556086722e-18
111384.39760756896 1.081862843905337e-18
111612.91465700629 1.0750808466942333e-18
111841.90053370269 1.0682849354877786e-18
112071.3561995085 1.0614750817398917e-18
112301.2826182461 1.0546512568459635e-18
112531.68075571516 1.0478134321427039e-18
112762.55157969825 1.040961578907972e-18
112993.89605996157 1.0340956683607575e-18
113225.71516826277 1.0293287588713666e-18
113458.00987835173 1.024638658874698e-18
113690.7811659761 1.0199389366343868e-18
113924.03000888684 1.0152295724093486e-18
114157.75738683892 1.0105105464180351e-18
114391.96428159928 1.005781838838277e-18
114626.65167694724 1.0010434298072748e-18
114861.82055868222 9.962952994214413e-19
115097.47191462478 9.915374277363822e-19
115333.60673462212 9.867697947667863e-19
115570.22601055354 9.819923804863118e-19
115807.3307363315 9.772051648275675e-19
116044.92190790939 9.724081276819553e-19
116283.00052328204 9.676012488996595e-19
116521.5675824937 9.627845082894866e-19
116760.62408763886 9.579578856188476e-19
117000.1710428679 9.531213606136437e-19
117240.20945439281 9.48274912958154e-19
117480.74033048796 9.434185222950153e-19
117721.76468149826 9.385521682250602e-19
117963.28351983949 9.336758303073099e-19
118205.29786000648 9.287894880588087e-19
118447.80871857393 9.238931209546086e-19
118690.81711420215 9.189867084276514e-19
118934.32406764284 9.140702298686536e-19
119178.33060173983 9.09143664626091e-19
119422.83774143753 9.042069920060276e-19
119667.84651378152 8.992601912721056e-19
119913.3579479246 8.9430324164542e-19
120159.3730751323 8.893361223044092e-19
120405.89292878415 8.843588123848314e-19
120652.91854438152 8.793712909796018e-19
120900.4509595484 8.743735371387804e-19
121148.4912140395 8.693655298694074e-19
121397.04034974119 8.643472481354839e-19
121646.09941067745 8.593186708578518e-19
121895.66944301563 8.54279776914078e-19
122145.7514950674 8.492305451384358e-19
122396.34661729717 8.441709543217316e-19
122647.4558623225 8.391009832113013e-19
122899.08028492251 8.340206105108378e-19
123151.22094203877 8.28929814880373e-19
123403.87889278131 8.238285749361565e-19
123657.05519843462 8.187168692505367e-19
123910.75092245833 8.135946763519436e-19
124164.9671304961 8.084619747247113e-19
124419.70489037616 8.033187428090669e-19
124674.96527211767 7.981649590010025e-19
124930.74934793648 7.930006016521578e-19
125187.05819224619 7.878256490697994e-19
125443.89288166672 7.826400795166475e-19
125701.25449502471 7.774438712108671e-19
125959.14411336227 7.72237002325895e-19
126217.56281993774 7.670194509904187e-19
126476.51170023195 7.617911952882544e-19
126735.99184195424 7.565522132582235e-19
126996.00433504341 7.526612248600738e-19
127256.55027167649 7.491314331592083e-19
127517.63074626912 7.455943997117324e-19
127779.24685548437 7.420501096604115e-19
128041.39969823365 7.384985481175504e-19
128304.09037568288 7.349397001649112e-19
128567.31999125876 7.313735508536276e-19
128831.08965064966 7.278000852041927e-19
129095.40046181451 7.242192882063388e-19
129360.25353498317 7.206311448190327e-19
129625.64998266546 7.170356399703526e-19
129891.59091965198 7.134327585574777e-19
130158.07746302045 7.098224854466017e-19
130425.110732142 7.062048054728485e-19
130692.69184868218 7.025797034402573e-19
130960.82193660982 6.989471641216645e-19
131229.5021221981 6.95307172258686e-19
131498.7335340309 6.916597125616337e-19
131768.5173030092 6.880047697094302e-19
132038.85456235177 6.843423283495943e-19
132309.74644760467 6.806723730981172e-19
132581.1940966414 6.769948885394587e-19
132853.19864967212 6.733098592264221e-19
133125.76124924462 6.69617269680141e-19
133398.88304025072 6.659171043899929e-19
133672.5651699328 6.622093478135105e-19
133946.80878788466 6.584939843763706e-19
134221.61504606094 6.5477099847226645e-19
134496.9850987773 6.51040374462904e-19
134772.92010271992 6.4730209667787555e-19
135049.42121694633 6.435561494146453e-19
135326.48960289193 6.398025169384639e-19
135604.12642437674 6.360411834822763e-19
135882.33284760613 6.322721332467102e-19
136161.1100411804 6.284953503999497e-19
136440.45917609558 6.247108190777195e-19
136720.38142575018 6.209185233831993e-19
137000.87796595175 6.171184473869293e-19
137281.94997491786 6.13310575126801e-19
137563.5986332856 6.0949489060792685e-19
137845.825124112 6.056713778026346e-19
138128.63063288352 6.018400206503387e-19
138412.01634751706 5.980008030575269e-19
138695.98345836665 5.941537088976697e-19
138980.5331582302 5.902987220111287e-19
139265.66664235046 5.864358262051428e-19
139551.38510842464 5.825650052536994e-19
139837.6897566049 5.786862428975275e-19
140124.5817895079 5.747995228439671e-19
140412.0624122159 5.709048287669551e-19
140700.13283228347 5.670021443069345e-19
140988.7942597444 5.630914530707613e-19
141278.0479071126 5.5917273863169005e-19
141567.89498939196 5.55245984529243e-19
141858.33672407677 5.5131117426920365e-19
142149.37433116144 5.473682913234835e-19
142441.0090331416 5.442160967182691e-19
142733.24205502088 5.415636016555362e-19
143026.074624318 5.38905664714416e-19
143319.5079710677 5.362422747303221e-19
143613.54332783056 5.335734205157405e-19
143908.1819296942 5.308990908602211e-19
144203.42501428007 5.282192745303143e-19
144499.2738217506 5.2553396026950775e-19
144795.7295948101 5.22843136798217e-19
145092.7935787148 5.201467928136943e-19
145390.4670212734 5.174449169900251e-19
145688.75117285695 5.147374979780368e-19
145987.64728639994 5.120245244052883e-19
146287.15661740748 5.093059848760077e-19
146587.2804239622 5.0658186797102675e-19
146888.01996672543 5.038521622477715e-19
147189.37650894735 5.011168562401701e-19
147491.35131646736 4.983759384586489e-19
147793.94565772428 4.956293973900402e-19
148097.16080375752 4.928772214975731e-19
148400.99802821412 4.901193992208061e-19
148705.45860735595 4.87355918975565e-19
149010.54382006085 4.84586769153931e-19
149316.25494783281 4.818119381241487e-19
149622.59327480325 4.790314142306147e-19
149929.560087738 4.762451857938139e-19
150237.15667604472 4.7345324111025195e-19
150545.38433177397 4.706555684524464e-19
150854.24434962953 4.678521560688317e-19
151163.738026969 4.650429921837554e-19
151473.86666381403 4.622280649973836e-19
151784.6315628516 4.594073626856906e-19
152096.0340294413 4.565808734003924e-19
152408.0753716227 4.537485852688801e-19
152720.7569001163 4.509104863942098e-19
153034.07992833437 4.480665648550062e-19
153348.0457723812 4.452168087054596e-19
153662.65575106378 4.423612059752292e-19
153977.91118589274 4.394997446694325e-19
154293.8134010901 4.366324127685786e-19
154610.36372359644 4.337591982285002e-19
154927.56348307224 4.308800889803425e-19
155245.41401190846 4.279950729304679e-19
155563.9166452276 4.2510413796044403e-19
155883.07272089145 4.2220727192697707e-19
156202.8835795083 4.193044626618415e-19
156523.35056443457 4.1639569797187135e-19
156844.47502178495 4.134809656388617e-19
157166.25830043346 4.105602534195634e-19
157488.70175202403 4.0763354904558657e-19
157811.80673097164 4.047008402233883e-19
158135.57459447012 4.01762114634204e-19
158460.0067024995 3.9881735993397904e-19
158785.10441782745 3.958665637533564e-19
159110.86910602014 3.9290971369757857e-19
159437.3021354427 3.899467973464827e-19
159764.4048772702 3.87427689001588e-19
160092.17870548888 3.8548078168670075e-19
160420.62499690388 3.8352988008244937e-19
160749.74513114695 3.8157497599411263e-19
161079.54049067767 3.7961606121017245e-19
161410.0124607945 3.7765312750224862e-19
161741.16242963538 3.7568616662509513e-19
162072.99178818887 3.7371517031653356e-19
162405.50193029517 3.7174013029744737e-19
162738.6942526542 3.6976103827173427e-19
163072.57015483326 3.677778859262598e-19
163407.13103926848 3.6579066493084987e-19
163742.37831127577 3.6379936693822453e-19
164078.31337905227 3.6180398358399027e-19
164414.93765368417 3.598045064865929e-19
164752.25254915468 3.5780092724727127e-19
165090.25948234522 3.557932374500486e-19
165428.95987304687 3.537814286616658e-19
165768.35514396074 3.517654924315787e-19
166108.4467207096 3.4974542029188944e-19
166449.23603183887 3.477212037573395e-19
166790.72450882496 3.456928343252618e-19
167132.91358608293 3.4366030347553324e-19
167475.80470096815 3.416236026705668e-19
167819.39929378757 3.3958272335524355e-19
168163.6988078003 3.375376569569091e-19
168508.7046892292 3.354883948853049e-19
168854.41838726218 3.33434928532561e-19
169200.8413540603 3.3137724927314716e-19
169547.975044766 3.2931534846382517e-19
169895.82091750423 3.272492174436401e-19
170244.38043339434 3.2517884753385216e-19
170593.65505655107 3.231042300379285e-19
170943.64625409312 3.210253562414942e-19
171294.3554961512 3.1894221741228343e-19
171645.78425586925 3.1685480480013187e-19
171997.93400941644 3.1476310963690676e-19
172350.8062359876 3.1266712313650316e-19
172704.40241781512 3.1056683649477395e-19
173058.7240401702 3.0846224088952155e-19
173413.77259137123 3.063533274804489e-19
173769.5495627923 3.042400874091095e-19
174126.05644886414 3.021225117988998e-19
174483.2947470865 3.0000059175498757e-19
174841.26595802855 2.978743183643096e-19
175199.97158534077 2.957436826954987e-19
175559.4131357565 2.936086757988776e-19
175919.59211910027 2.9146928870640724e-19
176280.51004829636 2.8932551243163705e-19
176642.16843937 2.8717733796969715e-19
177004.5688114598 2.850247562972253e-19
177367.71268681786 2.828677583723652e-19
177731.60159082257 2.807063351346917e-19
178096.23705197935 2.785404775052053e-19
178461.62060192964 2.763701763862791e-19
178827.7537754594 2.7419542266160915e-19
179194.63811050035 2.7222129479791403e-19
179562.2751481425 2.708153300682018e-19
179930.6664326353 2.694064808509084e-19
180299.81351139638 2.6799474122820055e-19
180669.71793502028 2.665801052700956e-19
181040.38125727986 2.6516256703445623e-19
181411.8050351386 2.63742120566943e-19
181783.99082875135 2.623187599010114e-19
182156.94020147662 2.608924790578651e-19
182530.65471987834 2.5946327204644967e-19
182905.1359537341 2.580311328634198e-19
183280.3854760446 2.5659605549310473e-19
183656.40486303452 2.5515803390750375e-19
184033.19569416542 2.5371706206623724e-19
184410.75955213624 2.522731339165448e-19
184789.09802289604 2.508262433932365e-19
185168.2126956454 2.493763844186878e-19
185548.10516284528 2.479235509028051e-19
185928.77702022594 2.464677367429918e-19
186310.22986678855 2.450089358241426e-19
186692.46530481777 2.4354714201859494e-19
187075.48493988323 2.4208234918612345e-19
187459.2903808486 2.4061455117390525e-19
187843.88323988058 2.391437418164856e-19
188229.26513245027 2.376699149357724e-19
188615.43767734632 2.3619306434098686e-19
189002.4024966752 2.347131838286608e-19
189390.16121587463 2.332302671825872e-19
189778.71546371456 2.317443081738147e-19
190168.06687230663 2.302553005606126e-19
190558.21707711328 2.287632380884356e-19
190949.1677169492 2.2726811448991853e-19
191340.92043399427 2.257699234848261e-19
191733.4768737944 2.242686587800506e-19
192126.83868527474 2.227643140695609e-19
192521.00752074094 2.2125688303439775e-19
192915.9850358886 2.1974635934263773e-19
193311.7728898124 2.1823273664935773e-19
193708.37274500783 2.1671600859662956e-19
194105.78626738422 2.1519616881346885e-19
194504.01512626556 2.1367321091583265e-19
194903.06099440384 2.1214712850656819e-19
195302.92554798038 2.1061791517540752e-19
195703.61046661553 2.0908556449893146e-19
196105.11743337786 2.0755007004053294e-19
196507.44813478575 2.0601142535041202e-19
196910.60426082087 2.0446962396552412e-19
197314.58750492963 2.0292465940957397e-19
197719.39956403273 2.0137652519297976e-19
198125.04213853477 1.998252148128361e-19
198531.5169323256 1.9827072175290872e-19
198938.8256527941 1.9671303948358223e-19
199346.97001082872 1.9515216146185733e-19
199755.95172083128 1.935880811312986e-19
200165.7725007184 1.9202079192202886e-19
200576.4340719312 1.9045028725069205e-19
200987.938159445 1.88928566725185e-19
201400.28649177085 1.8793082699892255e-19
201813.48080096918 1.869310403024968e-19
202227.52282265073 1.8592920243633255e-19
202642.4142959904 1.849253091922309e-19
203058.15696372854 1.8391935635336527e-19
203474.75257218108 1.8291133969425802e-19
203892.20287124906 1.819012549807564e-19
204310.50961442039 1.8088909797002866e-19
204729.67455878376 1.7987486441053065e-19
205149.69946503025 1.7885855004200154e-19
205570.5860974631 1.7784015059544043e-19
205992.33622400774 1.7681966179308171e-19
206414.95161621345 1.757970793483917e-19
206838.43404926726 1.7477239896603436e-19
207262.78530199488 1.7374561634186944e-19
207688.00715687484 1.72716727162918e-19
208114.10140004 1.7168572710735898e-19
208541.06982128782 1.7065261184450435e-19
208968.91421409015 1.6961737703477512e-19
209397.63637559503 1.685800183296974e-19
209827.23810664078 1.6754053137186791e-19
210257.7212117571 1.6649891179495164e-19
210689.08749917927 1.654551552236475e-19
211121.33878084968 1.6440925727368413e-19
211554.47687242815 1.633612135517956e-19
211988.5035933022 1.62311019655696e-19
212423.4207665885 1.6125867117407635e-19
212859.2302191475 1.6020416368656897e-19
213295.9337815841 1.591474927637458e-19
213733.53328826258 1.580886539670827e-19
214172.03057730774 1.5702764284895598e-19
214611.4274906157 1.5596445495261693e-19
215051.7258738639 1.5489908581216716e-19
215492.92757651297 1.5383153095255453e-19
215935.03445182147 1.5276178588953726e-19
216378.04835684728 1.5168984612968e-19
216821.97115245843 1.5061570717032873e-19
217266.8047033433 1.495393644995853e-19
217712.55087801232 1.4846081359630347e-19
218159.2115488129 1.4738004993005295e-19
218606.78859193032 1.4629706896111715e-19
219055.2838874025 1.452118661404572e-19
219504.69931912186 1.4412443690970816e-19
219955.03677484582 1.4303477670115256e-19
220406.29814620735 1.419428809376958e-19
220858.48532871672 1.408487450328614e-19
221311.60022177684 1.3975236439075422e-19
221765.64472868358 1.386537344060594e-19
222220.6207566414 1.3755285046400455e-19
222676.53021676486 1.3644970794035647e-19
223133.37502408927 1.353443022013948e-19
223591.15709758172 1.3423662860388585e-19
224049.8783601425 1.3312668249507888e-19
224509.54073862062 1.3201445921266844e-19
224970.1461638156 1.3089995408479057e-19
225431.696570488 1.2978316242999677e-19
225894.19389737074 1.2905179652803172e-19
226357.6400871703 1.2835464620243175e-19
226822.03708658277 1.2765606559809436e-19
227287.38684629422 1.2695605178065202e-19
227753.6913209966 1.2625460180971132e-19
228220.95246938925 1.2555171273885063e-19
228689.17225419 1.2484738161560334e-19
229158.35264214626 1.241416054814414e-19
229628.4956040366 1.2343438137177263e-19
230099.60311468676 1.2272570631591684e-19
230571.67715297014 1.2201557733710517e-19
231044.71970182378 1.2130399145245569e-19
231518.7327482502 1.2059094567297105e-19
231993.7182833284 1.1987643700352177e-19
232469.6783022252 1.1916046244282903e-19
232946.61480419672 1.1844301898346264e-19
233424.52979260488 1.1772410361181628e-19
233903.4252749186 1.1700371330810532e-19
234383.30326272553 1.1628184504634981e-19
234864.16577174296 1.1555849579435725e-19
235346.01482182008 1.1483366251371996e-19
235828.8524369535 1.1410734215979112e-19
236312.68064528878 1.1337953168168305e-19
236797.50147913618 1.1265022802224303e-19
237283.31697497246 1.1191942811805082e-19
237770.12917345247 1.111871288994012e-19
238257.9401194207 1.1045332729028653e-19
238746.75186191293 1.0971802020839445e-19
239236.56645417248 1.0898120456508307e-19
239727.38595365145 1.0824287726537958e-19
240219.2124220269 1.0750303520795557e-19
240712.04792520253 1.0676167528512464e-19
241205.8945333206 1.0601879438282427e-19
241700.75432077344 1.0527438938059889e-19
242196.6293662053 1.0452845715159678e-19
242693.52175252882 1.0378099456254545e-19
243191.43356692613 1.0303199847374974e-19
243690.36690086525 1.0228146573906748e-19
244190.3238501023 1.0152939320590607e-19
244691.3065146929 1.0077577771520512e-19
245193.31699900428 1.0002061610141857e-19
245696.35741171686 9.926390519251202e-20
246200.42986584132 9.850564180993712e-20
246705.53647872052 9.774582276862899e-20
247211.679372041 9.698444487698837e-20
247718.8606718455 9.622150493686319e-20
248227.0825085343 9.54569997435465e-20
248736.3470168826 9.469092608575016e-20
249246.65633604117 9.392328074560408e-20
249758.01260955358 9.31540604986301e-20
250270.4179853581 9.238326211373936e-20
250783.87461579966 9.161088235321393e-20
251298.3846576421 9.083691797268886e-20
251813.95027206995 9.006136572114927e-20
252330.57362470563 8.928422234090425e-20
252848.2568856107 8.850548456758537e-20
253367.00222930277 8.795007514529648e-20
253886.81183475765 8.747198990732321e-20
254407.68788542162 8.699292382615999e-20
254929.63256922356 8.651287488949991e-20
255452.64807857695 8.60318410809112e-20
255976.73661039755 8.554982037982152e-20
256501.90036610502 8.506681076151594e-20
257028.14155163555 8.458281019712552e-20
257555.46237745427 8.40978166536161e-20
258083.86505855696 8.361182809378634e-20
258613.35181448795 8.312484247625151e-20
259143.92486934116 8.263685775544261e-20
259675.5864517774 8.214787188159006e-20
260208.3387950269 8.165788280072196e-20
260742.18413690152 8.116688845465228e-20
261277.12471980738 8.067488678096964e-20
261813.1627907469 8.018187571303527e-20
262350.30060133676 7.968785317996653e-20
262888.54040780873 7.91928171066361e-20
263427.8844710278 7.869676541365526e-20
263968.3350564943 7.819969601737234e-20
264509.8944343562 7.770160682986072e-20
265052.5648794222 7.720249575890726e-20
265596.348671164 7.67023607080103e-20
266141.248093734 7.620119957636315e-20
266687.26543596626 7.569901025885289e-20
267234.40299139527 7.519579064604392e-20
267782.66305825755 7.469153862417576e-20
268332.04793950473 7.41862520751515e-20
268882.55994281644 7.367992887652547e-20
269434.20138060243 7.31725669015019e-20
269986.974570021 7.266416401891731e-20
270540.88183298096 7.215471809323915e-20
271095.9254961549 7.164422698455364e-20
271652.10789099196 7.113268854855352e-20
272209.4313537202 7.06201006365364e-20
272767.89822536526 7.010646109538755e-20
273327.51085175097 6.959176776757895e-20
273888.27158351836 6.907601849115208e-20
274450.1827761278 6.855921109971604e-20
275013.2467898722 6.804134342243524e-20
275577.4659898899 6.752241328401751e-20
276142.84274616756 6.700241850471171e-20
276709.37943355815 6.648135690029079e-20
277277.07843178266 6.595922628205053e-20
277845.94212544896 6.543602445679222e-20
278415.9729040536 6.491174922682067e-20
278987.1731619953 6.438639838993204e-20
279559.545298589 6.385996973940108e-20
280133.0917180671 6.333246106397949e-20
280707.8148295994 6.280387014787817e-20
281283.7170472947 6.227419477076528e-20
281860.8007902149 6.174343270775368e-20
282439.06848238804 6.121158172938837e-20
283018.52255281084 6.067863960164481e-20
283599.16543546785 6.01446040859108e-20
284180.99956933287 5.97320924069823e-20
284764.02739838784 5.94123124277392e-20
285348.25137162546 5.909187638553852e-20
285933.6739430627 5.877078293439724e-20
286520.29757175496 5.844903072556914e-20
287108.12472179753 5.812661840754335e-20
287697.15786234627 5.780354462603369e-20
288287.3994676177 5.747980802397812e-20
288878.8520169092 5.715540724152782e-20
289471.5179946014 5.683034091604605e-20
290065.3998901717 5.650460768210055e-20
290660.50019820855 5.61782061714556e-20
291256.8214184135 5.585113501307119e-20
291854.36605562136 5.552339283309176e-20
292453.1366198011 5.519497825484576e-20
293053.13562607585 5.486588989883466e-20
293654.36559472524 5.453612638273175e-20
294256.8290511995 5.4205686321374223e-20
294860.5285261338 5.3874568326755535e-20
295465.46655535034 5.354277100802416e-20
296071.64567987854 5.321029297147243e-20
296679.0684459574 5.287713282053533e-20
297287.73740504996 5.254328915578261e-20
297897.65511385736 5.2208760574910975e-20
298508.82413432136 5.1873545672742806e-20
299121.2470336444 5.1537643041214965e-20
299734.92638429126 5.1201051269378173e-20
300349.8647640092 5.086376894338574e-20
300966.0647558302 5.0525794646492384e-20
301583.52894808573 5.0187126959046167e-20
302202.2599344212 4.9847764458480556e-20
302822.2603137982 4.9507705719313286e-20
303443.5326905153 4.916694931313466e-20
304066.07967420906 4.882549380860733e-20
304689.9038798751 4.848333777145458e-20
305315.00792787 4.814047976445925e-20
305941.3944439267 4.7796918347455473e-20
306569.06605916837 4.745265207732081e-20
307198.02541011164 4.71076795079747e-20
307828.27513868693 4.676199919036714e-20
308459.8178922413 4.641560967247727e-20
309092.656323553 4.6068509499305223e-20
309726.7930908465 4.572069721286412e-20
310362.2308577951 4.5372171352178407e-20
310998.97229354165 4.5022930453272606e-20
311637.0200727002 4.4672973049170414e-20
312276.376875377 4.432229766988308e-20
312917.0453871731 4.397090284240819e-20
313559.0282991992 4.361878709072116e-20
314202.32830809115 4.326594893576726e-20
314846.9481160119 4.2912386895460006e-20
315492.8904306735 4.255809948466945e-20
316140.1579653379 4.220308521522161e-20
316788.75343883876 4.184734259588653e-20
317438.6795755839 4.1490870132376884e-20
318089.93910557055 4.113366632733971e-20
318742.5347644006 4.083475927327125e-20
319396.46929328336 4.062640658819094e-20
320051.74543905695 4.0417626445208954e-20
320708.3659541899 4.020841796735032e-20
321366.33359680284 3.999878027583922e-20
322025.65113067126 3.97887124900982e-20
322686.3213252405 3.9578213727743175e-20
323348.3469556419 3.936728310457855e-20
324011.730802695 3.91559197345963e-20
324676.4756529295 3.8944122729969066e-20
325342.5842985885 3.8731891201049256e-20
326010.0595376433 3.851922425636401e-20
326678.9041738095 3.830612100261033e-20
327349.12101654976 3.809258054465413e-20
328020.7128810958 3.787860198552327e-20
328693.68258844985 3.7664184426406944e-20
329368.03296540695 3.744932696664874e-20
330043.7668445577 3.7234028703745683e-20
330720.8870643041 3.70182887333432e-20
331399.3964688752 3.680210614923013e-20
332079.29790833034 3.6585480043337736e-20
332760.59423858114 3.6368409505732646e-20
333443.2883213931 3.615089362461635e-20
334127.3830244084 3.5932931486317924e-20
334812.88122114836 3.571452217529332e-20
335499.78579102963 3.549566477412012e-20
336188.09961938055 3.527635836349238e-20
336877.82559744327 3.505660202221991e-20
337568.9666223974 3.483639482722078e-20
338261.52559736214 3.4615735853520623e-20
338955.50543141266 3.439462417424738e-20
339650.9090395969 3.417305886062608e-20
340347.7393429374 3.395103898197801e-20
341045.99926845526 3.3728563605713395e-20
341745.6917491711 3.3505631797330806e-20
342446.81972412847 3.328224262040989e-20
343149.3861383965 3.3058395136610427e-20
343853.39394308656 3.2834088405667107e-20
344558.84609536844 3.260932148538421e-20
345265.7455584737 3.238409343163481e-20
345974.0953017185 3.215840329835317e-20
346683.8983005056 3.193225013753445e-20
347395.1575363474 3.1705632999227045e-20
348107.8759968693 3.147855093153177e-20
348822.0566758258 3.1251002980596526e-20
349537.70257311803 3.10229881906109e-20
350254.81669479574 3.0794505603805415e-20
350973.4020530818 3.056555426044376e-20
351693.4616663746 3.033613319882195e-20
352414.99855926505 3.010624145526303e-20
353138.0157625537 2.987587806411158e-20
353862.51631325355 2.964504205773283e-20
354588.50325461384 2.941373246650497e-20
355315.97963612166 2.918194831881878e-20
356044.94851352624 2.894968864106981e-20
356775.41294884187 2.871695245765754e-20
357507.3760103645 2.8506007252845816e-20
358240.84077268967 2.837407773447597e-20
358975.810316715 2.824187754853607e-20
359712.28772966436 2.810940613972203e-20
360450.27610509 2.79766629515915e-20
361189.7785428965 2.784364742655953e-20
361930.79814934393 2.771035900589798e-20
362673.3380370652 2.757679712973245e-20
363417.4013250834 2.744296123703908e-20
364162.99113881495 2.730885076564407e-20
364910.1106100941 2.717446515221921e-20
365658.7628771746 2.703980383228162e-20
366408.95108475455 2.6904866240189258e-20
367160.6783839793 2.67696518091404e-20
367913.9479324591 2.6634159971170488e-20
368668.7628942869 2.649839015714889e-20
369425.12644004094 2.6362341796778437e-20
370183.04174681066 2.6226014318590852e-20
370942.5119981986 2.6089407149946247e-20
371703.54038433917 2.5952519717029883e-20
372466.13010191626 2.581535144484897e-20
373230.2843541656 2.567790175723217e-20
373996.0063509013 2.5540170076824946e-20
374763.2993085164 2.5402155825089372e-20
375532.16645000875 2.5263858422299474e-20
376302.6110049841 2.5125277287540742e-20
377074.6362096741 2.4986411838706852e-20
377848.24530695425 2.4847261492496422e-20
378623.44154634734 2.4707825664412435e-20
379400.2281840487 2.4568103768757634e-20
380178.60848292825 2.442809521863424e-20
380958.58571255597 2.428779942593928e-20
381740.1631492054 2.414721580136406e-20
382523.34407587117 2.4006343754390848e-20
383308.1317822885 2.386518269328959e-20
384094.5295649353 2.3723732025117324e-20
384882.5407270591 2.3581991155713485e-20
385672.1685786795 2.3439959489699384e-20
386463.4164366069 2.329763643047483e-20
387256.28762446134 2.3155021380214816e-20
388050.7854726753 2.3012113739868937e-20
388846.9133185202 2.286891290915667e-20
389644.6745061082 2.2725418286567058e-20
390444.0723864183 2.2581629269353955e-20
391245.11031729967 2.2437545253535478e-20
392047.79166349064 2.2293165633890608e-20
392852.11979663733 2.2148489803955773e-20
393658.09809529677 2.2003517156024345e-20
394465.72994496376 2.185824708114176e-20
395275.01873807266 2.171267896910528e-20
396085.9678740239 2.1566812208459124e-20
396898.5807591876 2.1420646186493855e-20
397712.8608069221 2.1274180289243076e-20
398528.8114375937 2.112741390147986e-20
399346.43607857946 2.0980346406716227e-20
400165.73816429445 2.083297718719828e-20
400986.72113619343 2.0688217776180777e-20
401809.38844279805 2.060510806892604e-20
402633.7435397001 2.052182785318458e-20
403459.789889581 2.0438376779140098e-20
404287.5309622311 2.0354754496258083e-20
405116.97023455275 2.0270960653285598e-20
405948.1111905883 2.0186994898248326e-20
406780.9573215227 2.0102856878450413e-20
407615.5121257039 2.0018546240472347e-20
408451.77910866163 1.993406263016908e-20
409289.7617831113 1.9849405692669657e-20
410129.4636689815 1.9764575072374376e-20
410970.88829341554 1.9679570412954678e-20
411814.0391908 1.9594391357350303e-20
412658.9199027675 1.9509037547768872e-20
413505.53397821664 1.942350862568406e-20
414353.88497333194 1.9337804231833407e-20
415203.9764515875 1.9251924006218078e-20
416055.8119837744 1.9165867588100007e-20
416909.3951480033 1.9079634616001698e-20
417764.7295297322 1.899322472770336e-20
418621.8187217703 1.8906637560242577e-20
419480.6663242975 1.8819872749912303e-20
420341.2759448851 1.8732929932258775e-20
421203.6511984991 1.8645808742081193e-20
422067.7957075283 1.8558508813428838e-20
422933.71310178866 1.8471029779600716e-20
423801.4070185427 1.83833712731435e-20
424670.88110252057 1.8295532925849463e-20
425542.13900592295 1.82075143687562e-20
426415.18438845035 1.8119315232143592e-20
427290.0209173046 1.8030935145533724e-20
428166.6522672182 1.7942373737687893e-20
429045.08212045755 1.7853630636606297e-20
429925.3141668435 1.776470546952593e-20
430807.35210377205 1.7675597862918512e-20
431691.1996362184 1.7586307442490108e-20
432576.8604767653 1.7496833833178184e-20
433464.33834560553 1.7407176659151437e-20
434353.63697057124 1.7317335543806786e-20
435244.7600871373 1.7227310109769058e-20
436137.7114384423 1.713709997888884e-20
437032.49477530963 1.704670477224038e-20
437929.11385625094 1.6956124110121214e-20
438827.57244749565 1.6865357612049178e-20
439727.8743229931 1.677440489676225e-20
440630.02326444245 1.6683265582215427e-20
441534.023061296 1.6591939285580493e-20
442439.87751078035 1.650042562324381e-20
443347.59041791834 1.640872421080414e-20
444257.1655955316 1.631683466307237e-20
445168.6068642716 1.6224756594068387e-20
446081.91805262276 1.6132489617020735e-20
446997.10299692425 1.604003334436447e-20
447914.1655413909 1.594738738773897e-20
448833.10953811766 1.5854551357987566e-20
449753.9388471093 1.5761524865154476e-20
450676.6573362828 1.571011273560482e-20
451601.26888149773 1.5664804842708115e-20
452527.77736656 1.5619403995805073e-20
453456.1866832434 1.5573910004190668e-20
454386.50073131174 1.5528322676768337e-20
455318.72341852245 1.5482641822049823e-20
456252.8586606571 1.5436867248153682e-20
457188.9103815239 1.5390998762805113e-20
458126.88251298835 1.534503617333452e-20
459066.778994977 1.5298979286677287e-20
460008.6037754999 1.52528279093727e-20
460952.36081067217 1.5206581847562863e-20
461898.05406471784 1.5160240906992548e-20
462845.68751000153 1.51138048930076e-20
463795.2651270322 1.506727361055478e-20
464746.79090448463 1.5020646864180717e-20
465700.2688392232 1.497392445803072e-20
466655.7029363042 1.4927106195848697e-20
467613.0972090085 1.4880191880975496e-20
468572.4556788431 1.4833181316348918e-20
469533.78237557295 1.4786074304502062e-20
470497.0813372251 1.4738870647563202e-20
471462.3566101107 1.4691570147254635e-20
472429.61224884837 1.4644172604891624e-20
473398.85231636727 1.4596677821382153e-20
474370.08088394004 1.454908559722538e-20
475343.30203118414 1.450139573251156e-20
476318.5198460944 1.44536080269204e-20
477295.7384250473 1.4405722279720938e-20
478274.9618728229 1.4357738289770392e-20
479256.19430262875 1.4309655855513004e-20
480239.43983610306 1.4261474774979922e-20
481224.7026033484 1.421319484578752e-20
482211.9867429323 1.416481586513734e-20
483201.296401921 1.411633762981451e-20
484192.63573588314 1.4067759936187504e-20
485186.00890891283 1.4019082580207026e-20
486181.42009365314 1.3970305357404867e-20
487178.8734713 1.3921428062893718e-20
488178.37323163537 1.3872450491365528e-20
489179.92357303103 1.3823372437091327e-20
490183.5287024721 1.3774193693920075e-20
491189.1928355811 1.3724914055277487e-20
492196.92019662075 1.3675533314165882e-20
493206.7150185287 1.3626051263162483e-20
494218.5815429191 1.3576467694419375e-20
495232.5240201159 1.3526782399661807e-20
496248.5467091572 1.3476995170188051e-20
497266.6538778188 1.3427105796868187e-20
498286.84980263835 1.3377114070142953e-20
499309.13876891957 1.3327019780023544e-20
500333.52507076564 1.3276822716089953e-20
501360.01301108155 1.3226522667490862e-20
502388.60690160835 1.3176119422941975e-20
503419.31106292695 1.3125612770725827e-20
504452.1298244824 1.3075002498690576e-20
505487.06752460817 1.3044955338853666e-20
506524.12851053005 1.3023855882086951e-20
507563.317138401 1.3002713137519494e-20
508604.6377733048 1.2981527016341763e-20
509648.0947892807 1.2960297429562033e-20
510693.692569348 1.2939024288005857e-20
511741.4355055097 1.2917707502316033e-20
512791.3279987883 1.289634698295185e-20
513843.3744592267 1.2874942640189057e-20
514897.57930592383 1.2853494384119167e-20
515953.94696703897 1.2832002124649358e-20
517012.4818798157 1.2810465771501973e-20
518073.1884906078 1.2788885234214015e-20
519136.0712548826 1.2767260422137062e-20
520201.13463725714 1.2745591244436542e-20
521268.3831114989 1.2723877610091702e-20
522337.821160563 1.2702119427894883e-20
523409.4532765948 1.2680316606451424e-20
524483.2839609564 1.2658469054179157e-20
525559.3177242508 1.26365766793079e-20
526637.5590863269 1.2614639389879378e-20
527718.0125763146 1.2592657093746448e-20
528800.6827326278 1.2570629698573122e-20
529885.5741029995 1.2548557111833794e-20
530972.691244487 1.2526439240813148e-20
532062.0387234959 1.2504275992605671e-20
533153.6211158079 1.24820672741151e-20
534247.4430065833 1.2459812992054362e-20
535343.5089903974 1.2437513052944804e-20
536441.8236712464 1.2415167363116142e-20
537542.3916625712 1.2392775828705902e-20
538645.2175872847 1.237033835565892e-20
539750.3060777751 1.2347854849727238e-20
540857.6617759435 1.2325325216469356e-20
541967.2893332052 1.2302749361250208e-20
543079.1934105279 1.228012718924039e-20
544193.3786784342 1.2257458605416074e-20
545309.8498170295 1.2234743514558487e-20
546428.6115160275 1.2211981821253367e-20
547549.6684747541 1.2189173429890879e-20
548673.0254021854 1.2166318244664857e-20
549798.68701695 1.2143416169572756e-20
550926.6580473656 1.2120467108414886e-20
552056.9432314442 1.2097470964794345e-20
553189.5473169183 1.2074427642116448e-20
554324.4750612673 1.2051337043588195e-20
555461.7312317225 1.2028199072218204e-20
556601.3206053046 1.2005013630815907e-20
557743.247968828 1.1981780621991488e-20
558887.5181189276 1.1958499948155312e-20
560034.1358620863 1.1935171511517409e-20
561183.1060146388 1.1911795214087346e-20
562334.4334028101 1.1888370957673478e-20
563488.1228627173 1.1864898643882905e-20
564644.1792404088 1.1841378174120651e-20
565802.6073918685 1.1817809449589632e-20
566963.4121830425 1.1798329925530501e-20
568126.5984898666 1.1782595949930917e-20
569292.1711982716 1.1766829694391288e-20
570460.135204221 1.1751031092685793e-20
571630.4954137139 1.1735200078452861e-20
572803.2567428236 1.1719336585194648e-20
573978.4241177028 1.1703440546276979e-20
575156.0024746098 1.1687511894928978e-20
576335.9967599381 1.1671550564242671e-20
577518.4119302194 1.1655556487172952e-20
578703.252952164 1.1639529596537038e-20
579890.5248026644 1.162346982501441e-20
581080.2324688241 1.1607377105146427e-20
582272.3809479852 1.1591251369335954e-20
583466.9752477327 1.1575092549847315e-20
584664.0203859351 1.155890057880572e-20
585863.5213907456 1.1542675388197266e-20
587065.4833006432 1.1526416909868378e-20
588269.9111644361 1.1510125075525763e-20
589476.8100412916 1.1493799816736004e-20
590686.1850007627 1.1477441064925197e-20
591898.041122794 1.1461048751378876e-20
593112.3834977616 1.1444622807241475e-20
594329.2172264756 1.142816316351629e-20
595548.5474202206 1.1411669751064938e-20
596770.3792007598 1.1395142500607276e-20
597994.7177003651 1.137858134272104e-20
599221.5680618444 1.1361986207841436e-20
600450.935438547 1.1345357026261077e-20
601682.8249944051 1.1328693728129437e-20
602917.241903935 1.1311996243452813e-20
604154.1913522787 1.1295264502093772e-20
605393.6785352092 1.1278498433771083e-20
606635.7086591589 1.1261697968059337e-20
607880.2869412494 1.1244863034388522e-20
609127.4186092957 1.1227993562043988e-20
610377.1089018482 1.1211089480165875e-20
611629.363068197 1.1194150717749037e-20
612884.1863684022 1.1177177203642663e-20
614141.5840733227 1.1160168866549864e-20
615401.5614646211 1.1143125635027616e-20
616664.1238348059 1.1126047437486172e-20
617929.2764872339 1.110893420218907e-20
619197.0247361521 1.1091785857252517e-20
620467.373906703 1.1074602330645357e-20
621740.3293349538 1.1057383550188642e-20
623015.8963679272 1.1040129443555258e-20
624294.0803636055 1.1022839938269824e-20
625574.8866909739 1.100551496170813e-20
626858.3207300222 1.0988154441097127e-20
628144.3878717878 1.0970758303514304e-20
629433.0935183614 1.0953326475887653e-20
630724.4430829163 1.093585888499526e-20
632018.4419897391 1.0918355457464866e-20
633315.0956742348 1.0900816119773842e-20
634614.40958297 1.0883240798248559e-20
635916.3891736775 1.0822431111126413e-20
637221.0399152878 1.068059115576786e-20
638528.3672879586 1.0538460200513285e-20
639838.376783081 1.0396037648345714e-20
641151.0739033221 1.0253322901022233e-20
642466.464162628 1.0110315359073665e-20
643784.5530862682 9.967014421799843e-21
645105.3462108398 9.823419487269025e-21
646428.8490842982 9.679529952314582e-21
647755.0672659896 9.535345212531539e-21
649084.0063266553 9.390864662276066e-21
650415.6718484757 9.246087694660648e-21
651750.0694250732 9.101013701553845e-21
653087.204661557 8.955642073575363e-21
654427.0831745274 8.809972200095624e-21
655769.7105921081 8.664003469232244e-21
657115.092553977 8.517735267846638e-21
658463.2347113726 8.371166981543473e-21
659814.1427271374 8.22429799466572e-21
661167.8222757216 8.077127690294457e-21
662524.2790432276 7.929655450243929e-21
663883.5187274154 7.781880655060952e-21
665245.5470377344 7.633802684021496e-21
666610.3696953565 7.48542091512715e-21
667977.9924331792 7.33673472510459e-21
669348.4209958734 7.187743489400598e-21
670721.6611398874 7.0384465821815e-21
672097.718633479 6.888843376329682e-21
673476.599256749 6.738933243440003e-21
674858.3088016456 6.588715553819304e-21
676242.8530720107 6.438189676481325e-21
677630.2378835822 6.2873549791464874e-21
679020.4690640412 6.136210828236806e-21
680413.5524530159 5.984756588875357e-21
681809.4939021158 5.832991624882689e-21
683208.2992749636 5.68091529877326e-21
684609.9744472004 5.5285269717548685e-21
686014.5253065339 5.375826003723541e-21
687421.9577527388 5.222811753263288e-21
688832.2776977059 5.0694835776409734e-21
690245.4910654458 4.915840832805714e-21
691661.6037921233 4.76188287338532e-21
693080.62182609 4.607609052682609e-21
694502.5511278904 4.4530187226748666e-21
695927.3976703082 4.298111234008653e-21
697355.1674383732 4.1428859359992505e-21
698785.8664293938 3.987342176626979e-21
700219.5006529908 3.8314793025335425e-21
701656.0761311036 3.6752966590214445e-21
703095.5988980369 3.51879359004879e-21
704538.0750004647 3.361969438228952e-21
705983.5104974775 3.2048235448253846e-21
707431.9114605879 3.0473552497510068e-21
708883.2839737654 2.8895638915644832e-21
710337.6341334697 2.7314488074665264e-21
711794.9680486564 2.573009333299311e-21
713255.291840826 2.4353193246364577e-21
714718.6116440265 2.3973833210956633e-21
716184.9336049019 2.359369487770883e-21
717654.2638826977 2.3212776649860386e-21
719126.6086492965 2.2831076927374562e-21
720601.9740892516 2.2448594106929633e-21
722080.3663997925 2.2065326581917645e-21
723561.7917908751 2.168127274243141e-21
725046.2564851842 2.129643097526386e-21
726533.7667181822 2.091079966389527e-21
728024.3287381158 2.052437718849171e-21
729517.9488060506 2.013716192589598e-21
731014.6331959064 1.974915224961851e-21
732514.3881944624 1.936034652983592e-21
734017.2201014083 1.8970743133377907e-21
735523.1352293487 1.858034042372593e-21
737032.1399038396 1.8189136761003937e-21
738544.2404634233 1.7797130501969186e-21
740059.4432596345 1.7404320000010708e-21
741577.754657051 1.701070360513623e-21
743099.1810332953 1.6616279663971526e-21
744623.7287790875 1.6221046519747096e-21
746151.4042982488 1.582500251229676e-21
747682.2140077394 1.5428145978048383e-21
749216.164337693 1.5030475250014386e-21
750753.2617314238 1.4631988657790427e-21
752293.512645477 1.4232684527541946e-21
753836.9235496318 1.3832561182003499e-21
755383.5009269536 1.3431616940465383e-21
756933.2512737988 1.3029850118772108e-21
758486.1810998518 1.2627259029312993e-21
760042.296928162 1.2223841981012616e-21
761601.6052951486 1.1819597279329349e-21
763164.1127506539 1.14145232262418e-21
764729.825857948 1.1008618120247376e-21
766298.7511937668 1.0601880256352616e-21
767870.8953483483 1.0194307926063635e-21
769446.2649254382 9.785899417384686e-22
771024.8665423436 9.376653014804391e-22
772606.7068299347 8.966566999295122e-22
774191.7924326984 8.555639648299154e-22
775780.1300087442 8.143869235727251e-22
777371.726229841 7.731254031948887e-22
778966.5877814555 7.317792303782574e-22
780564.7213627573 6.903482314494294e-22
782166.133686673 6.488322323783654e-22
783770.8314798888 6.072310587783106e-22
785378.8214829038 5.65544535904413e-22
786990.1104500369 5.237724886535549e-22
788604.7051494638 4.819147415633784e-22
790222.6123632557 4.399711188112985e-22
791843.838887385 3.9794144421433863e-22
793468.3915317797 3.558255412277379e-22
795096.2771203258 3.136232329448649e-22
796727.502490923 2.7133434209580586e-22
798362.0744954892 2.2895869104722023e-22
800000.0 1.8649610180132703e-22
1554660.4270332805 1e-300
3021211.304229127 1e-300
5871197.070488283 1e-300
11409647.181002323 1e-300
22172658.698395114 1e-300
43088693.80063765 1e-300
83735358.88050696 1e-300
162725060.99369273 1e-300
316227766.01683795 1e-300
