5000.0 1.0134253989833085e-17
5610.092271509815 9.093886495196671e-18
6294.627058970837 8.14818023278685e-18
7062.6877231137705 7.289149854521738e-18
7924.46596230557 6.506709431523556e-18
8891.397050194615 5.796247190728269e-18
9976.311574844394 5.15222647710864e-18
11193.6056928417 4.569498153390737e-18
12559.432157547897 4.043196951273433e-18
14091.914656322275 3.5686893798751255e-18
15811.388300841896 3.138984957658512e-18
17740.669461678768 2.753077187691391e-18
19905.358527674867 2.406989915834626e-18
22334.17960754815 2.097488954244343e-18
25059.36168136362 1.821678910035126e-18
28117.066259517454 1.5767825423005531e-18
31547.86722400965 1.358279061977874e-18
35397.289219206905 1.1655209308147268e-18
39716.41173621407 9.962280514135224e-19
44562.5469066873 8.481632994262531e-19
50000.0 7.192326157248078e-19
56100.922715098175 6.075193056140342e-19
62946.27058970838 5.1060621596036e-19
70626.8772311377 4.274430397917885e-19
79244.65962305566 3.564483902472834e-19
88913.97050194615 2.9601543214798626e-19
99763.11574844399 2.447297105934409e-19
111936.05692841699 2.0142820047092924e-19
125594.32157547897 1.6482255114696203e-19
140919.1465632227 1.341895295743809e-19
158113.88300841895 1.0868950040528605e-19
177406.69461678775 8.758709218480887e-20
199053.58527674866 7.021542642748853e-20
223341.7960754815 5.596870973036855e-20
250593.6168136361 4.429048751681535e-20
281170.66259517457 3.4841551501053164e-20
315478.67224009667 2.723550743513583e-20
353972.89219206903 2.1145514266035598e-20
397164.1173621407 1.6299643835515555e-20
445625.4690668728 1.247269968077821e-20
500000.0 9.451050126213177e-21
561009.2271509818 7.103221406355313e-21
629462.7058970836 5.292727587466953e-21
706268.7723113772 3.9070600786322195e-21
792446.5962305567 2.8564258842198482e-21
889139.7050194615 2.069496866917428e-21
997631.1574844399 1.4808220625570025e-21
1119360.5692841697 1.051446477549757e-21
1255943.2157547902 7.421439831499356e-22
1409191.465632227 5.2215464813752185e-22
1581138.8300841898 3.6767376966921316e-22
1774066.9461678774 2.6056171051131133e-22
1990535.852767486 1.8898564352089254e-22
2233417.960754816 1.4215463023651093e-22
2505936.168136361 1.1250861733636903e-22
