100981.660887 4.45028322848e-21
113303.287061 3.82067099678e-21
127128.379016 3.2761379342e-21
142640.387322 2.80495684421e-21
160045.146904 2.39865919559e-21
179573.608347 2.04880570431e-21
201484.902471 1.74798094843e-21
226069.778836 1.48962365999e-21
253654.463814 1.26791796116e-21
284604.989415 1.07763786934e-21
319332.05031 9.1478010509e-22
358296.453498 7.7553949571e-22
402015.232936 6.56642806156e-22
451068.510265 5.55179207858e-22
506107.192671 4.68527363958e-22
567861.610032 3.94444647082e-22
637151.205946 3.31220541068e-22
714895.411252 2.77272315653e-22
802125.84432 2.31268552429e-22
900000.0 1.92085385174e-22
1009816.60887 1.58770558036e-22
1133032.87061 1.30433702617e-22
1271283.79016 1.06756801304e-22
1426403.87322 8.71615003469e-23
1600451.46904 7.09599297277e-23
1795736.08347 5.75449618431e-23
2014849.02471 4.64489640031e-23
2260697.78836 3.72348055638e-23
2536544.63814 2.96543647294e-23
2846049.89415 2.34597555421e-23
3193320.5031 1.84222134431e-23
3582964.53498 1.43491933398e-23
4020152.32936 1.10839884643e-23
4510685.10265 8.47040645888e-24
5061071.92671 6.40660955907e-24
5678616.10032 4.79127459826e-24
6371512.05946 3.54036764232e-24
7148954.11252 2.58306381739e-24
8021258.4432 1.85956844729e-24
9000000.0 1.31546442216e-24
10098166.0887 9.17206096302e-25
11330328.7061 6.2956711383e-25
12712837.9016 4.2517350601e-25
14264038.7322 2.82580642704e-25
16004514.6904 1.85039125192e-25
17957360.8347 1.18942283988e-25
20148490.2471 7.54798727879e-26
22606977.8836 4.73476642468e-26
25365446.3814 2.93931194832e-26
28460498.9415 1.81234186161e-26
31933205.031 1.11940472152e-26
35829645.3498 6.98842947659e-27
40201523.2936 4.48306551837e-27
45106851.0265 2.98423097875e-27
50610719.2671 2.05999493733e-27
56786161.0032 1.47919704038e-27
63715120.5946 1.08256690793e-27
71489541.1252 7.82834280518e-28
80212584.432 5.29582797986e-28
90000000.0 3.51325350521e-28
103486150.106 1e-300
118993147.374 1e-300
136823807.897 1e-300
157326323.579 1e-300
180901061.527 1e-300
208008382.305 1e-300
239177629.716 1e-300
275017467.675 1e-300
316227766.017 1e-300
