0.0448807381721 3.25026275111e-20
0.0503570164718 3.54053299858e-20
0.0565015017849 4.13084075757e-20
0.0633957276984 4.90882093395e-20
0.0711311764016 5.6054575551e-20
0.0798104925988 6.66115907286e-20
0.0895488455427 7.60195425169e-20
0.10047545726 8.54971879759e-20
0.112735317251 1.01215871868e-19
0.126491106407 1.20192896064e-19
0.141925355693 1.38413541605e-19
0.159242868221 1.56542511356e-19
0.17867343686 1.76711540886e-19
0.200474893451 2.043868879e-19
0.224936530076 2.39229121256e-19
0.252382937792 2.74351415546e-19
0.283178313754 3.05072576793e-19
0.31773129389 3.46272334552e-19
0.356500375253 3.95089727289e-19
0.4 4.46942314583e-19
0.448807381721 5.06968761112e-19
0.503570164718 5.76785012132e-19
0.565015017849 6.53418685944e-19
0.633957276984 7.34635732897e-19
0.711311764016 8.24959289938e-19
0.798104925988 9.27200849484e-19
0.895488455427 1.03527756973e-18
1.0047545726 1.15253435701e-18
1.12735317251 1.28276740338e-18
1.26491106407 1.42570814368e-18
1.41925355693 1.58054103392e-18
1.59242868221 1.75311327412e-18
1.7867343686 1.94643952283e-18
2.00474893451 2.14708102342e-18
2.24936530076 2.36217140151e-18
2.52382937792 2.60238244413e-18
2.83178313754 2.85460931819e-18
3.1773129389 3.12299080373e-18
3.56500375253 3.40776483329e-18
4.0 3.71194709398e-18
4.48807381721 4.02922072204e-18
5.03570164718 4.36474976865e-18
5.65015017849 4.71069605435e-18
6.33957276984 5.06879224949e-18
7.11311764016 5.43911674147e-18
7.98104925988 5.80998885551e-18
8.95488455427 6.19143336016e-18
10.047545726 6.57877309419e-18
11.2735317251 6.96197272117e-18
12.6491106407 7.34585408742e-18
14.1925355693 7.7186174433e-18
15.9242868221 8.07329019366e-18
17.867343686 8.41115184597e-18
20.0474893451 8.7321532811e-18
22.4936530076 9.02773890896e-18
25.2382937792 9.29505935354e-18
28.3178313754 9.53256789254e-18
31.773129389 9.72865183104e-18
35.6500375253 9.88543686124e-18
40.0 1.00051704235e-17
44.8807381721 1.0078405349e-17
50.3570164718 1.0110815956e-17
56.5015017849 1.01028833e-17
63.3957276984 1.00471225992e-17
71.1311764016 9.94959647037e-18
79.8104925988 9.81030935073e-18
89.5488455427 9.62882856203e-18
100.47545726 9.41258739121e-18
112.735317251 9.16281207679e-18
126.491106407 8.87874405396e-18
141.925355693 8.5712275008e-18
159.242868221 8.24092238823e-18
178.67343686 7.88897323408e-18
200.474893451 7.52534637394e-18
224.936530076 7.15248956098e-18
252.382937792 6.76932357924e-18
283.178313754 6.38373925498e-18
317.73129389 5.99996296968e-18
356.500375253 5.61930045016e-18
400.0 5.24521670095e-18
448.807381721 4.88079989144e-18
503.570164718 4.52688944292e-18
565.015017849 4.18649207535e-18
633.957276984 3.86122240201e-18
711.311764016 3.55082749182e-18
798.104925988 3.25749037467e-18
895.488455427 2.98135718809e-18
1004.7545726 2.72125028022e-18
1127.35317251 2.47821012319e-18
1264.91106407 2.25188948321e-18
1419.25355693 2.04144318976e-18
1592.42868221 1.84711528116e-18
1786.7343686 1.66781244917e-18
2004.74893451 1.50254878345e-18
2249.36530076 1.3511154064e-18
2523.82937792 1.21252210329e-18
2831.78313754 1.08592210382e-18
3177.3129389 9.70754493046e-19
3565.00375253 8.66336213879e-19
4000.0 7.71606406638e-19
4488.07381721 6.85982074208e-19
5035.70164718 6.08801865355e-19
5650.15017849 5.39318759755e-19
6339.57276984 4.76943440106e-19
7113.11764016 4.21050571862e-19
7981.04925988 3.71069147098e-19
8954.88455427 3.26472470259e-19
10047.545726 2.86753283933e-19
11273.5317251 2.51411303195e-19
12649.1106407 2.20055666058e-19
14192.5355693 1.92280777839e-19
15924.2868221 1.6769858773e-19
17867.343686 1.46036734232e-19
20047.4893451 1.26967683132e-19
22493.6530076 1.10189243095e-19
25238.2937792 9.54749540847e-20
28317.8313754 8.25803110227e-20
31773.129389 7.12924816084e-20
35650.0375253 6.14511332002e-20
40000.0 5.28745676122e-20
44880.7381721 4.54164696322e-20
50357.0164718 3.89425458268e-20
56501.5017849 3.33331459367e-20
63395.7276984 2.84744907224e-20
71131.1764016 2.42835352914e-20
79810.4925988 2.06743551724e-20
89548.8455427 1.7568894209e-20
100475.45726 1.49035220119e-20
112735.317251 1.26225971628e-20
126491.106407 1.06671308018e-20
141925.355693 8.99646382169e-21
159242.868221 7.57300801239e-21
178673.43686 6.36204291788e-21
200474.893451 5.3356500376e-21
224936.530076 4.4666286205e-21
252382.937792 3.73125734396e-21
283178.313754 3.11098406961e-21
317731.29389 2.58908467301e-21
356500.375253 2.14983305839e-21
400000.0 1.7815916484e-21
448807.381721 1.47369823926e-21
503570.164718 1.21614946e-21
565015.017849 1.00163628403e-21
633957.276984 8.23190402343e-22
711311.764016 6.74981080351e-22
798104.925988 5.52189575645e-22
895488.455427 4.50784990991e-22
1004754.5726 3.66909504518e-22
1127353.17251 2.97981137031e-22
1264911.06407 2.41461659499e-22
1419253.55693 1.95047223713e-22
1592428.68221 1.57086257393e-22
1786734.3686 1.26127608307e-22
2004748.93451 1.00883007069e-22
2249365.30076 8.04069684833e-23
2523829.37792 6.38206769372e-23
2831783.13754 5.04194191745e-23
3177312.9389 3.96080457309e-23
3565003.75253 3.09345072336e-23
4000000.0 2.39928602538e-23
4488073.81721 1.84764869718e-23
5035701.64718 1.41200189636e-23
5650150.17849 1.06749588467e-23
6339572.76984 7.9872601488e-24
7113117.64016 5.91202595325e-24
7981049.25988 4.30970087154e-24
8954884.55427 3.089416108e-24
10047545.726 2.17505168842e-24
11273531.7251 1.49770735855e-24
12649110.6407 1.00873874152e-24
14192535.5693 6.6131523403e-25
15924286.8221 4.18965980361e-25
17867343.686 2.55972291263e-25
20047489.3451 1.50659331537e-25
22493653.0076 8.4410410182e-26
25238293.7792 4.56905566724e-26
28317831.3754 2.41860165196e-26
31773129.389 1.31265169604e-26
35650037.5253 7.53443838968e-27
40000000.0 4.93297891e-27
50330483.6082 1e-300
63328939.5059 1e-300
79684403.7932 1e-300
100263864.474 1e-300
126158219.685 1e-300
158740105.197 1e-300
199736656.564 1e-300
251321062.979 1e-300
316227766.017 1e-300
