106696.764602 8.09547478511e-21
119715.738898 6.91471925206e-21
134323.268314 5.89943570095e-21
150713.185891 5.02747985247e-21
169102.975876 4.27922311891e-21
189736.65961 3.63702780901e-21
212888.03354 3.08738285468e-21
238864.302332 2.61744579802e-21
268010.155291 2.21616947078e-21
300712.340176 1.87372982652e-21
337404.795114 1.58127985336e-21
378574.406688 1.3312506839e-21
424767.47063 1.1178693261e-21
476596.940835 9.3579406533e-22
534750.56288 7.80531364447e-22
600000.0 6.48288174962e-22
673211.072581 5.3585063337e-22
755355.247077 4.40213746332e-22
847522.526774 3.60304204402e-22
950935.915477 2.94170063671e-22
1066967.64602 2.39489762831e-22
1197157.38898 1.94214246221e-22
1343232.68314 1.5676525351e-22
1507131.85891 1.25667468778e-22
1691029.75876 1.00083480962e-22
1897366.5961 7.91766749547e-23
2128880.3354 6.21749703705e-23
2388643.02332 4.84285275219e-23
2680101.55291 3.74084610671e-23
3007123.40176 2.85876217987e-23
3374047.95114 2.16223072618e-23
3785744.06688 1.61705517691e-23
4247674.7063 1.19487407928e-23
4765969.40835 8.71784038369e-24
5347505.6288 6.27604350961e-24
6000000.0 4.4396924248e-24
6732110.72581 3.09557057502e-24
7553552.47077 2.12478900918e-24
8475225.26774 1.43496058278e-24
9509359.15477 9.53709669125e-25
10669676.4602 6.24507047523e-25
11971573.8898 4.01430208459e-25
13432326.8314 2.54744570659e-25
15071318.5891 1.59798366833e-25
16910297.5876 9.92017782558e-26
18973665.961 6.11665378294e-26
21288803.354 3.77799093515e-26
23886430.2332 2.35859494835e-26
26801015.5291 1.51303461245e-26
30071234.0176 1.00717795533e-26
33740479.5114 6.9524829135e-27
37857440.6688 4.99229001128e-27
42476747.063 3.65366331425e-27
47659694.0835 2.64206569675e-27
53475056.288 1.7873419432e-27
60000000.0 1.18572305801e-27
72169993.637 1e-300
86808466.3595 1e-300
104416107.747 1e-300
125595163.862 1e-300
151070036.279 1e-300
181712059.283 1e-300
218569302.704 1e-300
262902419.757 1e-300
316227766.017 1e-300
