11094.2523472 2.2199415176e-20
25100.0754888 1.01882701096e-20
39105.8986304 6.65839710346e-21
53111.721772 4.97686818335e-21
67117.5449136 3.96441415272e-21
81123.3680552 3.30333613803e-21
95129.1911968 2.82919704882e-21
109135.014338 2.46867828917e-21
123140.83748 2.19236406893e-21
137146.660622 1.9747138263e-21
151152.483763 1.7957725304e-21
165158.306905 1.64517453685e-21
179164.130046 1.51503075205e-21
193169.953188 1.40617271578e-21
207175.776329 1.31407999564e-21
221181.599471 1.22896680089e-21
235187.422613 1.1592332371e-21
249193.245754 1.09056529512e-21
263199.068896 1.03578260784e-21
277204.892037 9.80999920548e-22
291210.715179 9.36058229909e-22
305216.538321 8.92270644999e-22
319222.361462 8.52501426475e-22
333228.184604 8.1731436803e-22
347234.007745 7.82127309584e-22
361239.830887 7.52406719602e-22
375245.654029 7.24575228627e-22
389251.47717 6.96743737651e-22
403257.300312 6.72727607253e-22
417263.123453 6.5045186539e-22
431268.946595 6.28176123527e-22
445274.769736 6.07046633351e-22
459280.592878 5.89224664725e-22
473286.41602 5.71402696099e-22
487292.239161 5.53580727474e-22
501298.062303 5.37193074206e-22
515303.885444 5.22873323308e-22
529309.708586 5.08553572409e-22
543315.531728 4.9423382151e-22
557321.354869 4.801922347e-22
571327.178011 4.6888885535e-22
585333.001152 4.57585475999e-22
599338.824294 4.46282096649e-22
613344.647436 4.34978717298e-22
627350.470577 4.24250463963e-22
641356.293719 4.15265226972e-22
655362.11686 4.06279989981e-22
669367.940002 3.97294752989e-22
683373.763143 3.88309515998e-22
697379.586285 3.79324279007e-22
711385.409427 3.71793922808e-22
725391.232568 3.64598415312e-22
739397.05571 3.57402907816e-22
753402.878851 3.5020740032e-22
767408.701993 3.43011892824e-22
781414.525135 3.35816385328e-22
795420.348276 3.29690175942e-22
809426.171418 3.23991196508e-22
823431.994559 3.18292217074e-22
837437.817701 3.12593237639e-22
851443.640843 3.06894258205e-22
865449.463984 3.0119527877e-22
879455.287126 2.95496299336e-22
893461.110267 2.90734335761e-22
907466.933409 2.8610989431e-22
921472.75655 2.81485452859e-22
935478.579692 2.76861011408e-22
949484.402834 2.72236569957e-22
963490.225975 2.67612128506e-22
977496.049117 2.62987687055e-22
991501.872258 2.58562239733e-22
1005507.6954 2.54960356897e-22
1019513.51854 2.51358474061e-22
1033519.34168 2.47756591225e-22
1047525.16482 2.44154708389e-22
1061530.98797 2.40552825553e-22
1075536.81111 2.36950942717e-22
1089542.63425 2.33349059881e-22
1103548.45739 2.29747177045e-22
1117554.28053 2.26563939179e-22
1131560.10367 2.23683354701e-22
1145565.92682 2.20802770224e-22
1159571.74996 2.17922185747e-22
1173577.5731 2.1504160127e-22
1187583.39624 2.12161016793e-22
1201589.21938 2.09280432316e-22
1215595.04252 2.06399847838e-22
1229600.86567 2.03519263361e-22
1243606.68881 2.00638678884e-22
1257612.51195 1.98257700341e-22
1271618.33509 1.95923065255e-22
1285624.15823 1.93588430169e-22
1299629.98137 1.91253795083e-22
1313635.80451 1.88919159997e-22
1327641.62766 1.86584524912e-22
1341647.4508 1.84249889826e-22
1355653.27394 1.8191525474e-22
1369659.09708 1.79580619654e-22
1383664.92022 1.77245984568e-22
1397670.74336 1.74945197877e-22
1411676.56651 1.73090821785e-22
1425682.38965 1.71236445693e-22
1439688.21279 1.693820696e-22
1453694.03593 1.67527693508e-22
1467699.85907 1.65673317415e-22
1481705.68221 1.63818941323e-22
1495711.50536 1.6196456523e-22
1509717.3285 1.60110189138e-22
1523723.15164 1.58255813045e-22
1537728.97478 1.56401436953e-22
1551734.79792 1.54547060861e-22
1565740.62106 1.52692684768e-22
1579746.44421 1.5120224183e-22
1593752.26735 1.49751071373e-22
1607758.09049 1.48299900916e-22
1621763.91363 1.46848730459e-22
1635769.73677 1.45397560002e-22
1649775.55991 1.43946389545e-22
1663781.38305 1.42495219088e-22
1677787.2062 1.41044048631e-22
1691793.02934 1.39592878174e-22
1705798.85248 1.38141707717e-22
1719804.67562 1.3669053726e-22
1733810.49876 1.35239366803e-22
1747816.3219 1.33788196346e-22
1761822.14505 1.32411707539e-22
1775827.96819 1.31259247708e-22
1789833.79133 1.30106787877e-22
1803839.61447 1.28954328047e-22
1817845.43761 1.27801868216e-22
1831851.26075 1.26649408386e-22
1845857.0839 1.25496948555e-22
1859862.90704 1.24344488725e-22
1873868.73018 1.23192028894e-22
1887874.55332 1.22039569063e-22
1901880.37646 1.20887109233e-22
1915886.1996 1.19734649402e-22
1929892.02274 1.18582189572e-22
1943897.84589 1.17429729741e-22
1957903.66903 1.1627726991e-22
1971909.49217 1.1512481008e-22
1985915.31531 1.14206839808e-22
1999921.13845 1.13306097076e-22
2013926.96159 1.12405354344e-22
2027932.78474 1.11504611612e-22
2041938.60788 1.1060386888e-22
2055944.43102 1.09703126148e-22
2069950.25416 1.08802383416e-22
2083956.0773 1.07901640684e-22
2097961.90044 1.07000897951e-22
2111967.72359 1.06100155219e-22
2125973.54673 1.05199412487e-22
2139979.36987 1.04298669755e-22
2153985.19301 1.03397927023e-22
2167991.01615 1.02497184291e-22
2181996.83929 1.01596441559e-22
2196002.66244 1.00695698827e-22
2210008.48558 9.97949560946e-23
2224014.30872 9.90397338605e-23
2238020.13186 9.83345904377e-23
2252025.955 9.76294470149e-23
2266031.77814 9.69243035921e-23
2280037.60128 9.62191601694e-23
2294043.42443 9.55140167466e-23
2308049.24757 9.48088733238e-23
2322055.07071 9.4103729901e-23
2336060.89385 9.33985864782e-23
2350066.71699 9.26934430555e-23
2364072.54013 9.19882996327e-23
2378078.36328 9.12831562099e-23
2392084.18642 9.05780127871e-23
2406090.00956 8.98728693643e-23
2420095.8327 8.91677259415e-23
2434101.65584 8.84625825188e-23
2448107.47898 8.7757439096e-23
2462113.30213 8.70522956732e-23
2476119.12527 8.63471522504e-23
2490124.94841 8.57101939888e-23
2504130.77155 8.51535431924e-23
2518136.59469 8.4596892396e-23
2532142.41783 8.40402415996e-23
2546148.24097 8.34835908032e-23
2560154.06412 8.29269400067e-23
2574159.88726 8.23702892103e-23
2588165.7104 8.18136384139e-23
2602171.53354 8.12569876175e-23
2616177.35668 8.07003368211e-23
2630183.17982 8.01436860246e-23
2644189.00297 7.95870352282e-23
2658194.82611 7.90303844318e-23
2672200.64925 7.84737336354e-23
2686206.47239 7.7917082839e-23
2700212.29553 7.73604320425e-23
2714218.11867 7.68037812461e-23
2728223.94182 7.62471304497e-23
2742229.76496 7.56904796533e-23
2756235.5881 7.51338288568e-23
2770241.41124 7.45771780604e-23
2784247.23438 7.4020527264e-23
2798253.05752 7.35607220999e-23
2812258.88066 7.31219900095e-23
2826264.70381 7.26832579192e-23
2840270.52695 7.22445258288e-23
2854276.35009 7.18057937385e-23
2868282.17323 7.13670616481e-23
2882287.99637 7.09283295578e-23
2896293.81951 7.04895974674e-23
2910299.64266 7.00508653771e-23
2924305.4658 6.96121332867e-23
2938311.28894 6.91734011964e-23
2952317.11208 6.8734669106e-23
2966322.93522 6.82959370157e-23
2980328.75836 6.78572049253e-23
2994334.58151 6.7418472835e-23
3008340.40465 6.69797407447e-23
3022346.22779 6.65410086543e-23
3036352.05093 6.6102276564e-23
3050357.87407 6.56635444736e-23
3064363.69721 6.52248123833e-23
3078369.52036 6.47860802929e-23
3092375.3435 6.43473482026e-23
3106381.16664 6.39086161122e-23
3120386.98978 6.34698840219e-23
3134392.81292 6.30832863909e-23
3148398.63606 6.27405345708e-23
3162404.4592 6.23977827506e-23
3176410.28235 6.20550309305e-23
3190416.10549 6.17122791104e-23
3204421.92863 6.13695272903e-23
3218427.75177 6.10267754702e-23
3232433.57491 6.068402365e-23
3246439.39805 6.03412718299e-23
3260445.2212 5.99985200098e-23
3274451.04434 5.96557681897e-23
3288456.86748 5.93130163695e-23
3302462.69062 5.89702645494e-23
3316468.51376 5.86275127293e-23
3330474.3369 5.82847609092e-23
3344480.16005 5.7942009089e-23
3358485.98319 5.75992572689e-23
3372491.80633 5.72565054488e-23
3386497.62947 5.69137536287e-23
3400503.45261 5.65710018085e-23
3414509.27575 5.62282499884e-23
3428515.09889 5.58854981683e-23
3442520.92204 5.55427463482e-23
3456526.74518 5.5199994528e-23
3470532.56832 5.48572427079e-23
3484538.39146 5.45144908878e-23
3498544.2146 5.41717390677e-23
3512550.03774 5.38529517535e-23
3526555.86089 5.3589372091e-23
3540561.68403 5.33257924285e-23
3554567.50717 5.3062212766e-23
3568573.33031 5.27986331035e-23
3582579.15345 5.25350534411e-23
3596584.97659 5.22714737786e-23
3610590.79974 5.20078941161e-23
3624596.62288 5.17443144536e-23
3638602.44602 5.14807347912e-23
3652608.26916 5.12171551287e-23
3666614.0923 5.09535754662e-23
3680619.91544 5.06899958037e-23
3694625.73859 5.04264161412e-23
3708631.56173 5.01628364788e-23
3722637.38487 4.98992568163e-23
3736643.20801 4.96356771538e-23
3750649.03115 4.93720974913e-23
3764654.85429 4.91085178289e-23
3778660.67743 4.88449381664e-23
3792666.50058 4.85813585039e-23
3806672.32372 4.83177788414e-23
3820678.14686 4.80541991789e-23
3834683.97 4.77906195165e-23
3848689.79314 4.7527039854e-23
3862695.61628 4.72634601915e-23
3876701.43943 4.6999880529e-23
3890707.26257 4.67363008665e-23
3904713.08571 4.64727212041e-23
3918718.90885 4.62091415416e-23
3932724.73199 4.59455618791e-23
3946730.55513 4.57274023128e-23
3960736.37828 4.55253378504e-23
3974742.20142 4.53232733881e-23
3988748.02456 4.51212089257e-23
4002753.8477 4.49191444633e-23
4016759.67084 4.47170800009e-23
4030765.49398 4.45150155385e-23
4044771.31712 4.43129510761e-23
4058777.14027 4.41108866137e-23
4072782.96341 4.39088221513e-23
4086788.78655 4.37067576889e-23
4100794.60969 4.35046932265e-23
4114800.43283 4.33026287641e-23
4128806.25597 4.31005643017e-23
4142812.07912 4.28984998393e-23
4156817.90226 4.26964353769e-23
4170823.7254 4.24943709145e-23
4184829.54854 4.22923064522e-23
4198835.37168 4.20902419898e-23
4212841.19482 4.18881775274e-23
4226847.01797 4.1686113065e-23
4240852.84111 4.14840486026e-23
4254858.66425 4.12819841402e-23
4268864.48739 4.10799196778e-23
4282870.31053 4.08778552154e-23
4296876.13367 4.0675790753e-23
4310881.95681 4.04737262906e-23
4324887.77996 4.02716618282e-23
4338893.6031 4.00695973658e-23
4352899.42624 3.98675329034e-23
4366905.24938 3.9665468441e-23
4380911.07252 3.94634039786e-23
4394916.89566 3.92613395163e-23
4408922.71881 3.90592750539e-23
4422928.54195 3.88791557104e-23
4436934.36509 3.87264493674e-23
4450940.18823 3.85737430243e-23
4464946.01137 3.84210366813e-23
4478951.83451 3.82683303383e-23
4492957.65766 3.81156239952e-23
4506963.4808 3.79629176522e-23
4520969.30394 3.78102113091e-23
4534975.12708 3.76575049661e-23
4548980.95022 3.75047986231e-23
4562986.77336 3.735209228e-23
4576992.59651 3.7199385937e-23
4590998.41965 3.70466795939e-23
4605004.24279 3.68939732509e-23
4619010.06593 3.67412669079e-23
4633015.88907 3.65885605648e-23
4647021.71221 3.64358542218e-23
4661027.53535 3.62831478788e-23
4675033.3585 3.61304415357e-23
4689039.18164 3.59777351927e-23
4703045.00478 3.58250288496e-23
4717050.82792 3.56723225066e-23
4731056.65106 3.55196161636e-23
4745062.4742 3.53669098205e-23
4759068.29735 3.52142034775e-23
4773074.12049 3.50614971345e-23
4787079.94363 3.49087907914e-23
4801085.76677 3.47560844484e-23
4815091.58991 3.46033781053e-23
4829097.41305 3.44506717623e-23
4843103.2362 3.42979654193e-23
4857109.05934 3.41452590762e-23
4871114.88248 3.39925527332e-23
4885120.70562 3.38398463901e-23
4899126.52876 3.36871400471e-23
4913132.3519 3.35344337041e-23
4927138.17504 3.3381727361e-23
4941143.99819 3.3229021018e-23
4955149.82133 3.3076314675e-23
4969155.64447 3.2960062727e-23
4983161.46761 3.28450784385e-23
4997167.29075 3.27300941501e-23
5011173.11389 3.26151098616e-23
5025178.93704 3.25001255732e-23
5039184.76018 3.23851412847e-23
5053190.58332 3.22701569962e-23
5067196.40646 3.21551727078e-23
5081202.2296 3.20401884193e-23
5095208.05274 3.19252041309e-23
5109213.87589 3.18102198424e-23
5123219.69903 3.1695235554e-23
5137225.52217 3.15802512655e-23
5151231.34531 3.14652669771e-23
5165237.16845 3.13502826886e-23
5179242.99159 3.12352984002e-23
5193248.81474 3.11203141117e-23
5207254.63788 3.10053298233e-23
5221260.46102 3.08903455348e-23
5235266.28416 3.07753612463e-23
5249272.1073 3.06603769579e-23
5263277.93044 3.05453926694e-23
5277283.75358 3.0430408381e-23
5291289.57673 3.03154240925e-23
5305295.39987 3.02004398041e-23
5319301.22301 3.00854555156e-23
5333307.04615 2.99704712272e-23
5347312.86929 2.98554869387e-23
5361318.69243 2.97405026503e-23
5375324.51558 2.96255183618e-23
5389330.33872 2.95105340734e-23
5403336.16186 2.93955497849e-23
5417341.985 2.92805654964e-23
5431347.80814 2.9165581208e-23
5445353.63128 2.90505969195e-23
5459359.45443 2.89356126311e-23
5473365.27757 2.88206283426e-23
5487371.10071 2.87056440542e-23
5501376.92385 2.85906597657e-23
5515382.74699 2.84756754773e-23
5529388.57013 2.83606911888e-23
5543394.39327 2.82457069004e-23
5557400.21642 2.81307226119e-23
5571406.03956 2.8038516602e-23
5585411.8627 2.79522518988e-23
5599417.68584 2.78659871956e-23
5613423.50898 2.77797224924e-23
5627429.33212 2.76934577893e-23
5641435.15527 2.76071930861e-23
5655440.97841 2.75209283829e-23
5669446.80155 2.74346636797e-23
5683452.62469 2.73483989766e-23
5697458.44783 2.72621342734e-23
5711464.27097 2.71758695702e-23
5725470.09412 2.7089604867e-23
5739475.91726 2.70033401639e-23
5753481.7404 2.69170754607e-23
5767487.56354 2.68308107575e-23
5781493.38668 2.67445460543e-23
5795499.20982 2.66582813511e-23
5809505.03296 2.6572016648e-23
5823510.85611 2.64857519448e-23
5837516.67925 2.63994872416e-23
5851522.50239 2.63132225384e-23
5865528.32553 2.62269578353e-23
5879534.14867 2.61406931321e-23
5893539.97181 2.60544284289e-23
5907545.79496 2.59681637257e-23
5921551.6181 2.58818990226e-23
5935557.44124 2.57956343194e-23
5949563.26438 2.57093696162e-23
5963569.08752 2.5623104913e-23
5977574.91066 2.55368402099e-23
5991580.73381 2.54505755067e-23
6005586.55695 2.53643108035e-23
6019592.38009 2.52780461003e-23
6033598.20323 2.51917813972e-23
6047604.02637 2.5105516694e-23
6061609.84951 2.50192519908e-23
6075615.67266 2.49329872876e-23
6089621.4958 2.48467225845e-23
6103627.31894 2.47604578813e-23
6117633.14208 2.46741931781e-23
6131638.96522 2.45879284749e-23
6145644.78836 2.45016637717e-23
6159650.6115 2.44153990686e-23
6173656.43465 2.43291343654e-23
6187662.25779 2.42428696622e-23
6201668.08093 2.4156604959e-23
6215673.90407 2.40703402559e-23
6229679.72721 2.39840755527e-23
6243685.55035 2.39070831336e-23
6257691.3735 2.38471658455e-23
6271697.19664 2.37872485573e-23
6285703.01978 2.37273312691e-23
6299708.84292 2.36674139809e-23
6313714.66606 2.36074966928e-23
6327720.4892 2.35475794046e-23
6341726.31235 2.34876621164e-23
6355732.13549 2.34277448283e-23
6369737.95863 2.33678275401e-23
6383743.78177 2.33079102519e-23
6397749.60491 2.32479929637e-23
6411755.42805 2.31880756756e-23
6425761.25119 2.31281583874e-23
6439767.07434 2.30682410992e-23
6453772.89748 2.3008323811e-23
6467778.72062 2.29484065229e-23
6481784.54376 2.28884892347e-23
6495790.3669 2.28285719465e-23
6509796.19004 2.27686546583e-23
6523802.01319 2.27087373702e-23
6537807.83633 2.2648820082e-23
6551813.65947 2.25889027938e-23
6565819.48261 2.25289855056e-23
6579825.30575 2.24690682175e-23
6593831.12889 2.24091509293e-23
6607836.95204 2.23492336411e-23
6621842.77518 2.22893163529e-23
6635848.59832 2.22293990648e-23
6649854.42146 2.21694817766e-23
6663860.2446 2.21095644884e-23
6677866.06774 2.20496472002e-23
6691871.89089 2.19897299121e-23
6705877.71403 2.19298126239e-23
6719883.53717 2.18698953357e-23
6733889.36031 2.18099780475e-23
6747895.18345 2.17500607594e-23
6761901.00659 2.16901434712e-23
6775906.82973 2.1630226183e-23
6789912.65288 2.15703088948e-23
6803918.47602 2.15103916067e-23
6817924.29916 2.14504743185e-23
6831930.1223 2.13905570303e-23
6845935.94544 2.13306397422e-23
6859941.76858 2.1270722454e-23
6873947.59173 2.12108051658e-23
6887953.41487 2.11508878776e-23
6901959.23801 2.10909705895e-23
6915965.06115 2.10310533013e-23
6929970.88429 2.09711360131e-23
6943976.70743 2.09112187249e-23
6957982.53058 2.08513014368e-23
6971988.35372 2.07913841486e-23
6985994.17686 2.07314668604e-23
7000000.0 2.06715495722e-23
10689958.9025 1e-300
16325031.6196 1e-300
24930559.585 1e-300
38072379.6256 1e-300
58141739.074 1e-300
88790400.1743 1e-300
135595104.114 1e-300
207072298.622 1e-300
316227766.017 1e-300
