11193.6056928 3.0094921149e-16
12173.1776253 2.62897206878e-16
13152.7495578 2.30416778913e-16
14132.3214903 2.01858051836e-16
15111.8934228 1.80145666668e-16
16091.4653552 1.59983502487e-16
17071.0372877 1.43693028695e-16
18050.6092202 1.28733475708e-16
19030.1811527 1.16649408579e-16
20009.7530852 1.04903539297e-16
20989.3250176 9.59929050327e-17
21968.8969501 8.70822707681e-17
22948.4688826 7.9663478814e-17
23928.0408151 7.31318000587e-17
24907.6127476 6.66001213033e-17
25887.18468 6.15910829716e-17
26866.7566125 5.68611611433e-17
27846.328545 5.21312393151e-17
28825.9004775 4.83707933004e-17
29805.4724099 4.49806365007e-17
30785.0443424 4.1590479701e-17
31764.6162749 3.84132690058e-17
32744.1882074 3.59854971681e-17
33723.7601399 3.35577253304e-17
34703.3320723 3.11299534928e-17
35682.9040048 2.89141050886e-17
36662.4759373 2.72131662361e-17
37642.0478698 2.55122273837e-17
38621.6198023 2.38112885312e-17
39601.1917347 2.21103496788e-17
40580.7636672 2.08709579151e-17
41560.3355997 1.9693091387e-17
42539.9075322 1.8515224859e-17
43519.4794647 1.7337358331e-17
44499.0513971 1.6159491803e-17
45478.6233296 1.53296020651e-17
46458.1952621 1.45238314543e-17
47437.7671946 1.37180608435e-17
48417.3391271 1.29122902326e-17
49396.9110595 1.21065196218e-17
50376.482992 1.14030815773e-17
51356.0549245 1.08635702979e-17
52335.626857 1.03240590185e-17
53315.1987895 9.78454773903e-18
54294.7707219 9.2450364596e-18
55274.3426544 8.70552518018e-18
56253.9145869 8.19463723753e-18
57233.4865194 7.83839463104e-18
58213.0584518 7.48215202456e-18
59192.6303843 7.12590941808e-18
60172.2023168 6.7696668116e-18
61151.7742493 6.41342420512e-18
62131.3461818 6.05718159864e-18
63110.9181142 5.72182022419e-18
64090.4900467 5.48981069602e-18
65070.0619792 5.25780116786e-18
66049.6339117 5.0257916397e-18
67029.2058442 4.79378211154e-18
68008.7777766 4.56177258337e-18
68988.3497091 4.32976305521e-18
69967.9216416 4.09775352705e-18
70947.4935741 3.89351454795e-18
71927.0655066 3.74635175643e-18
72906.637439 3.59918896491e-18
73886.2093715 3.45202617339e-18
74865.781304 3.30486338187e-18
75845.3532365 3.15770059035e-18
76824.925169 3.01053779883e-18
77804.4971014 2.86337500731e-18
78784.0690339 2.71621221579e-18
79763.6409664 2.59852579994e-18
80743.2128989 2.50699936348e-18
81722.7848313 2.41547292701e-18
82702.3567638 2.32394649055e-18
83681.9286963 2.23242005409e-18
84661.5006288 2.14089361762e-18
85641.0725613 2.04936718116e-18
86620.6444937 1.95784074469e-18
87600.2164262 1.86631430823e-18
88579.7883587 1.77478787176e-18
89559.3602912 1.7068018732e-18
90538.9322237 1.65100508823e-18
91518.5041561 1.59520830327e-18
92498.0760886 1.5394115183e-18
93477.6480211 1.48361473333e-18
94457.2199536 1.42781794836e-18
95436.7918861 1.37202116339e-18
96416.3638185 1.31622437842e-18
97395.935751 1.26042759346e-18
98375.5076835 1.20463080849e-18
99355.079616 1.14883402352e-18
100334.651548 1.10622443692e-18
101314.223481 1.07302957713e-18
102293.795413 1.03983471734e-18
103273.367346 1.00663985756e-18
104252.939278 9.73444997769e-19
105232.511211 9.40250137981e-19
106212.083143 9.07055278194e-19
107191.655076 8.73860418406e-19
108171.227008 8.40665558619e-19
109150.798941 8.07470698831e-19
110130.370873 7.74275839044e-19
111109.942806 7.41080979256e-19
112089.514738 7.10045564288e-19
113069.086671 6.90635154688e-19
114048.658603 6.71224745088e-19
115028.230536 6.51814335488e-19
116007.802468 6.32403925888e-19
116987.374401 6.12993516289e-19
117966.946333 5.93583106689e-19
118946.518266 5.74172697089e-19
119926.090198 5.54762287489e-19
120905.662131 5.35351877889e-19
121885.234063 5.15941468289e-19
122864.805995 4.96531058689e-19
123844.377928 4.77120649089e-19
124823.94986 4.57710239489e-19
125803.521793 4.40066670882e-19
126783.093725 4.28929425944e-19
127762.665658 4.17792181007e-19
128742.23759 4.06654936069e-19
129721.809523 3.95517691131e-19
130701.381455 3.84380446193e-19
131680.953388 3.73243201256e-19
132660.52532 3.62105956318e-19
133640.097253 3.5096871138e-19
134619.669185 3.39831466442e-19
135599.241118 3.28694221505e-19
136578.81305 3.17556976567e-19
137558.384983 3.06419731629e-19
138537.956915 2.95282486691e-19
139517.528848 2.84145241754e-19
140497.10078 2.73007996816e-19
141476.672713 2.64664754728e-19
142456.244645 2.58436565219e-19
143435.816578 2.52208375711e-19
144415.38851 2.45980186203e-19
145394.960443 2.39751996694e-19
146374.532375 2.33523807186e-19
147354.104307 2.27295617678e-19
148333.67624 2.21067428169e-19
149313.248172 2.14839238661e-19
150292.820105 2.08611049153e-19
151272.392037 2.02382859644e-19
152251.96397 1.96154670136e-19
153231.535902 1.89926480628e-19
154211.107835 1.83698291119e-19
155190.679767 1.77470101611e-19
156170.2517 1.71241912103e-19
157149.823632 1.65013722594e-19
158129.395565 1.58830510711e-19
159108.967497 1.55442524858e-19
160088.53943 1.52054539004e-19
161068.111362 1.48666553151e-19
162047.683295 1.45278567297e-19
163027.255227 1.41890581443e-19
164006.82716 1.3850259559e-19
164986.399092 1.35114609736e-19
165965.971025 1.31726623883e-19
166945.542957 1.28338638029e-19
167925.11489 1.24950652175e-19
168904.686822 1.21562666322e-19
169884.258754 1.18174680468e-19
170863.830687 1.14786694615e-19
171843.402619 1.11398708761e-19
172822.974552 1.08010722908e-19
173802.546484 1.04622737054e-19
174782.118417 1.012347512e-19
175761.690349 9.78467653469e-20
176741.262282 9.44587794933e-20
177720.834214 9.15766351966e-20
178700.406147 8.97659996525e-20
179679.978079 8.79553641084e-20
180659.550012 8.61447285643e-20
181639.121944 8.43340930202e-20
182618.693877 8.25234574761e-20
183598.265809 8.0712821932e-20
184577.837742 7.89021863879e-20
185557.409674 7.70915508437e-20
186536.981607 7.52809152996e-20
187516.553539 7.34702797555e-20
188496.125472 7.16596442114e-20
189475.697404 6.98490086673e-20
190455.269337 6.80383731232e-20
191434.841269 6.62277375791e-20
192414.413202 6.4417102035e-20
193393.985134 6.26064664909e-20
194373.557066 6.07958309468e-20
195353.128999 5.89851954027e-20
196332.700931 5.71745598586e-20
197312.272864 5.53639243145e-20
198291.844796 5.35532887704e-20
199271.416729 5.19382336698e-20
200250.988661 5.1007108918e-20
201230.560594 5.00759841662e-20
202210.132526 4.91448594144e-20
203189.704459 4.82137346626e-20
204169.276391 4.72826099108e-20
205148.848324 4.6351485159e-20
206128.420256 4.54203604072e-20
207107.992189 4.44892356554e-20
208087.564121 4.35581109036e-20
209067.136054 4.26269861518e-20
210046.707986 4.16958614e-20
211026.279919 4.07647366482e-20
212005.851851 3.98336118964e-20
212985.423784 3.89024871446e-20
213964.995716 3.79713623928e-20
214944.567649 3.7040237641e-20
215924.139581 3.61091128892e-20
216903.711513 3.51779881374e-20
217883.283446 3.42468633856e-20
218862.855378 3.33157386338e-20
219842.427311 3.2384613882e-20
220821.999243 3.14534891302e-20
221801.571176 3.05223643784e-20
222781.143108 2.95912396266e-20
223760.715041 2.88585214092e-20
224740.286973 2.83913371528e-20
225719.858906 2.79241528964e-20
226699.430838 2.745696864e-20
227679.002771 2.69897843835e-20
228658.574703 2.65226001271e-20
229638.146636 2.60554158707e-20
230617.718568 2.55882316143e-20
231597.290501 2.51210473579e-20
232576.862433 2.46538631015e-20
233556.434366 2.41866788451e-20
234536.006298 2.37194945887e-20
235515.578231 2.32523103323e-20
236495.150163 2.27851260759e-20
237474.722096 2.23179418195e-20
238454.294028 2.18507575631e-20
239433.865961 2.13835733067e-20
240413.437893 2.09163890503e-20
241393.009825 2.04492047938e-20
242372.581758 1.99820205374e-20
243352.15369 1.9514836281e-20
244331.725623 1.90476520246e-20
245311.297555 1.85804677682e-20
246290.869488 1.81132835118e-20
247270.44142 1.76460992554e-20
248250.013353 1.7178914999e-20
249229.585285 1.67117307426e-20
250209.157218 1.62445464862e-20
251188.72915 1.59240679298e-20
252168.301083 1.56983654531e-20
253147.873015 1.54726629763e-20
254127.444948 1.52469604995e-20
255107.01688 1.50212580228e-20
256086.588813 1.4795555546e-20
257066.160745 1.45698530692e-20
258045.732678 1.43441505924e-20
259025.30461 1.41184481157e-20
260004.876543 1.38927456389e-20
260984.448475 1.36670431621e-20
261964.020408 1.34413406853e-20
262943.59234 1.32156382086e-20
263923.164272 1.29899357318e-20
264902.736205 1.2764233255e-20
265882.308137 1.25385307782e-20
266861.88007 1.23128283015e-20
267841.452002 1.20871258247e-20
268821.023935 1.18614233479e-20
269800.595867 1.16357208711e-20
270780.1678 1.14100183944e-20
271759.739732 1.11843159176e-20
272739.311665 1.09586134408e-20
273718.883597 1.07329109641e-20
274698.45553 1.05072084873e-20
275678.027462 1.02815060105e-20
276657.599395 1.00558035337e-20
277637.171327 9.83010105696e-21
278616.74326 9.60439858018e-21
279596.315192 9.37869610341e-21
280575.887125 9.15299362664e-21
281555.459057 8.97368868654e-21
282535.03099 8.86609988584e-21
283514.602922 8.75851108514e-21
284494.174855 8.65092228444e-21
285473.746787 8.54333348374e-21
286453.31872 8.43574468305e-21
287432.890652 8.32815588235e-21
288412.462584 8.22056708165e-21
289392.034517 8.11297828095e-21
290371.606449 8.00538948025e-21
291351.178382 7.89780067955e-21
292330.750314 7.79021187886e-21
293310.322247 7.68262307816e-21
294289.894179 7.57503427746e-21
295269.466112 7.46744547676e-21
296249.038044 7.35985667606e-21
297228.609977 7.25226787536e-21
298208.181909 7.14467907467e-21
299187.753842 7.03709027397e-21
300167.325774 6.92950147327e-21
301146.897707 6.82191267257e-21
302126.469639 6.71432387187e-21
303106.041572 6.60673507117e-21
304085.613504 6.49914627048e-21
305065.185437 6.39155746978e-21
306044.757369 6.28396866908e-21
307024.329302 6.17637986838e-21
308003.901234 6.06879106768e-21
308983.473167 5.96120226698e-21
309963.045099 5.85361346629e-21
310942.617031 5.74602466559e-21
311922.188964 5.63843586489e-21
312901.760896 5.53084706419e-21
313881.332829 5.42325826349e-21
314860.904761 5.31566946279e-21
315840.476694 5.22909585528e-21
316820.048626 5.17840489865e-21
317799.620559 5.12771394202e-21
318779.192491 5.07702298539e-21
319758.764424 5.02633202877e-21
320738.336356 4.97564107214e-21
321717.908289 4.92495011551e-21
322697.480221 4.87425915888e-21
323677.052154 4.82356820225e-21
324656.624086 4.77287724563e-21
325636.196019 4.722186289e-21
326615.767951 4.67149533237e-21
327595.339884 4.62080437574e-21
328574.911816 4.57011341911e-21
329554.483749 4.51942246249e-21
330534.055681 4.46873150586e-21
331513.627614 4.41804054923e-21
332493.199546 4.3673495926e-21
333472.771479 4.31665863597e-21
334452.343411 4.26596767934e-21
335431.915343 4.21527672272e-21
336411.487276 4.16458576609e-21
337391.059208 4.11389480946e-21
338370.631141 4.06320385283e-21
339350.203073 4.0125128962e-21
340329.775006 3.96182193958e-21
341309.346938 3.91113098295e-21
342288.918871 3.86044002632e-21
343268.490803 3.80974906969e-21
344248.062736 3.75905811306e-21
345227.634668 3.70836715644e-21
346207.206601 3.65767619981e-21
347186.778533 3.60698524318e-21
348166.350466 3.55629428655e-21
349145.922398 3.50560332992e-21
350125.494331 3.4549123733e-21
351105.066263 3.40422141667e-21
352084.638196 3.35353046004e-21
353064.210128 3.30283950341e-21
354043.782061 3.25402952024e-21
355023.353993 3.22933027214e-21
356002.925926 3.20463102405e-21
356982.497858 3.17993177596e-21
357962.069791 3.15523252787e-21
358941.641723 3.13053327977e-21
359921.213655 3.10583403168e-21
360900.785588 3.08113478359e-21
361880.35752 3.05643553549e-21
362859.929453 3.0317362874e-21
363839.501385 3.00703703931e-21
364819.073318 2.98233779122e-21
365798.64525 2.95763854312e-21
366778.217183 2.93293929503e-21
367757.789115 2.90824004694e-21
368737.361048 2.88354079884e-21
369716.93298 2.85884155075e-21
370696.504913 2.83414230266e-21
371676.076845 2.80944305457e-21
372655.648778 2.78474380647e-21
373635.22071 2.76004455838e-21
374614.792643 2.73534531029e-21
375594.364575 2.7106460622e-21
376573.936508 2.6859468141e-21
377553.50844 2.66124756601e-21
378533.080373 2.63654831792e-21
379512.652305 2.61184906982e-21
380492.224238 2.58714982173e-21
381471.79617 2.56245057364e-21
382451.368102 2.53775132555e-21
383430.940035 2.51305207745e-21
384410.511967 2.48835282936e-21
385390.0839 2.46365358127e-21
386369.655832 2.43895433317e-21
387349.227765 2.41425508508e-21
388328.799697 2.38955583699e-21
389308.37163 2.3648565889e-21
390287.943562 2.3401573408e-21
391267.515495 2.31545809271e-21
392247.087427 2.29075884462e-21
393226.65936 2.26605959652e-21
394206.231292 2.24136034843e-21
395185.803225 2.21666110034e-21
396165.375157 2.19196185225e-21
397144.94709 2.16726260415e-21
398124.519022 2.15252319427e-21
399104.090955 2.13798258955e-21
400083.662887 2.12344198483e-21
401063.23482 2.10890138012e-21
402042.806752 2.0943607754e-21
403022.378685 2.07982017068e-21
404001.950617 2.06527956597e-21
404981.52255 2.05073896125e-21
405961.094482 2.03619835653e-21
406940.666414 2.02165775182e-21
407920.238347 2.0071171471e-21
408899.810279 1.99257654238e-21
409879.382212 1.97803593766e-21
410858.954144 1.96349533295e-21
411838.526077 1.94895472823e-21
412818.098009 1.93441412351e-21
413797.669942 1.9198735188e-21
414777.241874 1.90533291408e-21
415756.813807 1.89079230936e-21
416736.385739 1.87625170464e-21
417715.957672 1.86171109993e-21
418695.529604 1.84717049521e-21
419675.101537 1.83262989049e-21
420654.673469 1.81808928578e-21
421634.245402 1.80354868106e-21
422613.817334 1.78900807634e-21
423593.389267 1.77446747163e-21
424572.961199 1.75992686691e-21
425552.533132 1.74538626219e-21
426532.105064 1.73084565747e-21
427511.676997 1.71630505276e-21
428491.248929 1.70176444804e-21
429470.820861 1.68722384332e-21
430450.392794 1.67268323861e-21
431429.964726 1.65814263389e-21
432409.536659 1.64360202917e-21
433389.108591 1.62906142445e-21
434368.680524 1.61452081974e-21
435348.252456 1.59998021502e-21
436327.824389 1.5854396103e-21
437307.396321 1.57089900559e-21
438286.968254 1.55635840087e-21
439266.540186 1.54181779615e-21
440246.112119 1.52727719144e-21
441225.684051 1.51273658672e-21
442205.255984 1.498195982e-21
443184.827916 1.48365537728e-21
444164.399849 1.46911477257e-21
445143.971781 1.45457416785e-21
446123.543714 1.44354113467e-21
447103.115646 1.43589893093e-21
448082.687579 1.42825672719e-21
449062.259511 1.42061452345e-21
450041.831444 1.41297231972e-21
451021.403376 1.40533011598e-21
452000.975309 1.39768791224e-21
452980.547241 1.3900457085e-21
453960.119173 1.38240350476e-21
454939.691106 1.37476130102e-21
455919.263038 1.36711909728e-21
456898.834971 1.35947689354e-21
457878.406903 1.3518346898e-21
458857.978836 1.34419248606e-21
459837.550768 1.33655028232e-21
460817.122701 1.32890807858e-21
461796.694633 1.32126587485e-21
462776.266566 1.31362367111e-21
463755.838498 1.30598146737e-21
464735.410431 1.29833926363e-21
465714.982363 1.29069705989e-21
466694.554296 1.28305485615e-21
467674.126228 1.27541265241e-21
468653.698161 1.26777044867e-21
469633.270093 1.26012824493e-21
470612.842026 1.25248604119e-21
471592.413958 1.24484383745e-21
472571.985891 1.23720163372e-21
473551.557823 1.22955942998e-21
474531.129756 1.22191722624e-21
475510.701688 1.2142750225e-21
476490.27362 1.20663281876e-21
477469.845553 1.19899061502e-21
478449.417485 1.19134841128e-21
479428.989418 1.18370620754e-21
480408.56135 1.1760640038e-21
481388.133283 1.16842180006e-21
482367.705215 1.16077959632e-21
483347.277148 1.15313739258e-21
484326.84908 1.14549518885e-21
485306.421013 1.13785298511e-21
486285.992945 1.13021078137e-21
487265.564878 1.12256857763e-21
488245.13681 1.11492637389e-21
489224.708743 1.10728417015e-21
490204.280675 1.09964196641e-21
491183.852608 1.09199976267e-21
492163.42454 1.08435755893e-21
493142.996473 1.07671535519e-21
494122.568405 1.06907315145e-21
495102.140338 1.06143094771e-21
496081.71227 1.05378874398e-21
497061.284203 1.04614654024e-21
498040.856135 1.0385043365e-21
499020.428068 1.03086213276e-21
500000.0 1.02321992902e-21
1023753.87687 1e-300
2096144.00083 1e-300
4291871.09466 1e-300
8787639.3444 1e-300
17992759.6948 1e-300
36840314.9864 1e-300
75430830.5851 1e-300
154445210.495 1e-300
316227766.017 1e-300
