10071.4032944 1.82977159366e-18
11654.4265342 1.6034171772e-18
13237.4497741 1.42614733044e-18
14820.473014 1.28492875455e-18
16403.4962539 1.1675190031e-18
17986.5194938 1.06887127582e-18
19569.5427337 9.89733532989e-19
21152.5659736 9.21127319431e-19
22735.5892135 8.59208644941e-19
24318.6124534 8.08041515765e-19
25901.6356933 7.60459833631e-19
27484.6589332 7.18698919956e-19
29067.682173 6.80490650262e-19
30650.7054129 6.46968569104e-19
32233.7286528 6.15171153804e-19
33816.7518927 5.8873761122e-19
35399.7751326 5.62304068637e-19
36982.7983725 5.39871904123e-19
38565.8216124 5.18513450594e-19
40148.8448523 4.97296096667e-19
41731.8680922 4.80084289951e-19
43314.8913321 4.62872483235e-19
44897.914572 4.45660676518e-19
46480.9378118 4.31672125777e-19
48063.9610517 4.17876481684e-19
49646.9842916 4.04080837591e-19
51230.0075315 3.91654745729e-19
52813.0307714 3.80736690614e-19
54396.0540113 3.69818635499e-19
55979.0772512 3.58900580384e-19
57562.1004911 3.49157546631e-19
59145.123731 3.40247274708e-19
60728.1469709 3.31337002785e-19
62311.1702108 3.22426730862e-19
63894.1934506 3.13923347636e-19
65477.2166905 3.0686432629e-19
67060.2399304 2.99805304944e-19
68643.2631703 2.92746283598e-19
70226.2864102 2.85687262252e-19
71809.3096501 2.79030276849e-19
73392.33289 2.73221037514e-19
74975.3561299 2.67411798178e-19
76558.3793698 2.61602558842e-19
78141.4026097 2.55793319507e-19
79724.4258496 2.49984080171e-19
81307.4490895 2.45097804433e-19
82890.4723293 2.40406063925e-19
84473.4955692 2.35714323417e-19
86056.5188091 2.31022582909e-19
87639.542049 2.26330842401e-19
89222.5652889 2.21639101893e-19
90805.5885288 2.1761325461e-19
92388.6117687 2.13931103364e-19
93971.6350086 2.10248952118e-19
95554.6582485 2.06566800872e-19
97137.6814884 2.02884649626e-19
98720.7047283 1.9920249838e-19
100303.727968 1.95520347134e-19
101886.751208 1.92338963624e-19
103469.774448 1.89332786298e-19
105052.797688 1.86326608973e-19
106635.820928 1.83320431648e-19
108218.844168 1.80314254322e-19
109801.867407 1.77308076997e-19
111384.890647 1.74301899671e-19
112967.913887 1.71295722346e-19
114550.937127 1.68887206402e-19
116133.960367 1.6649223868e-19
117716.983607 1.64097270958e-19
119300.006847 1.61702303236e-19
120883.030087 1.59307335514e-19
122466.053327 1.56912367792e-19
124049.076567 1.5451740007e-19
125632.099806 1.52122432349e-19
127215.123046 1.49857758268e-19
128798.146286 1.47949629373e-19
130381.169526 1.46041500478e-19
131964.192766 1.44133371583e-19
133547.216006 1.42225242689e-19
135130.239246 1.40317113794e-19
136713.262486 1.38408984899e-19
138296.285726 1.36500856005e-19
139879.308965 1.3459272711e-19
141462.332205 1.32684598215e-19
143045.355445 1.30978845327e-19
144628.378685 1.29479866932e-19
146211.401925 1.27980888537e-19
147794.425165 1.26481910142e-19
149377.448405 1.24982931747e-19
150960.471645 1.23483953352e-19
152543.494885 1.21984974957e-19
154126.518124 1.20485996562e-19
155709.541364 1.18987018167e-19
157292.564604 1.17488039772e-19
158875.587844 1.15989061377e-19
160458.611084 1.14655192093e-19
162041.634324 1.13468252242e-19
163624.657564 1.1228131239e-19
165207.680804 1.11094372538e-19
166790.704044 1.09907432686e-19
168373.727283 1.08720492834e-19
169956.750523 1.07533552982e-19
171539.773763 1.0634661313e-19
173122.797003 1.05159673278e-19
174705.820243 1.03972733426e-19
176288.843483 1.02785793574e-19
177871.866723 1.01598853722e-19
179454.889963 1.00468311451e-19
181037.913203 9.95313127017e-20
182620.936442 9.85943139519e-20
184203.959682 9.76573152022e-20
185786.982922 9.67203164525e-20
187370.006162 9.57833177028e-20
188953.029402 9.48463189531e-20
190536.052642 9.39093202034e-20
192119.075882 9.29723214537e-20
193702.099122 9.2035322704e-20
195285.122362 9.10983239543e-20
196868.145602 9.01613252045e-20
198451.168841 8.92243264548e-20
200034.192081 8.82873277051e-20
201617.215321 8.7428346341e-20
203200.238561 8.66767043168e-20
204783.261801 8.59250622926e-20
206366.285041 8.51734202683e-20
207949.308281 8.44217782441e-20
209532.331521 8.36701362199e-20
211115.354761 8.29184941957e-20
212698.378 8.21668521714e-20
214281.40124 8.14152101472e-20
215864.42448 8.0663568123e-20
217447.44772 7.99119260987e-20
219030.47096 7.91602840745e-20
220613.4942 7.84086420503e-20
222196.51744 7.76570000261e-20
223779.54068 7.69053580018e-20
225362.56392 7.61537159776e-20
226945.587159 7.55509884692e-20
228528.610399 7.49591720083e-20
230111.633639 7.43673555473e-20
231694.656879 7.37755390863e-20
233277.680119 7.31837226253e-20
234860.703359 7.25919061643e-20
236443.726599 7.20000897033e-20
238026.749839 7.14082732424e-20
239609.773079 7.08164567814e-20
241192.796318 7.02246403204e-20
242775.819558 6.96328238594e-20
244358.842798 6.90410073984e-20
245941.866038 6.84491909375e-20
247524.889278 6.78573744765e-20
249107.912518 6.72655580155e-20
250690.935758 6.66737415545e-20
252273.958998 6.60819250935e-20
253856.982238 6.55590475913e-20
255440.005477 6.50919862611e-20
257023.028717 6.46249249308e-20
258606.051957 6.41578636005e-20
260189.075197 6.36908022703e-20
261772.098437 6.322374094e-20
263355.121677 6.27566796098e-20
264938.144917 6.22896182795e-20
266521.168157 6.18225569493e-20
268104.191397 6.1355495619e-20
269687.214636 6.08884342887e-20
271270.237876 6.04213729585e-20
272853.261116 5.99543116282e-20
274436.284356 5.9487250298e-20
276019.307596 5.90201889677e-20
277602.330836 5.85531276375e-20
279185.354076 5.80860663072e-20
280768.377316 5.7619004977e-20
282351.400556 5.71519436467e-20
283934.423796 5.66900669604e-20
285517.447035 5.63210485848e-20
287100.470275 5.59520302092e-20
288683.493515 5.55830118336e-20
290266.516755 5.5213993458e-20
291849.539995 5.48449750824e-20
293432.563235 5.44759567068e-20
295015.586475 5.41069383311e-20
296598.609715 5.37379199555e-20
298181.632955 5.33689015799e-20
299764.656194 5.29998832043e-20
301347.679434 5.26308648287e-20
302930.702674 5.22618464531e-20
304513.725914 5.18928280775e-20
306096.749154 5.15238097019e-20
307679.772394 5.11547913263e-20
309262.795634 5.07857729507e-20
310845.818874 5.04167545751e-20
312428.842114 5.00477361995e-20
314011.865353 4.96787178238e-20
315594.888593 4.93096994482e-20
317177.911833 4.89406810726e-20
318760.935073 4.85861485381e-20
320343.958313 4.8300456969e-20
321926.981553 4.80147653998e-20
323510.004793 4.77290738307e-20
325093.028033 4.74433822616e-20
326676.051273 4.71576906925e-20
328259.074512 4.68719991234e-20
329842.097752 4.65863075543e-20
331425.120992 4.63006159852e-20
333008.144232 4.6014924416e-20
334591.167472 4.57292328469e-20
336174.190712 4.54435412778e-20
337757.213952 4.51578497087e-20
339340.237192 4.48721581396e-20
340923.260432 4.45864665705e-20
342506.283671 4.43007750014e-20
344089.306911 4.40150834323e-20
345672.330151 4.37293918631e-20
347255.353391 4.3443700294e-20
348838.376631 4.31580087249e-20
350421.399871 4.28723171558e-20
352004.423111 4.25866255867e-20
353587.446351 4.23009340176e-20
355170.469591 4.20152424485e-20
356753.49283 4.17295508793e-20
358336.51607 4.14826880284e-20
359919.53931 4.12591065371e-20
361502.56255 4.10355250457e-20
363085.58579 4.08119435544e-20
364668.60903 4.0588362063e-20
366251.63227 4.03647805717e-20
367834.65551 4.01411990803e-20
369417.67875 3.9917617589e-20
371000.70199 3.96940360976e-20
372583.725229 3.94704546063e-20
374166.748469 3.92468731149e-20
375749.771709 3.90232916236e-20
377332.794949 3.87997101322e-20
378915.818189 3.85761286409e-20
380498.841429 3.83525471495e-20
382081.864669 3.81289656582e-20
383664.887909 3.79053841668e-20
385247.911149 3.76818026755e-20
386830.934388 3.74582211841e-20
388413.957628 3.72346396928e-20
389996.980868 3.70110582014e-20
391580.004108 3.67874767101e-20
393163.027348 3.65638952187e-20
394746.050588 3.63403137274e-20
396329.073828 3.6116732236e-20
397912.097068 3.58931507447e-20
399495.120308 3.56695692533e-20
401078.143547 3.5450219285e-20
402661.166787 3.52788251914e-20
404244.190027 3.51074310978e-20
405827.213267 3.49360370042e-20
407410.236507 3.47646429106e-20
408993.259747 3.4593248817e-20
410576.282987 3.44218547234e-20
412159.306227 3.42504606298e-20
413742.329467 3.40790665362e-20
415325.352706 3.39076724426e-20
416908.375946 3.3736278349e-20
418491.399186 3.35648842554e-20
420074.422426 3.33934901618e-20
421657.445666 3.32220960682e-20
423240.468906 3.30507019746e-20
424823.492146 3.2879307881e-20
426406.515386 3.27079137874e-20
427989.538626 3.25365196938e-20
429572.561865 3.23651256002e-20
431155.585105 3.21937315066e-20
432738.608345 3.2022337413e-20
434321.631585 3.18509433194e-20
435904.654825 3.16795492258e-20
437487.678065 3.15081551322e-20
439070.701305 3.13367610386e-20
440653.724545 3.1165366945e-20
442236.747785 3.09939728514e-20
443819.771025 3.08225787577e-20
445402.794264 3.06511846641e-20
446985.817504 3.04797905705e-20
448568.840744 3.03083964769e-20
450151.863984 3.01436687238e-20
451734.887224 3.00101255152e-20
453317.910464 2.98765823067e-20
454900.933704 2.97430390982e-20
456483.956944 2.96094958897e-20
458066.980184 2.94759526812e-20
459650.003423 2.93424094727e-20
461233.026663 2.92088662642e-20
462816.049903 2.90753230557e-20
464399.073143 2.89417798472e-20
465982.096383 2.88082366387e-20
467565.119623 2.86746934302e-20
469148.142863 2.85411502217e-20
470731.166103 2.84076070132e-20
472314.189343 2.82740638047e-20
473897.212582 2.81405205962e-20
475480.235822 2.80069773877e-20
477063.259062 2.78734341792e-20
478646.282302 2.77398909707e-20
480229.305542 2.76063477622e-20
481812.328782 2.74728045537e-20
483395.352022 2.73392613452e-20
484978.375262 2.72057181367e-20
486561.398502 2.70721749282e-20
488144.421741 2.69386317197e-20
489727.444981 2.68050885112e-20
491310.468221 2.66715453027e-20
492893.491461 2.65380020942e-20
494476.514701 2.64044588856e-20
496059.537941 2.62709156771e-20
497642.561181 2.61373724686e-20
499225.584421 2.60038292601e-20
500808.607661 2.58702860516e-20
502391.6309 2.57367428431e-20
503974.65414 2.56031996346e-20
505557.67738 2.54863084754e-20
507140.70062 2.53860571604e-20
508723.72386 2.52858058454e-20
510306.7471 2.51855545304e-20
511889.77034 2.50853032153e-20
513472.79358 2.49850519003e-20
515055.81682 2.48848005853e-20
516638.840059 2.47845492703e-20
518221.863299 2.46842979552e-20
519804.886539 2.45840466402e-20
521387.909779 2.44837953252e-20
522970.933019 2.43835440102e-20
524553.956259 2.42832926951e-20
526136.979499 2.41830413801e-20
527720.002739 2.40827900651e-20
529303.025979 2.39825387501e-20
530886.049219 2.3882287435e-20
532469.072458 2.378203612e-20
534052.095698 2.3681784805e-20
535635.118938 2.358153349e-20
537218.142178 2.34812821749e-20
538801.165418 2.33810308599e-20
540384.188658 2.32807795449e-20
541967.211898 2.31805282299e-20
543550.235138 2.30802769148e-20
545133.258378 2.29800255998e-20
546716.281617 2.28797742848e-20
548299.304857 2.27795229698e-20
549882.328097 2.26792716547e-20
551465.351337 2.25790203397e-20
553048.374577 2.24787690247e-20
554631.397817 2.23785177097e-20
556214.421057 2.22782663946e-20
557797.444297 2.21780150796e-20
559380.467537 2.20777637646e-20
560963.490776 2.19775124496e-20
562546.514016 2.18772611345e-20
564129.537256 2.17770098195e-20
565712.560496 2.16767585045e-20
567295.583736 2.1589300186e-20
568878.606976 2.1510617087e-20
570461.630216 2.1431933988e-20
572044.653456 2.1353250889e-20
573627.676696 2.127456779e-20
575210.699935 2.11958846911e-20
576793.723175 2.11172015921e-20
578376.746415 2.10385184931e-20
579959.769655 2.09598353941e-20
581542.792895 2.08811522951e-20
583125.816135 2.08024691961e-20
584708.839375 2.07237860971e-20
586291.862615 2.06451029982e-20
587874.885855 2.05664198992e-20
589457.909094 2.04877368002e-20
591040.932334 2.04090537012e-20
592623.955574 2.03303706022e-20
594206.978814 2.02516875032e-20
595790.002054 2.01730044042e-20
597373.025294 2.00943213053e-20
598956.048534 2.00156382063e-20
600539.071774 1.99369551073e-20
602122.095014 1.98582720083e-20
603705.118254 1.97795889093e-20
605288.141493 1.97009058103e-20
606871.164733 1.96222227114e-20
608454.187973 1.95435396124e-20
610037.211213 1.94648565134e-20
611620.234453 1.93861734144e-20
613203.257693 1.93074903154e-20
614786.280933 1.92288072164e-20
616369.304173 1.91501241174e-20
617952.327413 1.90714410185e-20
619535.350652 1.89927579195e-20
621118.373892 1.89140748205e-20
622701.397132 1.88353917215e-20
624284.420372 1.87567086225e-20
625867.443612 1.86780255235e-20
627450.466852 1.85993424246e-20
629033.490092 1.85206593256e-20
630616.513332 1.84419762266e-20
632199.536572 1.83632931276e-20
633782.559811 1.82846100286e-20
635365.583051 1.82059269296e-20
636948.606291 1.8143816575e-20
638531.629531 1.80827880605e-20
640114.652771 1.8021759546e-20
641697.676011 1.79607310315e-20
643280.699251 1.78997025171e-20
644863.722491 1.78386740026e-20
646446.745731 1.77776454881e-20
648029.76897 1.77166169736e-20
649612.79221 1.76555884592e-20
651195.81545 1.75945599447e-20
652778.83869 1.75335314302e-20
654361.86193 1.74725029157e-20
655944.88517 1.74114744013e-20
657527.90841 1.73504458868e-20
659110.93165 1.72894173723e-20
660693.95489 1.72283888578e-20
662276.978129 1.71673603434e-20
663860.001369 1.71063318289e-20
665443.024609 1.70453033144e-20
667026.047849 1.69842747999e-20
668609.071089 1.69232462855e-20
670192.094329 1.6862217771e-20
671775.117569 1.68011892565e-20
673358.140809 1.6740160742e-20
674941.164049 1.66791322276e-20
676524.187288 1.66181037131e-20
678107.210528 1.65570751986e-20
679690.233768 1.64960466841e-20
681273.257008 1.64350181697e-20
682856.280248 1.63739896552e-20
684439.303488 1.63129611407e-20
686022.326728 1.62519326262e-20
687605.349968 1.61909041118e-20
689188.373208 1.61298755973e-20
690771.396448 1.60688470828e-20
692354.419687 1.60078185683e-20
693937.442927 1.59467900539e-20
695520.466167 1.58857615394e-20
697103.489407 1.58247330249e-20
698686.512647 1.57637045104e-20
700269.535887 1.5702675996e-20
701852.559127 1.56416474815e-20
703435.582367 1.5580618967e-20
705018.605607 1.55195904525e-20
706601.628846 1.54585619381e-20
708184.652086 1.53975334236e-20
709767.675326 1.53365049091e-20
711350.698566 1.52754763946e-20
712933.721806 1.52144478802e-20
714516.745046 1.51714169965e-20
716099.768286 1.51291818662e-20
717682.791526 1.5086946736e-20
719265.814766 1.50447116057e-20
720848.838005 1.50024764754e-20
722431.861245 1.49602413452e-20
724014.884485 1.49180062149e-20
725597.907725 1.48757710846e-20
727180.930965 1.48335359544e-20
728763.954205 1.47913008241e-20
730346.977445 1.47490656938e-20
731930.000685 1.47068305636e-20
733513.023925 1.46645954333e-20
735096.047164 1.4622360303e-20
736679.070404 1.45801251728e-20
738262.093644 1.45378900425e-20
739845.116884 1.44956549122e-20
741428.140124 1.4453419782e-20
743011.163364 1.44111846517e-20
744594.186604 1.43689495214e-20
746177.209844 1.43267143912e-20
747760.233084 1.42844792609e-20
749343.256323 1.42422441306e-20
750926.279563 1.42000090004e-20
752509.302803 1.41577738701e-20
754092.326043 1.41155387398e-20
755675.349283 1.40733036096e-20
757258.372523 1.40310684793e-20
758841.395763 1.39888333491e-20
760424.419003 1.39465982188e-20
762007.442243 1.39043630885e-20
763590.465483 1.38621279583e-20
765173.488722 1.3819892828e-20
766756.511962 1.37776576977e-20
768339.535202 1.37354225675e-20
769922.558442 1.36931874372e-20
771505.581682 1.36509523069e-20
773088.604922 1.36087171767e-20
774671.628162 1.35664820464e-20
776254.651402 1.35242469161e-20
777837.674642 1.34820117859e-20
779420.697881 1.34397766556e-20
781003.721121 1.33975415253e-20
782586.744361 1.33553063951e-20
784169.767601 1.33130712648e-20
785752.790841 1.32708361345e-20
787335.814081 1.32286010043e-20
788918.837321 1.3186365874e-20
790501.860561 1.31441307437e-20
792084.883801 1.31018956135e-20
793667.90704 1.30596604832e-20
795250.93028 1.30174253529e-20
796833.95352 1.29751902227e-20
798416.97676 1.29329550924e-20
800000.0 1.28907199622e-20
1554660.42703 1e-300
3021211.30423 1e-300
5871197.07049 1e-300
11409647.181 1e-300
22172658.6984 1e-300
43088693.8006 1e-300
83735358.8805 1e-300
162725060.994 1e-300
316227766.017 1e-300
