100140.54569345972 9.45447132498817e-19
100345.9947736039 9.304086758004807e-19
100551.86535459216 9.269152395374907e-19
100758.15830117866 9.234146361149672e-19
100964.87447989202 9.199068508287088e-19
101172.01475903793 9.163918689443594e-19
101379.5800087042 9.128696756973207e-19
101587.57110076347 9.093402562927084e-19
101795.98890887712 9.05803595905284e-19
102004.83430849895 9.022596796793949e-19
102214.10817687883 8.987084927289084e-19
102423.81139306663 8.951500201371497e-19
102633.94483791507 8.915842469568505e-19
102844.50939408461 8.880111582100661e-19
103055.50594604645 8.844307388881258e-19
103266.93538008629 8.808429739515687e-19
103478.79858430824 8.772478483300772e-19
103691.09644863855 8.736453469224127e-19
103903.8298648287 8.700354545963649e-19
104116.99972646032 8.664181561886679e-19
104330.60692894805 8.627934365049501e-19
104544.65236954363 8.59161280319667e-19
104759.1369473396 8.555216723760373e-19
104974.06156327302 8.518745973859787e-19
105189.42712012964 8.482200400300404e-19
105405.23452254664 8.445579849573523e-19
105621.48467701783 8.4088841678554045e-19
105838.1784918966 8.372113201006753e-19
106055.31687739992 8.335266794572037e-19
106272.9007456121 8.298344793778854e-19
106490.93101048902 8.26134704353722e-19
106709.40858786089 8.224273388439083e-19
106928.33439543756 8.187123672757445e-19
107147.70935281138 8.149897740445856e-19
107367.5343814614 8.112595435137715e-19
107587.81040475715 8.075216600145618e-19
107808.53834796279 8.037761078460674e-19
108029.71913824009 8.000228712751962e-19
108251.35370465365 7.962619345365694e-19
108473.44297817395 7.924932818324649e-19
108695.98789168139 7.88716897332752e-19
108918.98937997037 7.849327651748215e-19
109142.44837975304 7.811408694635211e-19
109366.36582966357 7.773411942710836e-19
109590.74267026117 7.735337236370761e-19
109815.57984403538 7.697184415683094e-19
110040.87829540913 7.658953320387866e-19
110266.63897074295 7.620643789896315e-19
110492.86281833888 7.582255663290218e-19
110719.5507884448 7.543788779321165e-19
110946.70383325742 7.50524297641005e-19
111174.32290692761 7.466618092646154e-19
111402.40896556363 7.427913965786618e-19
111630.96296723529 7.38913043325572e-19
111859.98587197794 7.350267332144203e-19
112089.47864179657 7.311324499208584e-19
112319.44224067006 7.272301770870423e-19
112549.8776345543 7.144374738555358e-19
112780.78579138764 7.116616972181497e-19
113012.16768109401 7.088802257769965e-19
113244.02427558729 7.060930478485748e-19
113476.35654877526 7.033001517254139e-19
113709.16547656411 7.005015256760204e-19
113942.45203686145 6.97697157944841e-19
114176.21720958187 6.94887036752196e-19
114410.46197665011 6.920711502942422e-19
114645.18732200551 6.892494867429185e-19
114880.394231606 6.864220342458979e-19
115116.08369343235 6.835887809265364e-19
115352.25669749244 6.807497148838217e-19
115588.91423582463 6.779048241923336e-19
115826.05730250326 6.750540969021766e-19
116063.68689364182 6.721975210389418e-19
116301.80400739747 6.693350846036546e-19
116540.40964397522 6.664667755727212e-19
116779.5048056323 6.63592581897879e-19
117019.09049668153 6.60712491506155e-19
117259.1677234968 6.57826492299798e-19
117499.73749451652 6.549345721562411e-19
117740.80082024803 6.520367189280455e-19
117982.35871327178 6.491329204428516e-19
118224.41218824593 6.46223164503323e-19
118466.96226190956 6.433074388871083e-19
118710.00995308842 6.403857313467727e-19
118953.5562826983 6.3745802960975625e-19
119197.6022737494 6.34524321378321e-19
119442.14895135092 6.315845943294985e-19
119687.19734271498 6.28638836115039e-19
119932.7484771615 6.256870343613561e-19
120178.80338612139 6.227291766694858e-19
120425.3631031424 6.197652506150179e-19
120672.42866389247 6.1679524374805495e-19
120920.00110616429 6.138191435931571e-19
121168.08146987973 6.108369376492907e-19
121416.67079709444 6.078486133897707e-19
121665.77013200113 6.048541582622217e-19
121915.38052093559 6.018535596885069e-19
122165.50301238005 5.98846805064687e-19
122416.13865696779 5.958338817609638e-19
122667.28850748755 5.92814777121629e-19
122918.953618888 5.897894784650087e-19
123171.13504828242 5.867579730834081e-19
123423.83385495208 5.837202482430712e-19
123677.05110035227 5.806762911841071e-19
123930.78784811571 5.776260891204508e-19
124185.04516405727 5.745696292398044e-19
124439.82411617844 5.715068987035845e-19
124695.1257746721 5.684378846468652e-19
124950.95121192599 5.653625741783352e-19
125207.3015025287 5.622809543802275e-19
125464.17772327323 5.591930123082746e-19
125721.58095316177 5.560987349916525e-19
125979.51227341009 5.529981094329277e-19
126237.97276745227 5.422774548319327e-19
126496.96352094547 5.400948419160584e-19
126756.4856217733 5.379077511354736e-19
127016.54016005214 5.357161733033559e-19
127277.12822813462 5.335200992140372e-19
127538.25092061433 5.313195196429634e-19
127799.90933433069 5.291144253466546e-19
128062.10456837354 5.269048070626658e-19
128324.83772408693 5.246906555095544e-19
128588.10990507515 5.224719613868299e-19
128851.92221720643 5.202487153749235e-19
129116.27576861778 5.180209081351454e-19
129381.17166971973 5.157885303096473e-19
129646.61103320109 5.135515725213798e-19
129912.5949740328 5.113100253740614e-19
130179.12460947398 5.090638794521282e-19
130446.20105907574 5.068131253206992e-19
130713.82544468608 5.045577535255381e-19
130981.99889045443 5.022977545930129e-19
131250.72252283673 5.000331190300536e-19
131519.99747060015 4.977638373241133e-19
131789.8248648268 4.954898999431352e-19
132060.2058389202 4.932112973355001e-19
132331.14152860892 4.909280199299946e-19
132602.63307195148 4.886400581357688e-19
132874.68160934138 4.863474023422967e-19
133147.28828351197 4.840500429193322e-19
133420.45423954018 4.817479702168793e-19
133694.18062485312 4.794411745651369e-19
133968.46858923158 4.771296462744674e-19
134243.31928481534 4.74813375635354e-19
134518.73386610788 4.724923529183593e-19
134794.71348998122 4.701665683740864e-19
135071.25931568124 4.67836012233132e-19
135348.37250483112 4.655006747060585e-19
135626.05422143824 4.631605459833365e-19
135904.30563189765 4.608156162353139e-19
136183.12790499753 4.584658756121715e-19
136462.52221192376 4.56111314243883e-19
136742.4897262655 4.537519222401695e-19
137023.0316240188 4.513876896904687e-19
137304.14908359302 4.490186066638785e-19
137585.84328581515 4.466446632091246e-19
137868.11541393457 4.442658493545173e-19
138150.96665362836 4.418821551079079e-19
138434.39819300635 4.394935704566462e-19
138718.41122261505 4.3710008536754695e-19
139003.0069354444 4.347016897868331e-19
139288.1865269316 4.3229837364010407e-19
139573.95119496636 4.2989012683229044e-19
139860.30213989606 4.2747693924761163e-19
140147.2405645307 4.250588007495334e-19
140434.76767414817 4.2263570118072326e-19
140722.88467649842 4.2020763036301686e-19
141011.59278181 4.1777457809736037e-19
141300.89320279405 4.1533653416377932e-19
141590.78715464976 4.0654403411937354e-19
141881.2758550695 4.0469854231226484e-19
142172.36052424405 4.0284926428058807e-19
142464.0423848667 4.0099619225650063e-19
142756.32266214013 3.9913931845621807e-19
143049.20258378034 3.9727863507998807e-19
143342.68338002203 3.954141343120572e-19
143636.7662836241 3.9354580832063605e-19
143931.45252987434 3.91673649257868e-19
144226.74335659534 3.8979764925979415e-19
144522.64000414818 3.879178004463269e-19
144819.14371543963 3.860340949212064e-19
145116.25573592616 3.8414652477197473e-19
145413.97731361937 3.8225508206994045e-19
145712.30969909133 3.803597588701459e-19
146011.25414548005 3.7846054721133133e-19
146310.8119084936 3.7655743911590974e-19
146610.98424641718 3.7465042658992083e-19
146911.77242011725 3.727395016230062e-19
147213.17769304695 3.7082465618837336e-19
147515.20133125165 3.689058822427619e-19
147817.84460337405 3.6698317172640994e-19
148121.10878066 3.6505651656301773e-19
148424.99513696245 3.631259086597225e-19
148729.5049487488 3.6119133990705177e-19
149034.63949510487 3.59252802178898e-19
149340.40005774068 3.573102873324824e-19
149646.7879209959 3.5536378720831915e-19
149953.80437184536 3.534132936301813e-19
150261.4506999034 3.5145879840507356e-19
150569.728197431 3.4950029332318524e-19
150878.63815934007 3.475377701578649e-19
151188.1818831993 3.455712206655828e-19
151498.36066923925 3.4360063658589735e-19
151809.17582035853 3.4162600964141686e-19
152120.6286421278 3.396473315377745e-19
152432.72044279714 3.376645939635801e-19
152745.45253330038 3.356777885903944e-19
153058.82622726084 3.3368690707269053e-19
153372.84284099692 3.316919410478207e-19
153687.5036935275 3.2969288213598016e-19
154002.81010657802 3.2768972194016964e-19
154318.76340458452 3.2568245204616877e-19
154635.36491470126 3.2367106402248853e-19
154952.61596680494 3.2165554942034397e-19
155270.5178935007 3.196358997736162e-19
155589.0720301277 3.1761210659881733e-19
155908.27971476482 3.155841613950526e-19
156228.14228823548 3.1355205564399313e-19
156548.66109411462 3.115157808098272e-19
156869.83747873356 3.0947532833923337e-19
157191.67279118564 3.07430689661342e-19
157514.16838333206 3.0538185618769948e-19
157837.3256098075 3.0332881931223184e-19
158161.14582802608 3.01271570411207e-19
158485.630398186 2.992101008432066e-19
158810.78068327685 2.9714440194907683e-19
159136.59804908428 3.0437920817386797e-19
159463.083864196 3.0287180346661023e-19
159790.2395000075 3.013613061567671e-19
160118.06633072827 2.9984770989953073e-19
160446.5657333859 2.983310083370812e-19
160775.73908783443 2.968111950985497e-19
161105.5877767582 2.952882637999988e-19
161436.11318567843 2.937622080443938e-19
161767.31670295884 2.922330214215752e-19
162099.1997198115 2.9070069750823326e-19
162431.76363030312 2.891652298678778e-19
162765.00983135938 2.876266120508186e-19
163098.93972277295 2.860848375941284e-19
163433.55470720807 2.845399000216221e-19
163768.8561902065 2.8299179284382803e-19
164104.84558019385 2.8144050955796056e-19
164441.52428848547 2.798860436478916e-19
164778.89372929116 2.7832838858412894e-19
165116.9553197232 2.7676753782377986e-19
165455.71047980082 2.7520348481052984e-19
165795.1606324566 2.736362229746132e-19
166135.30720354247 2.7206574573278587e-19
166476.15162183592 2.7049204648829554e-19
166817.69531904475 2.689151186308613e-19
167159.93972981503 2.673349555366354e-19
167502.8862917359 2.6575155056818204e-19
167846.5364453458 2.641648970744487e-19
168190.8916341386 2.625749883907367e-19
168535.95330456967 2.609818178386742e-19
168881.72290606235 2.593853787261868e-19
169228.20189101243 2.57785664347475e-19
169575.39171479663 2.561826679829767e-19
169923.29383577712 2.5457638289934607e-19
170271.90971530802 2.5296680234942263e-19
170621.24081774172 2.513539195722033e-19
170971.28861043506 2.4973772779281284e-19
171322.05456375435 2.481182202224813e-19
171673.54015108364 2.464953900585059e-19
172025.74684882927 2.44869230484229e-19
172378.6761364267 2.4323973466900824e-19
172732.3294963466 2.4160689576818687e-19
173086.708414101 2.3997070692306597e-19
173441.8143782502 2.383311612608735e-19
173797.6488804071 2.366882518947422e-19
174154.21341524602 2.3504197192367065e-19
174511.50948050737 2.3339231443250097e-19
174869.53857700442 2.3173927249188815e-19
175228.30220862932 2.3008283915827075e-19
175587.80188236016 2.2842300747384026e-19
175948.03910826566 2.2675977046651853e-19
176309.0153995136 2.2509312114991837e-19
176670.73227237584 2.23423052523321e-19
177033.19124623516 2.217495575716447e-19
177396.39384359133 2.200726292654161e-19
177760.34159006824 2.183922605607377e-19
178125.0360144185 2.1670844439926632e-19
178490.47864853236 2.2234142711469496e-19
178856.6710274424 2.2122611802574023e-19
179223.61468933063 2.2010852076045473e-19
179591.31117553468 2.189886306243992e-19
179959.76203055447 2.1786644291350295e-19
180328.96880205898 2.167419529140436e-19
180698.9330408913 2.15615155902631e-19
181069.65630107737 2.144860471461814e-19
181441.14013983094 2.133546219019019e-19
181813.38611756059 2.1222087541726871e-19
182186.39579787626 2.1108480293000825e-19
182560.1707475962 2.0994639966807532e-19
182934.71253675196 2.0880566084963744e-19
183310.0227385973 2.0766258168304895e-19
183686.10292961347 2.0651715736683416e-19
184062.9546895158 2.053693830896668e-19
184440.5796012608 2.0421925403034976e-19
184818.97925105234 2.0306676535779477e-19
185198.15522834918 2.019119122310007e-19
185578.10912586976 2.0075468979903804e-19
185958.84253960132 1.995950932010219e-19
186340.357068805 1.9843311756609561e-19
186722.6543160231 1.972687580134097e-19
187105.7358870856 1.9610200965210086e-19
187489.60339111756 1.9493286758127058e-19
187874.25844054396 1.937613268899691e-19
188259.7026510992 1.9258738265716797e-19
188645.93764183196 1.9141102995174363e-19
189032.96503511275 1.9023226383245601e-19
189420.78645664043 1.8905107934792745e-19
189809.40353544918 1.8786747153662213e-19
190198.81790391577 1.866814354268236e-19
190589.03119776468 1.8549296603661937e-19
190980.04505607756 1.8430205837387224e-19
191371.86112129828 1.8310870743620432e-19
191764.4810392405 1.8191290821097482e-19
192157.90645909435 1.807146556752589e-19
192552.13903343384 1.7951394479582565e-19
192947.1804182223 1.7831077052912124e-19
193343.0322728216 1.7710512782124117e-19
193739.69625999755 1.7589701160791326e-19
194137.17404592727 1.7468641681447562e-19
194535.46730020636 1.7347333835585512e-19
194934.57769585602 1.7225777113654466e-19
195334.50690932872 1.7103971005058697e-19
195735.2566205175 1.6981914998154575e-19
196136.82851276157 1.6859608580248885e-19
196539.22427285355 1.6737051237596566e-19
196942.44559104682 1.6614242455398583e-19
197346.4941610625 1.6491181717799695e-19
197751.37168009684 1.6367868507886236e-19
198157.07984882695 1.62443023076844e-19
198563.62037142034 1.6120482598157304e-19
198970.99495554023 1.5996408859203374e-19
199379.20531235338 1.5872080569653963e-19
199788.25315653722 1.5747497207271196e-19
200198.14020628744 1.59422603278346e-19
200608.8681833235 1.5862821659495742e-19
201020.4388128984 1.5783220014200597e-19
201432.85382380433 1.5703455057584454e-19
201846.11494838021 1.562352645459658e-19
202260.2239225191 1.55434338694989e-19
202675.18248567535 1.546317696586449e-19
203090.99238087249 1.538275540657617e-19
203507.65535470872 1.5302168853825336e-19
203925.17315736695 1.5221416969110112e-19
204343.5475426202 1.5140499413234222e-19
204762.78026783967 1.5059415846305498e-19
205182.87309400193 1.4978165927734445e-19
205603.82778569683 1.489674931623271e-19
206025.6461111332 1.4815165669812037e-19
206448.32984214879 1.4733414645782258e-19
206871.880754216 1.4651495900750252e-19
207296.30062644996 1.4569409090618373e-19
207721.59124161565 1.4487153870583026e-19
208147.7543861361 1.4404729895133127e-19
208574.7918500982 1.4322136818048992e-19
209002.70542726247 1.4239374292400396e-19
209431.49691506923 1.41564419705454e-19
209861.16811464643 1.4073339504128866e-19
210291.72083081718 1.399006654408096e-19
210723.15687210744 1.3906622740615687e-19
211155.47805075394 1.382300774322936e-19
211588.6861827101 1.3739221200699434e-19
212022.78308765634 1.3655262761082552e-19
212457.77058900584 1.3571132071713384e-19
212893.65051391273 1.3486828779203064e-19
213330.4246932797 1.3402352529437725e-19
213768.0949617663 1.3317702967576904e-19
214206.66315779462 1.3232879738052403e-19
214646.13112355987 1.314788248456628e-19
215086.50070503625 1.3062710850089696e-19
215527.77375198522 1.297736447686132e-19
215969.95211796314 1.289184300638585e-19
216413.03766032928 1.2806146079432492e-19
216857.0322402537 1.272027333603335e-19
217301.93772272376 1.263422441548228e-19
217747.75597655415 1.2547998956332878e-19
218194.48887439346 1.2461596596397223e-19
218642.13829273198 1.2375016972744389e-19
219090.7061119099 1.2288259721698817e-19
219540.1942161256 1.2201324478838746e-19
219990.60449344176 1.2114210878995051e-19
220441.93883579588 1.2026918556249145e-19
220894.1991390067 1.1939447143931794e-19
221347.38730278224 1.1851796274621524e-19
221801.50523072807 1.176396558014305e-19
222256.55483035522 1.1675954691565728e-19
222712.5380130886 1.1587763239201937e-19
223169.45669427328 1.149939085260586e-19
223627.3127931852 1.1410837160571402e-19
224086.1082330375 1.1322101791131e-19
224545.84494098893 1.0859059753639374e-19
225006.52484815207 1.0802746515373754e-19
225468.1498896018 1.0746317744454235e-19
225930.72200438165 1.0689773203853287e-19
226394.2431355147 1.0633112656056914e-19
226858.71523000993 1.0576335863063909e-19
227324.1402388707 1.0519442586384768e-19
227790.52011710315 1.0462432587040704e-19
228257.85682372475 1.0405305625562584e-19
228726.15232177082 1.0348061461990143e-19
229195.40857830527 1.0290699855870654e-19
229665.62756442733 1.0233220566258111e-19
230136.81125528004 1.0175623351712209e-19
230608.96163005882 1.0117907970297273e-19
231082.08067201942 1.0060074179581295e-19
231556.17036848713 1.0002121736634821e-19
232031.23271086285 9.944050398030173e-20
232507.26969463463 9.885859919840096e-20
232984.28331938386 9.827550057636933e-20
233462.27558879435 9.769120566491567e-20
233941.24851066072 9.710571200972377e-20
234421.20409689724 9.651901715144164e-20
234902.14436354442 9.59311186256733e-20
235384.07133078022 9.534201396296515e-20
235866.9870229269 9.475170068879768e-20
236350.8934684598 9.41601763235748e-20
236835.7927000158 9.356743838261319e-20
237321.68675440195 9.297348437613195e-20
237808.57767260468 9.237831180924148e-20
238296.4674997961 9.178191818193548e-20
238785.35828534575 9.118430098907681e-20
239275.25208282715 9.058545772038941e-20
239766.15095002693 8.998538586044712e-20
240258.05694895357 8.938408288866304e-20
240750.97214584638 8.878154627927843e-20
241244.89861118235 8.817777350135461e-20
241739.83841968776 8.757276201875841e-20
242235.79365034492 8.696650929015431e-20
242732.76638640134 8.635901276899276e-20
243230.75871537864 8.575026990349992e-20
243729.7727290811 8.514027813666649e-20
244229.8105236052 8.45290349062367e-20
244730.87419934612 8.391653764469993e-20
245232.96586100984 8.330278377927606e-20
245736.08761761987 8.268777073190731e-20
246240.24158252653 8.207149591924674e-20
246745.42987341597 8.145395675264745e-20
247251.65461231951 8.083515063815088e-20
247758.91792562048 8.021507497647873e-20
248267.2219440663 7.959372716301806e-20
248776.56880277523 7.897110458781284e-20
249286.9606412461 7.834720463555253e-20
249798.39960336706 7.772202468556098e-20
250310.88783742517 7.709556211178478e-20
250824.42749611347 7.646781428278483e-20
251339.0207365429 7.58387785617214e-20
251854.6697202496 7.641112986395422e-20
252371.37661320475 7.600036876029135e-20
252889.1435858211 7.558876493612766e-20
253407.97281296807 7.517631666252986e-20
253927.86647397277 7.476302220702087e-20
254448.8267526376 7.434887983356609e-20
254970.855837241 7.393388780257255e-20
255493.95592055534 7.351804437087477e-20
256018.12919984836 7.310134779173376e-20
256543.37787689583 7.268379631482672e-20
257069.7041579936 7.226538818623749e-20
257597.11025396019 7.184612164845479e-20
258125.59838015368 7.142599494035837e-20
258655.1707564743 7.100500629721729e-20
259185.82960737642 7.058315395068016e-20
259717.57716188155 7.016043612876501e-20
260250.4156535797 6.973685105585791e-20
260784.34732064794 6.931239695269861e-20
261319.37440585057 6.888707203638005e-20
261855.4991565578 6.846087452033373e-20
262392.72382474726 6.803380261432847e-20
262931.05066701636 6.760585452446043e-20
263470.48194459593 6.717702845314242e-20
264011.0199233514 6.674732259910308e-20
264552.66687380115 6.631673515737199e-20
265095.42507111764 6.588526431927901e-20
265639.296795145 6.545290827244005e-20
266184.28433040204 6.501966520075508e-20
266730.389966094 6.458553328439835e-20
267277.61599612626 6.415051069980777e-20
267825.9647191058 6.371459561968369e-20
268375.43843836 6.327778621297391e-20
268926.0394619372 6.284008064487317e-20
269477.7701026256 6.240147707680839e-20
270030.63267795474 6.196197366643724e-20
270584.6295102089 6.152156856763737e-20
271139.76292644034 6.108025993049642e-20
271696.03525847074 6.063804590131031e-20
272253.44884291035 6.019492462256828e-20
272812.00602116 5.975089423295128e-20
273371.709139424 5.930595286732173e-20
273932.5605487235 5.886009865671272e-20
274494.56260489865 5.841332972832659e-20
275057.7176686272 5.796564420551978e-20
275622.0281054258 5.751704020780224e-20
276187.4962856686 5.706751585082234e-20
276754.1245845893 5.66170692463651e-20
277321.91538229486 5.616569850234176e-20
277890.8710637786 5.571340172277889e-20
278460.9940189224 5.526017700781709e-20
279032.28664251574 5.480602245369538e-20
279604.7513342567 5.435093615275071e-20
280178.3904987713 5.38949161934027e-20
280753.2065456152 5.343796066015172e-20
281329.2018892879 5.298006763356848e-20
281906.37894924567 5.2521235190282835e-20
282484.7401499039 5.2061461402982477e-20
283064.2879206569 5.285355389589838e-20
283645.0246958793 5.2557215868078396e-20
284226.9529149403 5.226026987098139e-20
284810.0750222171 5.19627146572919e-20
285394.3934670973 5.1664548977137915e-20
285979.9107039982 5.136577157808071e-20
286566.62919236807 5.1066381205114455e-20
287154.5513967055 5.0766376600656246e-20
287743.679786562 5.0465756504544804e-20
288334.01683655527 5.0164519654033504e-20
288925.56502638385 4.9862664783783326e-20
289518.3268408287 4.956019062586157e-20
290112.30476977344 4.925709590973194e-20
290707.50130820513 4.895337936225383e-20
291303.9189562343 4.86490397076723e-20
291901.5602190971 4.834407566761681e-20
292500.4276071697 4.8038485961094124e-20
293100.523635982 4.77322693044811e-20
293701.85082621995 4.742542441152358e-20
294304.41170374566 4.7117949993325993e-20
294908.20879959874 4.680984475835098e-20
295513.2446500162 4.650110741240895e-20
296119.5217964348 4.619173665865704e-20
296727.04278550536 4.588173119759172e-20
297335.8101691071 4.557108972704153e-20
297945.8265043496 4.525981094216606e-20
298557.0943535939 4.4947893535445206e-20
299169.61628445383 4.463533619667841e-20
299783.3948698115 4.432213761297693e-20
300398.43268783076 4.400829646875675e-20
301014.7323219604 4.369381144573718e-20
301632.29636095377 4.3378681222930524e-20
302251.127398871 4.306290447664138e-20
302871.22803509876 4.2746479880456193e-20
303492.600874353 4.2429406105241975e-20
304115.2485266936 4.211168181913885e-20
304739.1736075391 4.1793305687552633e-20
305364.37873766845 4.147427637315368e-20
305990.86654324294 4.115459253586594e-20
306618.63965580624 4.0834252832866803e-20
307247.70071230625 4.0513255918576026e-20
307878.0523550969 4.0191600444654787e-20
308509.6972319533 3.9869285059997886e-20
309142.63799608656 3.9546308410726305e-20
309776.87730614585 3.9222669140186064e-20
310412.41782624024 3.889836588893711e-20
311049.2622259404 3.857339729475247e-20
311687.4131802942 3.8247761992610284e-20
312326.8733698412 3.792145861468629e-20
312967.64548061544 3.7594485790352656e-20
313609.73220416676 3.7266842146166836e-20
314253.1362375618 3.6938526305871236e-20
314897.86028340564 3.660953689038206e-20
315543.90704984433 3.627987251778813e-20
316191.2792505799 3.594953180334316e-20
316839.97960488556 3.561851335945789e-20
317490.0108376085 3.408903831724025e-20
318141.3756791912 3.390575393170647e-20
318794.07686567283 3.3722093518579516e-20
319448.1171387109 3.353805630639769e-20
320103.4992455841 3.3353641522117624e-20
320760.2259392072 3.3168848391110027e-20
321418.2999781469 3.298367613715519e-20
322077.7241266242 3.279812398244246e-20
322738.50115453626 3.261219114756387e-20
323400.6338374579 3.242587685151399e-20
324064.12495666364 3.223918031168348e-20
324728.9772991299 3.2052100743858574e-20
325395.1936575511 3.1864637362216606e-20
326062.776830355 3.1676789379321564e-20
326731.7296217054 3.1488556006123447e-20
327402.0548415245 3.129993645195191e-20
328073.7553054952 3.111092992451564e-20
328746.8338350773 3.092153562989777e-20
329421.293257523 3.0731752772551565e-20
330097.1364058794 3.054158055529964e-20
330774.3661190117 3.0351018179327585e-20
331452.9852416035 3.016006484418363e-20
332132.99662418035 2.9968719747772345e-20
332814.4031231116 2.977698208635378e-20
333497.2076006268 2.9584851054539107e-20
334181.41292483197 2.939232584528589e-20
334867.0219697117 2.919940564989763e-20
335554.0376151524 2.900608965801706e-20
336242.4627469433 2.8812377057625973e-20
336932.3002567998 2.8618267035038656e-20
337623.5530423658 2.8423758774901166e-20
338316.22400722984 2.822885146018686e-20
339010.31606094184 2.8033544272191615e-20
339705.83211901534 2.783783639053326e-20
340402.775102951 2.764172699314494e-20
341101.14794023894 2.7445215256274423e-20
341800.95356437546 2.724830035447946e-20
342502.1949148794 2.7050981460623155e-20
343204.8749372947 2.6853257745873193e-20
343908.99658321403 2.665512837969525e-20
344614.56281028 2.6456592529852714e-20
345321.5765822088 2.6257649362399866e-20
346030.0408687926 2.605829804168131e-20
346739.9586459166 2.58585377303272e-20
347451.33289557544 2.5658367589248558e-20
348164.1666058761 2.5457786777636484e-20
348878.46277106163 2.5256794452955518e-20
349594.2243915123 2.5055389770943203e-20
350311.45447376976 2.4853571885603412e-20
351030.1560305398 2.4651339949205542e-20
351750.33208070876 2.4448693112279815e-20
352471.985649361 2.424563052361245e-20
353195.1197677815 2.404215133024492e-20
353919.73747347994 2.3838254677467147e-20
354645.8418101919 2.3633939708817157e-20
355373.4358279036 2.3429205566074197e-20
356102.52258285397 2.2803695660517954e-20
356833.1051375522 2.2665939605765502e-20
357565.186560795 2.2527900929677558e-20
358298.76992766926 2.238957905242665e-20
359033.85831957636 2.2250973392994662e-20
359770.45482423546 2.2112083369172235e-20
360508.5625357002 2.1972908397555587e-20
361248.18455437646 2.1833447893543178e-20
361989.32398702524 2.1693701271335184e-20
362731.983946787 2.1553667943928858e-20
363476.1675531835 2.1413347323118276e-20
364221.8779321423 2.127273881948961e-20
364969.11821599986 2.1131841842420625e-20
365717.8915435187 2.0990655800077377e-20
366468.20105990546 2.0849180099410858e-20
367220.04991681356 2.0707414146156494e-20
367973.44127236836 2.0565357344829365e-20
368728.37829116837 2.0423009098723997e-20
369484.86414431076 2.0280368809909566e-20
370242.90200939385 2.0137435879229398e-20
371002.49507053534 1.9994209706297553e-20
371763.64651838987 1.9850689689495526e-20
372526.3595501521 1.970687522597162e-20
373290.637369582 1.9562765711636218e-20
374056.4831870081 1.9418360541161188e-20
374823.900219345 1.92736591079765e-20
375592.8916901118 1.912866080426682e-20
376363.46082943486 1.8983365020970994e-20
377135.6108740739 1.8837771147777117e-20
377909.3450674225 1.8691878573122348e-20
378684.666659535 1.854568668418799e-20
379461.578907129 1.839919486689896e-20
380240.08507360326 1.825240250592032e-20
381020.1884290567 1.8105308984653848e-20
381801.8922502908 1.7957913685237483e-20
382585.19982083596 1.7810215988540352e-20
383370.1144309531 1.7662215274162545e-20
384156.6393776594 1.7513910920430196e-20
384944.7779647319 1.736530230439484e-20
385734.53350272524 1.721638880183002e-20
386525.9093089911 1.706716978722768e-20
387318.90870768065 1.6917644633797666e-20
388113.53502977116 1.6767812713462727e-20
388909.7916130691 1.6617673396857914e-20
389707.6818022286 1.6467226053327088e-20
390507.2089487708 1.6316470050919338e-20
391308.3764110864 1.6165404756388434e-20
392111.18755446235 1.601402953518779e-20
392915.6457510837 1.5862343751470157e-20
393721.75438006007 1.5710346768082608e-20
394529.5168274292 1.5558037946565897e-20
395338.9364861753 1.5405416647150932e-20
396150.0167562487 1.525248222875516e-20
396962.7610445687 1.5099234048981985e-20
397777.1727650504 1.4945671464115627e-20
398593.2553386068 1.4791793829120918e-20
399411.0121931755 1.4392636964757336e-20
400230.4467637222 1.4302745095305008e-20
401051.56249225966 1.4212668803032273e-20
401874.36282786727 1.4122407709575568e-20
402698.8512266942 1.403196143579577e-20
403525.0311519862 1.3941329601775218e-20
404352.9060740885 1.3850511826817516e-20
405182.47947047214 1.3759507729444507e-20
406013.7548257379 1.366831692739592e-20
406846.73563163547 1.3576939037627273e-20
407681.4253870832 1.3485373676307648e-20
408517.82759817113 1.3393620458819401e-20
409355.9457781894 1.3301678999755068e-20
410195.7834476307 1.3209548912917022e-20
411037.34413421043 1.311722981131533e-20
411880.63137288677 1.302472130716554e-20
412725.6487058631 1.2932023011888361e-20
413572.39968261716 1.2839134536106549e-20
414420.8878599019 1.2746055489644747e-20
415271.116801774 1.2652785481526389e-20
416123.0900795972 1.2559324119973308e-20
416976.81127206236 1.2465671012403582e-20
417832.28396520735 1.2371825765429305e-20
418689.5117524204 1.2277787984856221e-20
419548.4982344689 1.218355727568062e-20
420409.24701950076 1.2089133242089128e-20
421271.761723073 1.1994515487455588e-20
422136.0459681555 1.1899703614340667e-20
423002.1033851508 1.1804697224489644e-20
423869.937611915 1.170949591883018e-20
424739.5522937606 1.1614099297471944e-20
425610.9510834858 1.1518506959703434e-20
426484.1376413777 1.142271850399162e-20
427359.1156352328 1.1326733527979671e-20
428235.888740378 1.1230551628484707e-20
429114.4606396731 1.1134172401497457e-20
429994.8350235412 1.1037595442178985e-20
430877.01558996906 1.0940820344860585e-20
431761.0060445378 1.0843846703040493e-20
432646.8101004255 1.0746674109383533e-20
433534.43147842813 1.0649302155718858e-20
434423.8739069807 1.0551730433037608e-20
435315.14112216036 1.0453958531492602e-20
436208.2368677163 1.0355986040395012e-20
437103.16489507136 1.025781254821423e-20
437999.92896335194 1.0159437642574556e-20
438898.53283939126 1.0060860910254872e-20
439798.9802977507 9.962081937186257e-21
440701.2751207409 9.863100308449707e-21
441605.42109842505 9.76391560827577e-21
442511.4220286495 9.664527420041186e-21
443419.2817170447 9.56493532626876e-21
444329.0039770565 9.465138908623976e-21
445240.59262994834 9.36513774791469e-21
446154.05150482414 9.264931424088717e-21
447069.38443864847 9.1645195162315e-21
447986.5952762509 9.255081729891004e-21
448905.6878703563 9.197368635223258e-21
449826.6660815882 9.139537135945973e-21
450749.5337784909 9.081586989139497e-21
451674.2948375507 9.023517951385455e-21
452600.95314319973 8.965329778766539e-21
453529.5125878465 8.907022226864548e-21
454459.9770718784 8.8485950507603e-21
455392.3505036916 8.790048005031672e-21
456326.6367996958 8.731380843753373e-21
457262.8398843353 8.67259332049558e-21
458200.9636901116 8.613685188322528e-21
459141.01215758634 8.554656199792326e-21
460082.9892354135 8.495506106954934e-21
461026.89888034057 8.436234661352109e-21
461972.7450572401 8.37684161401539e-21
462920.5317391135 8.317326715465878e-21
463870.26290711324 8.257689715712846e-21
464821.9425505649 8.197930364252335e-21
465775.5746669714 8.138048410066919e-21
466731.1632620444 8.078043601623704e-21
467688.71234970813 8.017915686874113e-21
468648.22595212155 7.95766441325246e-21
469609.70809970144 7.897289527674537e-21
470573.1628311257 7.836790776537387e-21
471538.5941933657 7.776167905717278e-21
472506.00624168804 7.71542066056959e-21
473475.40303968656 7.654548785926799e-21
474446.7886592864 7.593552026098242e-21
475420.1671807665 7.53243012486867e-21
476395.54269278323 7.471182825496822e-21
477372.91929237294 7.409809870715188e-21
478352.3010849856 7.348311002727965e-21
479333.69218448596 7.28668596321094e-21
480317.0967131869 7.224934493309422e-21
481302.51880185236 7.163056333638036e-21
482289.9625897214 7.101051224279236e-21
483279.432224531 7.038918904781861e-21
484270.93186251953 6.976659114160906e-21
485264.4656684606 6.914271590895427e-21
486260.0378156639 6.85175607292844e-21
487257.6524860095 6.789112297664822e-21
488257.31386995094 6.7263400019710885e-21
489259.0261665388 6.663438922173907e-21
490262.79358344467 6.600408794058606e-21
491268.6203369644 6.5372493528689585e-21
492276.5106520521 6.473960333305066e-21
493286.468762324 6.4105414695231026e-21
494298.4989100818 6.346992495133843e-21
495312.6053463369 6.283313143201155e-21
496328.79233081406 6.219503146241767e-21
497347.06413198524 6.155562236223126e-21
498367.4250270718 6.0914901445632874e-21
499389.87930207816 6.027286602128781e-21
500414.43125179596 5.962951339234356e-21
501441.085179828 5.898484085641477e-21
502469.8453986125 5.618526901718703e-21
503500.71622942714 5.581445911620971e-21
504533.70200242294 5.54428884589113e-21
505568.8070566269 5.507055548451999e-21
506606.035739976 5.469745862905888e-21
507645.3924093214 5.4323596325344725e-21
508686.88143045275 5.394896700297904e-21
509730.50717812264 5.3573569088339194e-21
510776.27403605095 5.319740100457712e-21
511824.18639695935 5.2820461171606705e-21
512874.2486625756 5.24427480061023e-21
513926.4652436577 5.206425992148997e-21
514980.84056001937 5.16849953279385e-21
516037.37904053356 5.130495263235789e-21
517096.08512316825 5.092413023838679e-21
518156.9632549872 5.054252654639181e-21
519220.0178921871 5.016013995345459e-21
520285.2535001 4.9776968853370634e-21
521352.6745532196 4.939301163664004e-21
522422.28553522547 4.900826669045857e-21
523494.0909389876 4.8622732398716185e-21
524568.095266602 4.823640714198427e-21
525644.3030293927 4.784928929751474e-21
526722.7187479482 4.7461377239227204e-21
527803.3469521241 4.707266933770754e-21
528886.1921810703 4.668316396019872e-21
529971.2589832555 4.629285947059155e-21
531058.5519164712 4.590175422942329e-21
532148.0755478686 4.550984659386466e-21
533239.8344539603 4.511713491771896e-21
534333.8332206564 4.4723617551409044e-21
535430.0764432694 4.432929284197584e-21
536528.5687265393 4.3934159133069035e-21
537629.3146846598 4.3538214764937744e-21
538732.3189412826 4.314145807442921e-21
539837.5861295536 4.274388739497516e-21
540945.1208921182 4.234550105659081e-21
542054.9278811461 4.194629738586504e-21
543167.0117583583 4.1546274705951156e-21
544281.3771950308 4.114543133656554e-21
545398.0288720322 4.074376559397406e-21
546516.9714798258 4.034127579099133e-21
547638.2097185063 3.993796023696742e-21
548761.7482978046 3.9533817237786245e-21
549887.5919371145 3.912884509585599e-21
551015.7453655184 3.872304211009972e-21
552146.2133217918 3.831640657595377e-21
553279.0005544422 3.790893678535403e-21
554414.111821709 3.750063102673554e-21
555551.5518916036 3.709148758501847e-21
556691.3255419122 3.668150474160686e-21
557833.4375602232 3.627068077437882e-21
558977.8927439543 3.5859013957676945e-21
560124.6959003562 3.544650256230666e-21
561273.8518465515 3.503314485552254e-21
562425.3654095391 3.4618939101026604e-21
563579.24142622 3.420388355895887e-21
564735.4847434268 3.5210338498706135e-21
565894.1002179257 3.4963528346382045e-21
567055.0927164569 3.471621183653349e-21
568218.4671157355 3.446838793031466e-21
569384.2283024915 3.4220055586746415e-21
570552.3811734731 3.397121376271547e-21
571722.930635475 3.372186141296845e-21
572895.8816053657 3.3471997490106024e-21
574071.2390100915 3.3221620944582067e-21
575249.0077867169 3.2970730724695093e-21
576429.1928824254 3.271932577658806e-21
577611.7992545594 3.2467405044239746e-21
578796.8318706255 3.221496746946389e-21
579984.295708321 3.1962011991903292e-21
581174.195755563 3.1708537549023748e-21
582366.5370104918 3.1454543076113263e-21
583561.3244815122 3.120002750627332e-21
584758.5631872965 3.094498977041818e-21
585958.2581568138 3.0689428797268696e-21
587160.4144293574 3.0433343513346377e-21
588365.0370545501 3.017673284297237e-21
589572.1310923838 2.991959570825901e-21
590781.7016132219 2.9661931029109156e-21
591993.7536978405 2.940373772320774e-21
593208.2924374312 2.914501470602076e-21
594425.3229336311 2.8885760890789178e-21
595644.8502985517 2.8625975188522754e-21
596866.8796547822 2.8365656507999172e-21
598091.4161354312 2.8104803755755316e-21
599318.4648841287 2.7843415836086717e-21
600548.0310550672 2.7581491651038913e-21
601780.1198130063 2.7319030100406473e-21
603014.7363333015 2.7056030081726692e-21
604251.8858019337 2.6792490490273513e-21
605491.5734155133 2.652841021905652e-21
606733.8043813221 2.6263788158812097e-21
607978.5839173152 2.5998623198002934e-21
609225.9172521632 2.57329142228092e-21
610475.8096252556 2.546666011712749e-21
611728.2662867323 2.5199859762564608e-21
612983.2924975107 2.493251203843127e-21
614240.8935292921 2.466461582174114e-21
615501.0746646033 2.439616998720175e-21
616763.8411968013 2.4127173407213616e-21
618029.1984301026 2.3857624951863895e-21
619297.1516796137 2.358752348891992e-21
620567.7062713357 2.3316867883828335e-21
621840.8675422064 2.3045656999705944e-21
623116.6408401028 2.2773889697339295e-21
624395.0315238839 2.2501564835175537e-21
625676.0449633952 2.222868126932146e-21
626959.6865394992 2.1955237853536974e-21
628245.9616441053 2.1681233439228746e-21
629534.8756801749 2.140666687544919e-21
630826.434061764 2.1131537008887242e-21
632120.6422140267 2.085584268386783e-21
633417.5055732569 2.0332299471432326e-21
634717.0295868941 2.0196682778636763e-21
636019.219713554 2.0060787853636967e-21
637324.0814230589 1.992461412560918e-21
638631.6201964424 1.9788161022559597e-21
639941.8415259938 1.9651427971319805e-21
641254.7509152625 1.9514414397546357e-21
642570.3538790889 1.937711972571739e-21
643888.6559436356 1.923954337912953e-21
645209.6626463924 1.9101684779897326e-21
646533.37953622 1.896354334894862e-21
647859.8121733529 1.882511850602433e-21
649188.9661294435 1.8686409669673814e-21
650520.8469875674 1.8547416257254354e-21
651855.4603422539 1.8408137684927867e-21
653192.8117995185 1.826857336765762e-21
654532.9069768672 1.8128722719207763e-21
655875.751503342 1.798858515213856e-21
657221.3510195217 1.7848160077806258e-21
658569.7111775696 1.770744690635823e-21
659920.8376412356 1.756644504673264e-21
661274.7360858903 1.7425153906654945e-21
662631.4121985557 1.7283572892634713e-21
663990.8716779101 1.7141701409964967e-21
665353.120234335 1.6999538862717545e-21
666718.1635899156 1.6857084653742763e-21
668086.0074784881 1.6714338184664726e-21
669456.6576456439 1.6571298855880726e-21
670830.1198487617 1.6427966066557945e-21
672206.3998570411 1.6284339214629984e-21
673585.503451506 1.6140417696796436e-21
674967.4364250524 1.5996200908517967e-21
676352.2045824524 1.5851688244015853e-21
677739.8137403871 1.5706879096268553e-21
679130.2697274798 1.5561772857008287e-21
680523.5783843006 1.541636891672049e-21
681919.7455634131 1.527066666463896e-21
683318.7771293774 1.5124665488745616e-21
684720.678958796 1.497836477576558e-21
686125.4569403196 1.4831763911166668e-21
687533.1169746805 1.4684862279155878e-21
688943.6649747248 1.4537659262676015e-21
690357.1068654188 1.4390154243405048e-21
691773.4485838953 1.424234660175127e-21
693192.6960794568 1.409423571685294e-21
694614.8553136225 1.3945820966573408e-21
696039.9322601339 1.3797101727500498e-21
697467.9329049883 1.3648077374943096e-21
698898.8632464724 1.3498747282927508e-21
700332.7292951677 1.3349110824197017e-21
701769.5370739985 1.319916737020682e-21
703209.2926182369 1.3048916291123492e-21
704652.0019755373 1.289835695582142e-21
706097.6712059701 1.274748873187927e-21
707546.3063820271 1.259631098557945e-21
708997.9135886697 1.244482308190302e-21
710452.4989233322 1.1990793901146795e-21
711910.0684959696 1.1905442502832892e-21
713370.6284290636 1.1819915996962395e-21
714834.1848576568 1.1734214024283525e-21
716300.7439293874 1.1648336224806933e-21
717770.3118044939 1.1562282237805427e-21
719242.8946558657 1.1476051701811026e-21
720718.4986690441 1.1389644254614875e-21
722197.130042273 1.1303059533264295e-21
723678.7949865035 1.1216297174062513e-21
725163.4997254292 1.1129356812566569e-21
726651.2504955214 1.1042238083585297e-21
728142.0535460338 1.095494062117901e-21
729635.9151390535 1.0867464058656546e-21
731132.8415495027 1.0779808028575137e-21
732632.8390651896 1.0691972162737467e-21
734135.9139868129 1.0603956092191362e-21
735642.0726279988 1.0515759447227677e-21
737151.3213153346 1.0427381857378269e-21
738663.6663883759 1.0338822951415614e-21
740179.1141996963 1.0250082357349914e-21
741697.6711148935 1.0161159702428683e-21
743219.3435126249 1.0072054613134707e-21
744744.1377846433 9.982766715183927e-22
746272.0603358033 9.893295633525122e-22
747803.1175841109 9.803640992336886e-22
749337.3159607281 9.713802415027504e-22
750874.661910023 9.623779524231906e-22
752415.1618895754 9.53357194181138e-22
753958.8223702144 9.443179288851397e-22
755505.6498360531 9.352601185659526e-22
757055.6507844956 9.261837251765074e-22
758608.8317262883 9.170887105916027e-22
760165.1991855226 9.079750366078943e-22
761724.7596996876 8.988426649435849e-22
763287.5198196751 8.896915572383948e-22
764853.4861098167 8.805216750533428e-22
766422.6651479211 8.713329798705311e-22
767995.063525279 8.621254330931117e-22
769570.6878467173 8.52898996044978e-22
771149.5447306031 8.436536299707299e-22
772731.6408088825 8.343892960354562e-22
774316.9827271164 8.251059553245173e-22
775905.5771444878 8.158035688435091e-22
777497.4307338542 8.064820975179531e-22
779092.5501817507 7.971415021932784e-22
780690.9421884426 7.87781743634511e-22
782292.6134679327 7.784027825262376e-22
783897.5707479981 7.690045794723835e-22
785505.8207702278 7.595870949959965e-22
787117.3702900297 7.501502895392044e-22
788732.2260766837 7.4069412346290425e-22
790350.3949133446 7.312185570467445e-22
791971.8835970969 7.217235504888082e-22
793596.6989389596 7.122090639055751e-22
795224.8477639263 7.026750573317013e-22
796856.3369110016 7.021000319041258e-22
798491.1732332085 6.971436685001774e-22
800129.3635976424 6.921771365846024e-22
801770.9148854748 6.872004152956271e-22
803415.8339920073 6.822134837286386e-22
805064.1278266781 6.772163209361649e-22
806715.8033131012 6.722089059277587e-22
808370.8673891047 6.671912176698786e-22
810029.3270067374 6.6216323508586995e-22
811691.1891323238 6.57124937055798e-22
813356.4607464713 6.520763024164276e-22
815025.1488441081 6.470173099611049e-22
816697.2604345237 6.41947938439639e-22
818372.8025413745 6.368681665582807e-22
820051.7822027395 6.3177797297955575e-22
821734.2064711245 6.26677336322253e-22
823420.0824135174 6.215662351612552e-22
825109.4171113942 6.164446480275207e-22
826802.2176607602 6.113125534079592e-22
828498.491172188 6.06169929745317e-22
830198.2447708258 6.01016755438151e-22
831901.4855964528 5.95853008840661e-22
833608.2208034827 5.906786682626794e-22
835318.457561021 5.854937119694968e-22
837032.2030528708 5.802981181818445e-22
838749.4644775742 5.750918650757707e-22
840470.2490484513 5.698749307825186e-22
842194.5639936083 5.64647293388507e-22
843922.4165559935 5.594089309351548e-22
845653.8139934054 5.541598214188615e-22
847388.7635785318 5.488999427908846e-22
849127.2725989922 5.436292729572142e-22
850869.3483573435 5.3834778977855415e-22
852614.9981711381 5.330554710701456e-22
854364.2293729278 5.277522946017569e-22
856117.0493103211 5.224382380975065e-22
857873.4653459913 5.171132792358438e-22
859633.4848577164 5.117773956494227e-22
861397.115238421 5.064305649249759e-22
863164.3638961841 5.010727646032963e-22
864935.2382542964 4.957039721790554e-22
866709.7457512639 4.903241651007969e-22
868487.8938408684 4.849333207707544e-22
870269.6899921731 4.795314165448306e-22
872055.1416895646 4.741184297324733e-22
873844.2564327952 4.686943375965447e-22
875637.0417369894 4.632591173533033e-22
877433.5051327045 4.578127461722204e-22
879233.6541659364 4.523552011759608e-22
881037.4963981624 4.468864594402538e-22
882845.0394063843 4.414064979937646e-22
884656.2907831339 4.359152938180742e-22
886471.2581365346 4.304128238474944e-22
888289.9490903042 4.2489906496906e-22
890112.3712838157 4.1937399402234204e-22
891938.5323721047 4.138375877994294e-22
893768.4400259112 4.032937387863325e-22
895602.1019317243 4.0043955014326325e-22
897439.5257917874 3.975795058257852e-22
899280.7193241608 3.947135938203423e-22
901125.6902627249 3.91841802088754e-22
902974.4463572412 3.8896411856811946e-22
904826.9953733599 3.8608053117080674e-22
906683.3450926628 3.8319102778438484e-22
908543.5033127085 3.8029559627155527e-22
910407.4778470374 3.7739422447014204e-22
912275.2765252352 3.7448690019299377e-22
914146.9071929364 3.715736112279791e-22
916022.3777118864 3.6865434533788857e-22
917901.6959599482 3.657290902604251e-22
919784.8698311478 3.6279783370813323e-22
921671.9072357172 3.598605633683316e-22
923562.8161001025 3.5691726690310113e-22
925457.6043670266 3.5396793194918657e-22
927356.2799954965 3.510125461179865e-22
929258.850960848 3.4805109699548227e-22
931165.3252547906 3.4508357214216883e-22
933075.7108854139 3.4210995909304443e-22
934990.0158772533 3.391302453575093e-22
936908.248271291 3.361444184193627e-22
938830.4161250219 3.3315246573670106e-22
940756.5275124602 3.3015437474190806e-22
942686.5905241852 3.27150132841583e-22
944620.6132673858 3.241397274164712e-22
946558.6038658683 3.211231458214517e-22
948500.5704601218 3.1810037538543686e-22
950446.5212073206 3.1507140341136705e-22
952396.46428139 3.120362171761093e-22
954350.4078730134 3.089948039304452e-22
956308.3601896779 3.059471508990009e-22
958270.3294557213 3.0289324528017373e-22
960236.3239123384 2.9983307424612163e-22
962206.3518176478 2.967666249426605e-22
964180.4214466987 2.9369388448925245e-22
966158.5410915172 2.9061483997893425e-22
968140.7190611532 2.875294784782443e-22
970126.9636816882 2.844377870272107e-22
972117.2832963006 2.8133975263924885e-22
974111.6862652706 2.7823536230115433e-22
976110.1809660457 2.7512460297300137e-22
978112.7757932493 2.7200746158812913e-22
980119.4791587266 2.6888392505306933e-22
982130.2994915934 2.657539802474722e-22
984145.2452382419 2.626176140240953e-22
986164.3248624095 2.594748132086983e-22
988187.5468451816 2.563255646000373e-22
990214.9196850597 2.5316985496975983e-22
992246.4518979689 2.500076710623923e-22
994282.1520173051 2.4683899959526706e-22
996322.0285939843 2.4366382725844576e-22
998366.0901964487 2.404821407147091e-22
1000414.3454107362 2.3729392659944973e-22
1002466.8028404835 2.3604759157032006e-22
1004523.471106995 2.344659823951046e-22
1006584.3588492502 2.328811283788714e-22
1008649.4747239525 2.3129302286448406e-22
1010718.8274055779 2.2970165918113856e-22
1012792.4255863818 2.2810703064435824e-22
1014870.2779764707 2.265091305559389e-22
1016952.3933038068 2.2490795220394474e-22
1019038.7803142597 2.2330348886266887e-22
1021129.4477716541 2.2169573379259713e-22
1023224.4044577783 2.2008468024040073e-22
1025323.6591724538 2.1847032143888297e-22
1027427.2207335389 2.1685265060697665e-22
1029535.0979769998 2.1523166094968945e-22
1031647.2997569188 2.136073456580976e-22
1033763.8349455415 2.11979697909309e-22
1035884.7124333299 2.1034871086642348e-22
1038009.9411289686 2.0871437767852691e-22
1040139.529959436 2.0707669148063715e-22
1042273.4878700082 2.0543564539370091e-22
1044411.8238243305 2.0379123252453854e-22
1046554.5468044257 2.021434459658379e-22
1048701.6658107438 2.0049227879611615e-22
1050853.1898622129 1.9883772407968036e-22
1053009.1279962475 1.9717977486662124e-22
1055169.4892688207 1.95518424192758e-22
1057334.2827544715 1.93853665079632e-22
1059503.5175463567 1.921854905344674e-22
1061677.2027563015 1.9051389355013203e-22
1063855.3475148072 1.8883886710513134e-22
1066037.9609711259 1.8716040416355175e-22
1068225.0522932615 1.8547849767505845e-22
1070416.6306680457 1.8379314057483838e-22
1072612.705301144 1.821043257835947e-22
1074813.2854171086 1.8041204620750617e-22
1077018.3802594303 1.7871629473818833e-22
1079227.999090546 1.7701706425268594e-22
1081442.151191913 1.7531434761341718e-22
1083660.8458640138 1.7360813766817008e-22
1085884.092426428 1.718984272500455e-22
1088111.9002178432 1.7018520917745124e-22
1090344.2785961058 1.684684762540607e-22
1092581.236938274 1.6674822126877347e-22
1094822.7846406274 1.650244369957081e-22
1097068.931118739 1.6329711619414516e-22
1099319.6858074828 1.6156625160852373e-22
1101575.0581611062 1.5983183596838325e-22
1103835.0576532397 1.580938619883577e-22
1106099.693776951 1.5635232236813434e-22
1108368.976044796 1.5460720979241235e-22
1110642.913988829 1.528585169308972e-22
1112921.517160679 1.5110623643824096e-22
1115204.795131557 1.4935036095403694e-22
1117492.7574923106 1.4759088310277713e-22
1119785.4138534775 1.4582779549381238e-22
1122082.773845294 1.440610907213438e-22
1124384.8471177733 1.4229076136436523e-22
1126691.643340707 1.3824180448371157e-22
1129003.1722037443 1.3742824381856248e-22
1131319.4434163999 1.366130140463684e-22
1133640.4667081083 1.3579611174277892e-22
1135966.2518282793 1.3497753347641286e-22
1138296.808546306 1.3415727580885589e-22
1140632.1466516426 1.333353352946331e-22
1142972.2759538097 1.32511708481207e-22
1145317.2062824708 1.3168639190895053e-22
1147666.9474874425 1.3085938211114371e-22
1150021.5094387496 1.3003067561395413e-22
1152380.9020266803 1.2920026893641751e-22
1154745.1351617945 1.283681585904348e-22
1157114.2187750037 1.2753434108074391e-22
1159488.1628175804 1.2669881290491675e-22
1161866.9772612115 1.2586157055334e-22
1164250.6720980583 1.2502261050919454e-22
1166639.2573407604 1.2418192924845317e-22
1169032.7430225213 1.2333952323985172e-22
1171431.1391971079 1.224953889448883e-22
1173834.4559389325 1.216495228177945e-22
1176242.7033430627 1.2080192130553248e-22
1178655.8915252767 1.199525808477749e-22
1181074.0306221207 1.1910149787688494e-22
1183497.1307909181 1.182486688179134e-22
1185925.20220985 1.1739409008856969e-22
1188358.2550779604 1.1653775809922053e-22
1190796.2996152362 1.156796692528615e-22
1193239.3460626183 1.148198199451134e-22
1195687.4046820572 1.1395820656420253e-22
1198140.4857565719 1.130948254909398e-22
1200598.5995902577 1.1222967309871833e-22
1203061.756508371 1.113627457534834e-22
1205529.9668573306 1.1049403981373186e-22
1208003.2410048025 1.0962355163048276e-22
1210481.5893397077 1.0875127754727385e-22
1212965.022272282 1.0787721390014143e-22
1215453.5502341327 1.0700135701759955e-22
1217947.18367825 1.0612370322063662e-22
1220445.9330790886 1.0524424882268641e-22
1222949.8089325777 1.0436299012962436e-22
1225458.8217561804 1.034799234397472e-22
1227972.9820889528 1.0259504504375171e-22
1230492.3004915519 1.0170835122473195e-22
1233016.787546322 1.0081983825814918e-22
1235546.4538572978 9.992950241183026e-23
1238081.3100502898 9.903733994593824e-23
1240621.366772893 9.814334711296879e-23
1243166.634694547 9.724752015772901e-23
1245717.1245065958 9.634985531731682e-23
1248272.8469222991 9.545034882111679e-23
1250833.812676914 9.454899689077099e-23
1253400.0325277038 9.364579574017662e-23
1255971.517254021 9.274074157545626e-23
1258548.2776573175 9.183383059495429e-23
1261130.324561206 9.092505898921557e-23
1263717.6688115203 8.711401532776595e-23
1266310.321276325 8.667036104940548e-23
1268908.2928460024 8.622579656666325e-23
1271511.594433262 8.578032001215817e-23
1274120.2369732016 8.533392951467804e-23
1276734.2314233698 8.48866231991688e-23
1279353.5887637744 8.443839918673334e-23
1281978.3199969712 8.398925559461611e-23
1284608.4361480668 8.353919053620247e-23
1287243.9482648096 8.308820212100354e-23
1289884.8674175974 8.263628845465466e-23
1292531.204699539 8.218344763890468e-23
1295182.9712265194 8.172967777160529e-23
1297840.1781372067 8.127497694670926e-23
1300502.8365931427 8.081934325425535e-23
1303170.9577787474 8.036277478036741e-23
1305844.5529014072 7.990526960723918e-23
1308523.633191487 7.94468258131325e-23
1311208.209902391 7.89874414723666e-23
1313898.2943106273 7.852711465530721e-23
1316593.8977158172 7.806584342836484e-23
1319295.0314407868 7.760362585397937e-23
1322001.7068315696 7.714045999061934e-23
1324713.9352574989 7.667634389276623e-23
1327431.728111217 7.621127561091285e-23
1330155.0968087397 7.574525319155251e-23
1332884.0527895198 7.527827467716773e-23
1335618.607516458 7.481033810622884e-23
1338358.772475994 7.43414415131781e-23
1341104.559178116 7.387158292842807e-23
1343855.9791564282 7.340076037835034e-23
1346613.0439682116 7.292897188526474e-23
1349375.765194438 7.245621546743732e-23
1352144.1544398589 7.198248913906473e-23
1354918.2233330132 7.150779091027323e-23
1357697.9835263195 7.103211878710285e-23
1360483.4466960856 7.055547077150576e-23
1363274.624542574 7.00778448613347e-23
1366071.5287900686 6.959923905033213e-23
1368874.171186885 6.911965132812821e-23
1371682.5635054638 6.86390796802248e-23
1374496.7175423752 6.815752208799459e-23
1377316.6451184142 6.767497652866497e-23
1380142.3580786106 6.719144097531643e-23
1382973.8682922956 6.670691339687088e-23
1385811.187653168 6.622139175808042e-23
1388654.3280793063 6.573487401952545e-23
1391503.3015132614 6.524735813759844e-23
1394358.1199220698 6.475884206450202e-23
1397218.795297319 6.426932374823771e-23
1400085.3396552159 6.377880113259401e-23
1402957.7650365974 6.328727215714493e-23
1405836.0835070251 6.279473475723331e-23
1408720.307156793 6.230118686397012e-23
1411610.448101022 6.180662640421776e-23
1414506.5184796713 6.13110513005883e-23
1417408.530457606 5.973928240347907e-23
1420316.4962246667 5.942768325243024e-23
1423230.427995679 5.911544482227172e-23
1426150.3380105528 5.880256580145251e-23
1429076.2385342848 5.84890448757334e-23
1432008.1418570592 5.817488072817632e-23
1434946.0602942568 5.786007203914322e-23
1437890.0061865242 5.75446174862887e-23
1440839.991899845 5.722851574455255e-23
1443796.0298255486 5.691176548615853e-23
1446758.1323804099 5.659436538060386e-23
1449726.312006661 5.627631409465793e-23
1452700.5811720602 5.595761029235494e-23
1455680.952369963 5.563825263498623e-23
1458667.4381193318 5.531823978109919e-23
1461660.0509648377 5.499757038648661e-23
1464658.803476864 5.467624310418594e-23
1467663.7082516076 5.435425658446867e-23
1470674.7779110903 5.403160947483914e-23
1473692.025103229 5.370830042002683e-23
1476715.4625019068 5.338432806197889e-23
1479745.102806985 5.305969103985879e-23
1482780.9587444041 5.273438799003555e-23
1485823.0430661892 5.240841754608311e-23
1488871.3685505514 5.2081778338769506e-23
1491925.9480018995 5.175446899605551e-23
1494986.7942509127 5.1426488143087077e-23
1498053.9201546109 5.109783440218751e-23
1501127.3385963677 5.0768506392856366e-23
1504207.0624860127 5.043850273175814e-23
1507293.1047598373 5.010782203272208e-23
1510385.4783806964 4.977646290673087e-23
1513484.1963380226 4.944442396191939e-23
1516589.2716478973 4.9111703803567056e-23
1519700.7173531235 4.8778301034089766e-23
1522818.5465232392 4.84442142530389e-23
1525942.7722546204 4.8109442057089936e-23
1529073.4076704925 4.77739830400413e-23
1532210.4659210057 4.743783579280644e-23
1535353.9601833068 4.7100998903405886e-23
1538503.9036615526 4.676347095696608e-23
1541660.3095870148 4.642525053570793e-23
1544823.1912180847 4.608633621894634e-23
1547992.56184038 4.5746726583078895e-23
1551168.4347667573 4.540642020158445e-23
1554350.8233373843 4.506541564501525e-23
1557539.740919818 4.472371148098878e-23
1560735.2009090139 4.4381306274186615e-23
1563937.216727435 4.4038198586342864e-23
1567145.8018250554 4.369438697624364e-23
1570360.9696794697 4.334986999971551e-23
1573582.7337959036 4.3004646209624184e-23
1576811.107707291 4.2658714155866435e-23
1580046.104974348 4.231207238536195e-23
1583287.739185587 4.1964719442052016e-23
1586536.023957425 4.161665386688789e-23
1589790.972934194 4.241771341173433e-23
1593052.5997882194 4.2182666194567473e-23
1596320.9182198965 4.194713675280047e-23
1599595.9419577024 4.171112409709874e-23
1602877.684758305 4.1474627236096074e-23
1606166.1604065702 4.1237645176394255e-23
1609461.3827156706 4.1000176922555147e-23
1612763.3655270995 4.076222147709968e-23
1616072.1227107455 4.052377784050249e-23
1619387.6681649743 4.02848450111861e-23
1622710.0158166382 4.004542198552002e-23
1626039.1796211894 3.98055077578129e-23
1629375.173562683 3.956510132031198e-23
1632718.0116538925 3.932420166319504e-23
1636067.7079363184 3.908280777456959e-23
1639424.27648027 3.8840918640467106e-23
1642787.7313849428 3.8598533244837354e-23
1646158.0867784317 3.835565056954754e-23
1649535.3568178436 3.8112269594374035e-23
1652919.5556893041 3.78683892970021e-23
1656310.6976080688 3.7624008653017716e-23
1659708.7968185383 3.737912663590655e-23
1663113.8675943362 3.713374221704829e-23
1666525.924238391 3.688785436571085e-23
1669944.9810829482 3.664146204904944e-23
1673371.0524896837 3.639456423209829e-23
1676804.1528497182 3.614715987776979e-23
1680244.2965836974 3.589924794684862e-23
1683691.4981418727 3.565082739798592e-23
1687145.7720041142 3.540189718769837e-23
1690607.1326800268 3.515245627035986e-23
1694075.5947089556 3.4902503598201025e-23
1697551.172660103 3.465203812130094e-23
1701033.8811325398 3.44010587875861e-23
1704523.7347552895 3.414956454282459e-23
1708020.7481874088 3.3897554330620125e-23
1711524.9361180011 3.3645027092411096e-23
1715036.3132663346 3.3391981767462154e-23
1718554.8943818472 3.3138417292863736e-23
1722080.6942442646 3.2884332603523614e-23
1725613.7276636146 3.262972663216584e-23
1729154.009480308 3.237459830932498e-23
1732701.554565225 3.2118946563339814e-23
1736256.3778197258 3.1862770320352613e-23
1739818.4941757706 3.1606068504300437e-23
1743387.9185959331 3.134884003691425e-23
1746964.6660734843 3.1091083837712787e-23
1750548.751632477 3.083279882399659e-23
1754140.1903277587 3.0573983910846877e-23
1757738.9972450922 3.0314638011117096e-23
1761345.1875011618 3.0054760035432284e-23
1764958.7762436937 2.979434889218046e-23
1768579.7786514699 2.953340348751166e-23
1772208.2099344137 2.927192272533174e-23
1775844.0853336742 2.900990550729622e-23
1779487.420121641 2.8747350732809413e-23
1783138.2296020652 2.800703079446473e-23
1786796.5291100664 2.78854267682577e-23
1790462.3340122546 2.7763573258335783e-23
1794135.6597067446 2.7641469752856595e-23
1797816.5216232415 2.751911573892767e-23
1801504.935223129 2.739651070260351e-23
1805200.9159994815 2.727365412888525e-23
1808904.479477188 2.715054550171641e-23
1812615.6412129605 2.7027184303982765e-23
1816334.4167954556 2.6903570017508205e-23
1820060.8218452896 2.677970212305425e-23
1823794.8720151267 2.6655580100317155e-23
1827536.582989766 2.653120342792497e-23
1831285.9704861562 2.6406571583437067e-23
1835043.0502535207 2.628168404334002e-23
1838807.8380733717 2.615654028304707e-23
1842580.349759599 2.603113977689525e-23
1846360.6011585582 2.5905481998142364e-23
1850148.6081490866 2.5779566418966526e-23
1853944.3866426274 2.5653392510462015e-23
1857747.9525832387 2.5526959742638976e-23
1861559.3219477187 2.5400267584419225e-23
1865378.5107456222 2.5273315503635762e-23
1869205.5350193484 2.5146102967029804e-23
1873040.4108442327 2.5018629440247758e-23
1876883.1543285595 2.4890894387840767e-23
1880733.7816136924 2.4762897273260426e-23
1884592.3088740797 2.4634637558858568e-23
1888458.752317384 2.4506114705882962e-23
1892333.128184497 2.4377328174476807e-23
1896215.4527496295 2.424827742367578e-23
1900105.7423204049 2.4118961911404893e-23
1904004.0132378715 2.3989381094478085e-23
1907910.2818766346 2.3859534428593852e-23
1911824.56464487 2.37294213683348e-23
1915746.8779844171 2.3599041367164507e-23
1919677.2383708707 2.346839387742452e-23
1923615.6623135954 2.3337478350333842e-23
1927562.166355859 2.320629423598456e-23
1931516.7670748367 2.3074840983341595e-23
1935479.481081746 2.2943118040238312e-23
1939450.3250218604 2.2811124853376054e-23
1943429.3155746025 2.2678860868320998e-23
1947416.4694536387 2.2546325529501054e-23
1951411.8034068933 2.2413518280205363e-23
1955415.3342166825 2.228043856257987e-23
1959427.078699722 2.2147085817627067e-23
1963447.0537072595 2.2013459485201565e-23
1967475.2761250923 2.187955900400954e-23
1971511.7628736596 2.174538381160565e-23
1975556.5309081394 2.1610933344389804e-23
1979609.5972184625 2.1476207037606718e-23
1983670.978829449 2.1341204325341367e-23
1987740.6928008145 2.1205924640518767e-23
1991818.7562273077 2.1070367414899437e-23
1995905.1862387229 2.0934532079078924e-23
2000000.0 2.100588357931731e-23
3510427.403489023 1e-300
6161550.27758334 1e-300
10814837.471201997 1e-300
18982350.911593705 1e-300
33318082.41135169 1e-300
58480354.76425728 1e-300
102645519.9651045 1e-300
180164823.0654412 1e-300
316227766.01683795 1e-300
