8000.0 6.0265365377330176e-18
8976.147634415705 5.511809657804613e-18
10071.40329435334 4.708711101058934e-18
11300.300356982032 4.003637468864641e-18
12679.145539688912 3.679147483936966e-18
14226.235280311383 3.017081474454826e-18
15962.09851975103 2.695473812410298e-18
17909.76910854672 2.3227703793944226e-18
20095.091452076635 2.025965765238856e-18
22547.06345011564 1.7148428283210988e-18
25298.221281347036 1.4356206619614432e-18
28385.071138686028 1.2427329642065949e-18
31848.57364427979 1.048800372484169e-18
35734.68737207704 8.972971401265345e-19
40094.9786901818 7.744926209158132e-19
44987.30601522793 6.534367808258456e-19
50476.58755841545 5.421858771635043e-19
56635.66275073104 4.547221660134394e-19
63546.25877794251 3.815745771553811e-19
71300.07505069967 3.1530700587298823e-19
80000.0 2.6130819756167814e-19
89761.47634415708 2.157951191743192e-19
100714.0329435334 1.7738137110195863e-19
113003.00356982033 1.452486514039697e-19
126791.45539688908 1.183849031342578e-19
142262.35280311384 9.546575579299285e-20
159620.98519751037 7.68217920008543e-20
179097.6910854672 6.206623241245923e-20
200950.91452076635 4.897148261746498e-20
225470.6345011563 3.8624336136087535e-20
252982.21281347034 3.055728193487621e-20
283850.7113868604 2.3768183217125366e-20
318485.7364427979 1.83378457688509e-20
357346.8737207704 1.3841072047123843e-20
400949.7869018178 1.0374099953454538e-20
449873.0601522793 7.909855092107983e-21
504765.8755841546 5.784284087973899e-21
566356.6275073105 4.20066479349379e-21
635462.5877794251 3.06734390094079e-21
713000.7505069964 2.218349255202452e-21
800000.0 1.5843801147404602e-21
897614.7634415708 1.0719718664959504e-21
1007140.3294353338 7.571115997485767e-22
1130030.0356982036 5.195163353311964e-22
1267914.5539688906 3.3919249567265757e-22
1422623.5280311385 2.3046918490221754e-22
1596209.8519751038 1.5276596613965281e-22
1790976.9108546716 9.942134418562797e-23
2009509.145207664 6.41325699088741e-23
2254706.345011563 4.1370549900480466e-23
2529822.1281347037 2.680570670806802e-23
2838507.113868604 1.7728524888559275e-23
3184857.3644279777 1.195468746102735e-23
3573468.737207705 8.262489180053413e-24
4009497.869018178 5.716647894055988e-24
4498730.601522792 4.421775610203914e-24
5047658.755841546 3.2360879750390937e-24
5663566.275073104 2.2796018859684392e-24
6354625.877794252 1.8182103247296388e-24
7130007.505069965 1.2024321705948611e-24
8000000.0 1.0516110987504485e-24
12037171.075534001 1e-300
18111685.93770908 1e-300
27251682.76231844 1e-300
41004145.938276075 1e-300
61696739.93314894 1e-300
92831776.67225546 1e-300
139678997.1312137 1e-300
210167498.0159302 1e-300
316227766.01683795 1e-300
