40000.0 2.923274873781768e-20
44880.73817207852 2.5713271382047626e-20
50357.0164717667 2.2596742469349e-20
56501.501784910164 1.9837538291248295e-20
63395.72769844456 1.7388387537783074e-20
71131.17640155692 1.5221020252477394e-20
79810.49259875515 1.3303802560515198e-20
89548.8455427336 1.1609040991173987e-20
100475.45726038318 1.0112042467088347e-20
112735.3172505782 8.790537799697929e-21
126491.10640673517 7.620965631792202e-21
141925.35569343015 6.5903899364528034e-21
159242.86822139894 5.683798429566678e-21
178673.4368603852 4.888576369943903e-21
200474.89345090897 4.1929864948622665e-21
224936.53007613964 3.585529032105935e-21
252382.9377920772 3.05307413111031e-21
283178.31375365524 2.5909090472826754e-21
317731.29388971254 2.190891485145305e-21
356500.3752534984 1.8458774827711253e-21
400000.0 1.5493978627888854e-21
448807.3817207854 1.295510529019114e-21
503570.16471766704 1.0780312721523495e-21
565015.0178491016 8.936312642095758e-22
633957.2769844453 7.378570955008722e-22
711311.7640155692 6.067422452798143e-22
798104.9259875519 4.967918837477446e-22
895488.4554273359 4.0494850103326908e-22
1004754.5726038318 3.281586945135718e-22
1127353.1725057815 2.6460416812038474e-22
1264911.0640673516 2.1226470359186556e-22
1419253.556934302 1.6936778874111075e-22
1592428.6822139893 1.3438453975102119e-22
1786734.368603852 1.0600899937731679e-22
2004748.9345090888 8.297436600008837e-23
2249365.3007613965 6.452897142074803e-23
2523829.3779207733 4.9843268653527814e-23
2831783.1375365523 3.82211293953934e-23
3177312.9388971254 2.9083825559397446e-23
3565003.7525349823 2.195269468187393e-23
4000000.0 1.6391931526174165e-23
4488073.817207854 1.2123631740569459e-23
5035701.647176669 8.875903795451663e-24
5650150.178491018 6.4263948647778255e-24
6339572.769844454 4.597724407261317e-24
7113117.640155692 3.2493652553424093e-24
7981049.259875519 2.2571215667929386e-24
8954884.554273358 1.5431677532673287e-24
10047545.726038322 1.0373938421188847e-24
11273531.725057816 6.853809759915848e-25
12649110.640673518 4.447521566626032e-25
14192535.56934302 2.8310594172310597e-25
15924286.822139887 1.7539886093603792e-25
17867343.686038528 1.0632809615155716e-25
20047489.34509089 6.329363886915349e-26
22493653.007613964 3.720156949459914e-26
25238293.77920773 2.1571779139028212e-26
28317831.375365518 1.2063245081582031e-26
31773129.388971258 6.556116740808112e-27
35650037.52534982 3.0188674214008435e-27
40000000.0 9.919445023566511e-28
50330483.608206674 1e-300
63328939.505899 1e-300
79684403.79316902 1e-300
100263864.47354534 1e-300
126158219.68453044 1e-300
158740105.19682017 1e-300
199736656.56433856 1e-300
251321062.97923663 1e-300
316227766.01683795 1e-300
