0.0785412918011 2.69539120273e-21
0.0881247788256 3.1229509195e-21
0.0988776281236 4.06794813832e-21
0.110942523472 4.67506755614e-21
0.124479558703 5.86733522086e-21
0.139668362048 9.17016565816e-21
0.1567104797 1.66160166234e-20
0.175832050206 3.23872509642e-20
0.197286805189 5.55842264802e-20
0.221359436212 7.6604507125e-20
0.248369372464 9.43133616441e-20
0.278675019387 1.09239748757e-19
0.312678514506 1.19465765226e-19
0.350831063539 1.25542139802e-19
0.393638927633 1.28077367471e-19
0.441670141136 1.22033819937e-19
0.495562049069 1.1160357477e-19
0.556029764307 1.15362440521e-19
0.623875656694 1.25365338448e-19
0.7 1.28743543026e-19
0.785412918011 1.28260190382e-19
0.881247788256 1.27896851503e-19
0.988776281236 1.33075429757e-19
1.10942523472 1.42522773783e-19
1.24479558703 1.52346634517e-19
1.39668362048 1.58916697261e-19
1.567104797 1.64464792181e-19
1.75832050206 1.68022409231e-19
1.97286805189 1.69392393671e-19
2.21359436212 1.67779172378e-19
2.48369372464 1.62800289869e-19
2.78675019387 1.57387281971e-19
3.12678514506 1.50979134693e-19
3.50831063539 1.44456431424e-19
3.93638927633 1.38822636428e-19
4.41670141136 1.33944819252e-19
4.95562049069 1.29225191839e-19
5.56029764307 1.23911825345e-19
6.23875656694 1.16564824028e-19
7.0 1.07553934517e-19
7.85412918011 9.88305615351e-20
8.81247788256 9.07157185365e-20
9.88776281236 8.32773214675e-20
11.0942523472 7.60118279858e-20
12.4479558703 6.93170384347e-20
13.9668362048 6.32567121479e-20
15.67104797 5.79871962245e-20
17.5832050206 5.32071965886e-20
19.7286805189 4.87976928823e-20
22.1359436212 4.44487849894e-20
24.8369372464 4.04200730159e-20
27.8675019387 3.70469363525e-20
31.2678514506 3.38972683583e-20
35.0831063539 3.09076239928e-20
39.3638927633 2.80597801714e-20
44.1670141136 2.548522469e-20
49.5562049069 2.32105532172e-20
55.6029764307 2.1116466526e-20
62.3875656694 1.91879039398e-20
70.0 1.74455515138e-20
78.5412918011 1.58847489751e-20
88.1247788256 1.443187688e-20
98.8776281236 1.31112109523e-20
110.942523472 1.19030082266e-20
124.479558703 1.08067811384e-20
139.668362048 9.80813635659e-21
156.7104797 8.89497247618e-21
175.832050206 8.06611107191e-21
197.286805189 7.32263165876e-21
221.359436212 6.62858513244e-21
248.369372464 5.9963779018e-21
278.675019387 5.44117263173e-21
312.678514506 4.92626172329e-21
350.831063539 4.46035141494e-21
393.638927633 4.03627904462e-21
441.670141136 3.6556702262e-21
495.562049069 3.31230866103e-21
556.029764307 3.00090831663e-21
623.875656694 2.71390762514e-21
700.0 2.45199441811e-21
785.412918011 2.21407519566e-21
881.247788256 1.99840031609e-21
988.776281236 1.80932698579e-21
1109.42523472 1.63515735301e-21
1244.79558703 1.47625555511e-21
1396.68362048 1.3343879403e-21
1567.104797 1.20551902394e-21
1758.32050206 1.08948183871e-21
1972.86805189 9.84946054902e-22
2213.59436212 8.90271568791e-22
2483.69372464 8.04395379886e-22
2786.75019387 7.25844194311e-22
3126.78514506 6.55274292365e-22
3508.31063539 5.91659196281e-22
3936.38927633 5.33267584562e-22
4416.70141136 4.81185199667e-22
4955.62049069 4.33092356576e-22
5560.29764307 3.89698512154e-22
6238.75656694 3.51319861096e-22
7000.0 3.16722120242e-22
7854.12918011 2.85133306077e-22
8812.47788256 2.56887936963e-22
9887.76281236 2.30933133762e-22
11094.2523472 2.07892621458e-22
12447.9558703 1.87544693474e-22
13966.8362048 1.69250943452e-22
15671.04797 1.52524900886e-22
17583.2050206 1.37570567409e-22
19728.6805189 1.23966238233e-22
22135.9436212 1.11847840387e-22
24836.9372464 1.0096004573e-22
27867.5019387 9.12448171255e-23
31267.8514506 8.27174323321e-23
35083.1063539 7.49339641133e-23
39363.8927633 6.79823802952e-23
44167.0141136 6.17059265286e-23
49556.2049069 5.60608785548e-23
55602.9764307 5.09865817359e-23
62387.5656694 4.64661053468e-23
70000.0 4.24300248988e-23
78541.2918011 3.87866794074e-23
88124.7788256 3.54983428749e-23
98877.6281236 3.25193915203e-23
110942.523472 2.9875303646e-23
124479.558703 2.75109994784e-23
139668.362048 2.5407649152e-23
156710.4797 2.35029502452e-23
175832.050206 2.17565873303e-23
197286.805189 2.02215523241e-23
221359.436212 1.88681874126e-23
248369.372464 1.76424372766e-23
278675.019387 1.65242972109e-23
312678.514506 1.55196489477e-23
350831.063539 1.46290233697e-23
393638.927633 1.3817754383e-23
441670.141136 1.3060902047e-23
495562.049069 1.23748606849e-23
556029.764307 1.17677684748e-23
623875.656694 1.12047837418e-23
700000.0 1.06783348312e-23
785412.918011 1.01839561504e-23
881247.788256 9.70100261148e-24
988776.281236 9.24945425901e-24
1109425.23472 8.81578443157e-24
1244795.58703 8.38294244173e-24
1396683.62048 7.96452381224e-24
1567104.797 7.56549526643e-24
1758320.50206 7.17252394205e-24
1972868.05189 6.78307299699e-24
2213594.36212 6.40092820487e-24
2483693.72464 6.02103234361e-24
2786750.19387 5.64468294114e-24
3126785.14506 5.2755492889e-24
3508310.63539 4.91700981705e-24
3936389.27633 4.56602672001e-24
4416701.41136 4.22041695767e-24
4955620.49069 3.88126048128e-24
5560297.64307 3.55040474929e-24
6238756.56694 3.23017053817e-24
7000000.0 2.91846823317e-24
7854129.18011 2.61891486814e-24
8812477.88256 2.33214167291e-24
9887762.81236 2.05661541209e-24
11094252.3472 1.7957182548e-24
12447955.8703 1.55165166303e-24
13966836.2048 1.32251219684e-24
15671047.97 1.11151492307e-24
17583205.0206 9.20371025206e-25
19728680.5189 7.4794532182e-25
22135943.6212 5.95710024399e-25
24836937.2464 4.64150871456e-25
27867501.9387 3.5135886464e-25
31267851.4506 2.58551133426e-25
35083106.3539 1.84225321089e-25
39363892.7633 1.26082931539e-25
44167014.1136 8.3307015084e-26
49556204.9069 5.35902210441e-26
55602976.4307 3.44707160351e-26
62387565.6694 2.33562293356e-26
70000000.0 1.77017079173e-26
82768469.4755 1e-300
97865993.4188 1e-300
115717406.985 1e-300
136825038.112 1e-300
161782842.721 1e-300
191293118.277 1e-300
226186266.014 1e-300
267444157.92 1e-300
316227766.017 1e-300
