4000.0 2.0729679712202368e-17
4488.073817207853 1.91221126641528e-17
5035.70164717667 1.7130267666736474e-17
5650.150178491016 1.498372524275424e-17
6339.572769844456 1.2661087643272938e-17
7113.117640155691 1.1950574830901767e-17
7981.049259875515 1.0638931950796904e-17
8954.88455427336 9.60342717489182e-18
10047.545726038317 8.49639081382612e-18
11273.53172505782 7.277005684633702e-18
12649.110640673518 6.513402445950404e-18
14192.535569343014 5.717571501884545e-18
15924.286822139895 4.9425557957844776e-18
17867.34368603852 4.315072489721389e-18
20047.4893450909 3.790088518692856e-18
22493.653007613964 3.2808543171985215e-18
25238.293779207725 2.8261069041492473e-18
28317.83137536552 2.4370266619142716e-18
31773.129388971254 2.0803411346314506e-18
35650.037525349835 1.768319959893348e-18
40000.0 1.4858199741142679e-18
44880.73817207854 1.2484892667110468e-18
50357.0164717667 1.0549369547625797e-18
56501.501784910164 8.81122791531721e-19
63395.72769844454 7.31904485382289e-19
71131.17640155692 6.07244640109793e-19
79810.49259875518 5.005009308466215e-19
89548.8455427336 4.1090104841103516e-19
100475.45726038318 3.355218736575063e-19
112735.31725057815 2.7156186792151016e-19
126491.10640673517 2.190363303521543e-19
141925.3556934302 1.7566576476777529e-19
159242.86822139894 1.4053971394233847e-19
178673.4368603852 1.1182455078785706e-19
200474.8934509089 8.727092118453472e-20
224936.53007613964 6.875442062620065e-20
252382.9377920773 5.33381023807287e-20
283178.31375365524 4.0626635248936114e-20
317731.29388971254 3.100692252924672e-20
356500.3752534982 2.3346229343920207e-20
400000.0 1.755103164377271e-20
448807.3817207854 1.3004936874129935e-20
503570.1647176669 9.664798920861777e-21
565015.0178491018 6.882956039507933e-21
633957.2769844453 4.9228570938084405e-21
711311.7640155692 3.476965061209565e-21
798104.9259875519 2.4135613246285705e-21
895488.4554273358 1.6846690817169983e-21
1004754.572603832 1.106327159790331e-21
1127353.1725057815 7.38131122849921e-22
1264911.0640673519 4.797644241685786e-22
1419253.556934302 2.9823778517416715e-22
1592428.6822139889 1.8449827609549253e-22
1786734.3686038526 1.1023244149022815e-22
2004748.934509089 6.419753341295077e-23
2249365.300761396 3.6489646687969716e-23
2523829.377920773 2.0065158303655773e-23
2831783.137536552 1.0857836363523017e-23
3177312.938897126 5.483835586966012e-24
3565003.7525349823 2.3996358810472364e-24
4000000.0 9.522343057753799e-25
6500431.924421637 1e-300
10563903.801010016 1e-300
17167484.378651142 1e-300
27899015.879248403 1e-300
45338913.370353214 1e-300
73680629.97280774 1e-300
119738979.82168451 1e-300
194588771.7576386 1e-300
316227766.01683795 1e-300
