200.0 1.1977129512617226e-13
224.4036908603926 1.1275290338462383e-13
251.7850823588335 1.05593314487639e-13
282.5075089245508 9.838579486281815e-14
316.9786384922228 9.109112471936311e-14
355.65588200778456 8.392934383937539e-14
399.0524629937758 7.696625852834062e-14
447.74422771366795 7.026579855074048e-14
502.3772863019159 6.388224704771655e-14
563.676586252891 5.785557665121632e-14
632.4555320336759 5.2140961737043355e-14
709.6267784671506 4.6838241649145934e-14
796.2143411069947 4.194935754443405e-14
893.367184301926 3.7459373397041284e-14
1002.3744672545449 3.335243448203986e-14
1124.682650380698 2.961994324198123e-14
1261.914688960386 2.6212557664530557e-14
1415.891568768276 2.311451279827578e-14
1588.6564694485628 2.0299883216147782e-14
1782.5018762674918 1.7740701021493906e-14
2000.0 1.5408474308445195e-14
2244.0369086039273 1.3276024388833735e-14
2517.850823588335 1.1290994566358625e-14
2825.075089245508 9.521020185079233e-15
3169.7863849222267 8.008198110890097e-15
3556.558820077846 6.732910303410795e-15
3990.52462993776 5.652030190933795e-15
4477.44227713668 4.720125504840302e-15
5023.772863019159 3.909659289564601e-15
5636.765862528908 3.2161173059276456e-15
6324.555320336758 2.626405139949579e-15
7096.2677846715105 2.128045984607446e-15
7962.143411069947 1.7098124347954693e-15
8933.67184301926 1.3617954495314543e-15
10023.744672545445 1.0716459875525483e-15
11246.826503806982 8.34499081424167e-16
12619.146889603866 6.423135891432673e-16
14158.91568768276 4.881875544960776e-16
15886.564694485627 3.6605078999038907e-16
17825.01876267491 2.705193274996571e-16
20000.0 1.960146521301012e-16
22440.36908603927 1.3973015355777716e-16
25178.508235883346 9.791888605912145e-17
28250.750892455093 6.740178118545691e-17
31697.86384922227 4.554502238937884e-17
35565.58820077846 3.020563238334576e-17
39905.24629937759 1.9541761138414383e-17
44774.422771366786 1.2395008127249675e-17
50237.7286301916 7.702670732687438e-18
56367.65862528908 4.683856485108007e-18
63245.553203367585 2.78156601922892e-18
70962.6778467151 1.60877648278367e-18
79621.43411069944 9.039322377461992e-19
89336.71843019263 4.949084288401594e-19
100237.44672545444 2.6672488870920993e-19
112468.26503806982 1.4278808032559398e-19
126191.46889603866 7.855492778463624e-20
141589.1568768276 4.639392642497214e-20
158865.6469448563 2.9260726443569356e-20
178250.18762674913 1.871697801268523e-20
200000.0 1.3647341029155232e-20
453389.1337035321 1e-300
1027808.5328021944 1e-300
2329986.101501426 1e-300
5281951.900505007 1e-300
11973897.982168451 1e-300
27144176.165949065 1e-300
61534372.58487855 1e-300
139495079.3962423 1e-300
316227766.01683795 1e-300
