100.0 7.83031913544e-15
112.20184543 6.96652939618e-15
125.892541179 6.21514689823e-15
141.253754462 5.55346559589e-15
158.489319246 4.94805877595e-15
177.827941004 4.41066202461e-15
199.526231497 3.9315785521e-15
223.872113857 3.5037913943e-15
251.188643151 3.12341811527e-15
281.838293126 2.78945422002e-15
316.227766017 2.48461114585e-15
354.813389234 2.21306716491e-15
398.107170553 1.97346650301e-15
446.683592151 1.75836619187e-15
501.187233627 1.56389602529e-15
562.34132519 1.39406360526e-15
630.95734448 1.23933679449e-15
707.945784384 1.10555646038e-15
794.328234724 9.86209727165e-16
891.250938134 8.78087419013e-16
1000.0 7.8082240579e-16
1122.0184543 6.96250773773e-16
1258.92541179 6.19306427205e-16
1412.53754462 5.50312441652e-16
1584.89319246 4.89321088338e-16
1778.27941004 4.35031631179e-16
1995.26231497 3.8637582047e-16
2238.72113857 3.43289774093e-16
2511.88643151 3.05577403067e-16
2818.38293126 2.71481211524e-16
3162.27766017 2.41014793075e-16
3548.13389234 2.13670308926e-16
3981.07170553 1.89123221793e-16
4466.83592151 1.67564632215e-16
5011.87233627 1.48573227013e-16
5623.4132519 1.31580397754e-16
6309.5734448 1.16497625801e-16
7079.45784384 1.03039573536e-16
7943.28234724 9.09056088413e-17
8912.50938134 7.98744308799e-17
10000.0 7.0157057836e-17
11220.184543 6.16349203423e-17
12589.2541179 5.40529954226e-17
14125.3754462 4.73475131703e-17
15848.9319246 4.14654649385e-17
17782.7941004 3.62809275418e-17
19952.6231497 3.15261936077e-17
22387.2113857 2.73596215907e-17
25118.8643151 2.36717129031e-17
28183.8293126 2.03992308451e-17
31622.7766017 1.75026279133e-17
35481.3389234 1.49531209626e-17
39810.7170553 1.27017575883e-17
44668.3592151 1.07705357598e-17
50118.7233627 9.10603090637e-18
56234.132519 7.67562312132e-18
63095.734448 6.42405656135e-18
70794.5784384 5.37546809262e-18
79432.8234724 4.4377054422e-18
89125.0938134 3.62328105106e-18
100000.0 3.05415173967e-18
244843.674682 1e-300
599484.250319 1e-300
1467799.26762 1e-300
3593813.6638 1e-300
8799225.43569 1e-300
21544346.9003 1e-300
52749970.637 1e-300
129154966.501 1e-300
316227766.017 1e-300
