100.0 7.106886878243942e-15
112.2018454301963 6.5829926133028096e-15
125.89254117941675 6.120801349812738e-15
141.2537544622754 5.709152394218386e-15
158.4893192461114 5.356669030491167e-15
177.82794100389228 5.038094104868906e-15
199.5262314968879 4.749243951657694e-15
223.87211385683398 4.486363529212165e-15
251.18864315095794 4.249353490521512e-15
281.8382931264455 4.043942138831548e-15
316.22776601683796 3.865821777952683e-15
354.8133892335753 3.705192552039382e-15
398.1071705534973 3.558052908517278e-15
446.683592150963 3.4268482580399946e-15
501.18723362727246 3.311791993199335e-15
562.341325190349 3.203959304272191e-15
630.957344480193 3.1047291337956666e-15
707.945784384138 3.0113815936857236e-15
794.3282347242814 2.928331882593918e-15
891.2509381337459 2.8504684496937076e-15
1000.0 2.7724083811775077e-15
1122.0184543019636 2.69637868625577e-15
1258.9254117941675 2.618793470153579e-15
1412.537544622754 2.53981714695793e-15
1584.8931924611134 2.4589102194980008e-15
1778.279410038923 2.376267754251892e-15
1995.26231496888 2.292231561462239e-15
2238.72113856834 2.2068059067147963e-15
2511.8864315095793 2.114435150033935e-15
2818.382931264454 2.0213012043728687e-15
3162.277660168379 1.925538374618182e-15
3548.1338923357553 1.8276156923894233e-15
3981.0717055349737 1.7285328834903204e-15
4466.83592150963 1.6284632521633272e-15
5011.872336272722 1.5272274652921081e-15
5623.413251903491 1.426508377492358e-15
6309.573444801933 1.3262694075261853e-15
7079.45784384138 1.2266737304782473e-15
7943.282347242814 1.1281806497521855e-15
8912.509381337455 1.0315692574934139e-15
10000.0 9.354433435024159e-16
11220.184543019635 8.416133871035095e-16
12589.254117941673 7.510045730033283e-16
14125.375446227546 6.641249990189633e-16
15848.931924611135 5.813359549807603e-16
17782.79410038923 5.03019870397049e-16
19952.623149688796 4.2836672747459793e-16
22387.211385683393 3.596835839160483e-16
25118.8643150958 2.9701431444499753e-16
28183.82931264454 2.4070790589866793e-16
31622.776601683792 1.9108146679678575e-16
35481.33892335755 1.4825447946329267e-16
39810.71705534972 1.1078985395439605e-16
44668.359215096316 7.991895913783733e-17
50118.72336272722 5.5178560972124675e-17
56234.13251903491 3.6466127294843815e-17
63095.73444801933 2.248777378093291e-17
70794.5784384138 1.2968540226235443e-17
79432.82347242815 6.956690780528474e-18
89125.09381337457 3.70620897540885e-18
100000.0 2.429628667628494e-18
244843.67468222292 1e-300
599484.2503189408 1e-300
1467799.2676220706 1e-300
3593813.6638046256 1e-300
8799225.435691074 1e-300
21544346.900318865 1e-300
52749970.6370262 1e-300
129154966.50148827 1e-300
316227766.01683795 1e-300
