100.0 5.823570024090477e-13
112.2018454301963 5.661577041660573e-13
125.89254117941675 5.469090728637185e-13
141.2537544622754 5.251828299098584e-13
158.4893192461114 5.003803019220347e-13
177.82794100389228 4.738610494647371e-13
199.5262314968879 4.459515375577817e-13
223.87211385683398 4.1712115851461756e-13
251.18864315095794 3.8780134830069384e-13
281.8382931264455 3.582624486667701e-13
316.22776601683796 3.282552726225936e-13
354.8133892335753 2.9882335759464424e-13
398.1071705534973 2.702152945414945e-13
446.683592150963 2.4267657298350106e-13
501.18723362727246 2.1643712486222113e-13
562.341325190349 1.917000156089706e-13
630.957344480193 1.6840779893640207e-13
707.945784384138 1.4703445958584796e-13
794.3282347242814 1.2759537662626123e-13
891.2509381337459 1.1009578160586218e-13
1000.0 9.451062055480399e-14
1122.0184543019636 8.077677568018935e-14
1258.9254117941675 6.863696325545494e-14
1412.537544622754 5.800731481477343e-14
1584.8931924611134 4.874997848696591e-14
1778.279410038923 4.073542406217229e-14
1995.26231496888 3.383911960328405e-14
2238.72113856834 2.7940845292914042e-14
2511.8864315095793 2.2886095826004405e-14
2818.382931264454 1.862986882780547e-14
3162.277660168379 1.5064908911042413e-14
3548.1338923357553 1.2096676227706504e-14
3981.0717055349737 9.641706755226173e-15
4466.83592150963 7.626161226472534e-15
5011.872336272722 5.969929882007539e-15
5623.413251903491 4.63220534986844e-15
6309.573444801933 3.561943679810324e-15
7079.45784384138 2.7125944506597924e-15
7943.282347242814 2.044287389749717e-15
8912.509381337455 1.523737468261985e-15
10000.0 1.119120864175135e-15
11220.184543019635 8.111652723458024e-16
12589.254117941673 5.796520456313436e-16
14125.375446227546 4.0781679480850867e-16
15848.931924611135 2.8214364631121074e-16
17782.79410038923 1.9182645022835218e-16
19952.623149688796 1.2693452739715733e-16
22387.211385683393 8.221740857834534e-17
25118.8643150958 5.196577158737529e-17
28183.82931264454 3.1964340393543866e-17
31622.776601683792 1.908718544864469e-17
35481.33892335755 1.1038877368033407e-17
39810.71705534972 6.111680208253082e-18
44668.359215096316 3.2656002469823767e-18
50118.72336272722 1.663761011020115e-18
56234.13251903491 7.992904346235592e-19
63095.73444801933 3.3242760283695894e-19
70794.5784384138 1.1810029119155957e-19
79432.82347242815 4.035286793221948e-20
89125.09381337457 1.4606953691982876e-20
100000.0 7.365025847563107e-21
244843.67468222292 1e-300
599484.2503189408 1e-300
1467799.2676220706 1e-300
3593813.6638046256 1e-300
8799225.435691074 1e-300
21544346.900318865 1e-300
52749970.6370262 1e-300
129154966.50148827 1e-300
316227766.01683795 1e-300
