11094.2523472 4.37887397606e-18
25100.0754888 1.47115388343e-18
39105.8986304 7.77212919836e-19
53111.721772 4.93275784698e-19
67117.5449136 3.43689605419e-19
81123.3680552 2.54574610383e-19
95129.1911968 1.97133002862e-19
109135.014338 1.57049659305e-19
123140.83748 1.28409199148e-19
137146.660622 1.07315175784e-19
151152.483763 9.12051787056e-20
165158.306905 7.83999194244e-20
179164.130046 6.78405919342e-20
193169.953188 5.95069446604e-20
207175.776329 5.27244083871e-20
221181.599471 4.6587611123e-20
235187.422613 4.20463563341e-20
249193.245754 3.75964847075e-20
263199.068896 3.42804265835e-20
277204.892037 3.09643684595e-20
291210.715179 2.84444966098e-20
305216.538321 2.60179977357e-20
319222.361462 2.38950659666e-20
333228.184604 2.21182930429e-20
347234.007745 2.03415201193e-20
361239.830887 1.89252966498e-20
375245.654029 1.76336716519e-20
389251.47717 1.63420466541e-20
403257.300312 1.52926098039e-20
417263.123453 1.43536478268e-20
431268.946595 1.34146858496e-20
445274.769736 1.25417735276e-20
459280.592878 1.1859448195e-20
473286.41602 1.11771228623e-20
487292.239161 1.04947975296e-20
501298.062303 9.89048797742e-21
515303.885444 9.39865649125e-21
529309.708586 8.90682500509e-21
543315.531728 8.41499351893e-21
557321.354869 7.93592660205e-21
571327.178011 7.5825122778e-21
585333.001152 7.22909795354e-21
599338.824294 6.87568362928e-21
613344.647436 6.52226930502e-21
627350.470577 6.19373447421e-21
641356.293719 5.94060114247e-21
655362.11686 5.68746781073e-21
669367.940002 5.43433447899e-21
683373.763143 5.18120114725e-21
697379.586285 4.92806781551e-21
711385.409427 4.73426810125e-21
725391.232568 4.55412434077e-21
739397.05571 4.37398058029e-21
753402.878851 4.19383681981e-21
767408.701993 4.01369305934e-21
781414.525135 3.83354929886e-21
795420.348276 3.69070192135e-21
809426.171418 3.56275603084e-21
823431.994559 3.43481014033e-21
837437.817701 3.30686424982e-21
851443.640843 3.17891835931e-21
865449.463984 3.0509724688e-21
879455.287126 2.92302657829e-21
893461.110267 2.8275910832e-21
907466.933409 2.7369270107e-21
921472.75655 2.6462629382e-21
935478.579692 2.5555988657e-21
949484.402834 2.46493479319e-21
963490.225975 2.37427072069e-21
977496.049117 2.28360664819e-21
991501.872258 2.19824392826e-21
1005507.6954 2.13482158272e-21
1019513.51854 2.07139923719e-21
1033519.34168 2.00797689165e-21
1047525.16482 1.94455454612e-21
1061530.98797 1.88113220058e-21
1075536.81111 1.81770985505e-21
1089542.63425 1.75428750952e-21
1103548.45739 1.69086516398e-21
1117554.28053 1.63861524098e-21
1131560.10367 1.59444226095e-21
1145565.92682 1.55026928092e-21
1159571.74996 1.50609630089e-21
1173577.5731 1.46192332087e-21
1187583.39624 1.41775034084e-21
1201589.21938 1.37357736081e-21
1215595.04252 1.32940438078e-21
1229600.86567 1.28523140075e-21
1243606.68881 1.24105842073e-21
1257612.51195 1.20939349314e-21
1271618.33509 1.17888881275e-21
1285624.15823 1.14838413236e-21
1299629.98137 1.11787945197e-21
1313635.80451 1.08737477158e-21
1327641.62766 1.05687009119e-21
1341647.4508 1.0263654108e-21
1355653.27394 9.95860730409e-22
1369659.09708 9.65356050019e-22
1383664.92022 9.3485136963e-22
1397670.74336 9.0503601334e-22
1411676.56651 8.8431182894e-22
1425682.38965 8.6358764454e-22
1439688.21279 8.4286346014e-22
1453694.03593 8.2213927574e-22
1467699.85907 8.0141509134e-22
1481705.68221 7.8069090694e-22
1495711.50536 7.5996672254e-22
1509717.3285 7.39242538141e-22
1523723.15164 7.18518353741e-22
1537728.97478 6.97794169341e-22
1551734.79792 6.77069984941e-22
1565740.62106 6.56345800541e-22
1579746.44421 6.41755309752e-22
1593752.26735 6.278267135e-22
1607758.09049 6.13898117248e-22
1621763.91363 5.99969520995e-22
1635769.73677 5.86040924743e-22
1649775.55991 5.72112328491e-22
1663781.38305 5.58183732238e-22
1677787.2062 5.44255135986e-22
1691793.02934 5.30326539734e-22
1705798.85248 5.16397943481e-22
1719804.67562 5.02469347229e-22
1733810.49876 4.88540750977e-22
1747816.3219 4.74612154724e-22
1761822.14505 4.61841043547e-22
1775827.96819 4.52542140069e-22
1789833.79133 4.43243236592e-22
1803839.61447 4.33944333114e-22
1817845.43761 4.24645429636e-22
1831851.26075 4.15346526159e-22
1845857.0839 4.06047622681e-22
1859862.90704 3.96748719204e-22
1873868.73018 3.87449815726e-22
1887874.55332 3.78150912248e-22
1901880.37646 3.68852008771e-22
1915886.1996 3.59553105293e-22
1929892.02274 3.50254201816e-22
1943897.84589 3.40955298338e-22
1957903.66903 3.31656394861e-22
1971909.49217 3.22357491383e-22
1985915.31531 3.16087388153e-22
1999921.13845 3.10039805602e-22
2013926.96159 3.0399222305e-22
2027932.78474 2.97944640498e-22
2041938.60788 2.91897057946e-22
2055944.43102 2.85849475395e-22
2069950.25416 2.79801892843e-22
2083956.0773 2.73754310291e-22
2097961.90044 2.67706727739e-22
2111967.72359 2.61659145188e-22
2125973.54673 2.55611562636e-22
2139979.36987 2.49563980084e-22
2153985.19301 2.43516397532e-22
2167991.01615 2.37468814981e-22
2181996.83929 2.31421232429e-22
2196002.66244 2.25373649877e-22
2210008.48558 2.19326067326e-22
2224014.30872 2.14917526935e-22
2238020.13186 2.11073039612e-22
2252025.955 2.07228552288e-22
2266031.77814 2.03384064965e-22
2280037.60128 1.99539577641e-22
2294043.42443 1.95695090318e-22
2308049.24757 1.91850602994e-22
2322055.07071 1.88006115671e-22
2336060.89385 1.84161628347e-22
2350066.71699 1.80317141024e-22
2364072.54013 1.76472653701e-22
2378078.36328 1.72628166377e-22
2392084.18642 1.68783679054e-22
2406090.00956 1.6493919173e-22
2420095.8327 1.61094704407e-22
2434101.65584 1.57250217083e-22
2448107.47898 1.5340572976e-22
2462113.30213 1.49561242436e-22
2476119.12527 1.45716755113e-22
2490124.94841 1.42529135317e-22
2504130.77155 1.40115164291e-22
2518136.59469 1.37701193266e-22
2532142.41783 1.3528722224e-22
2546148.24097 1.32873251214e-22
2560154.06412 1.30459280188e-22
2574159.88726 1.28045309163e-22
2588165.7104 1.25631338137e-22
2602171.53354 1.23217367111e-22
2616177.35668 1.20803396085e-22
2630183.17982 1.1838942506e-22
2644189.00297 1.15975454034e-22
2658194.82611 1.13561483008e-22
2672200.64925 1.11147511982e-22
2686206.47239 1.08733540956e-22
2700212.29553 1.06319569931e-22
2714218.11867 1.03905598905e-22
2728223.94182 1.01491627879e-22
2742229.76496 9.90776568533e-23
2756235.5881 9.66636858276e-23
2770241.41124 9.42497148018e-23
2784247.23438 9.1835743776e-23
2798253.05752 9.0206166335e-23
2812258.88066 8.87472685986e-23
2826264.70381 8.72883708622e-23
2840270.52695 8.58294731257e-23
2854276.35009 8.43705753893e-23
2868282.17323 8.29116776528e-23
2882287.99637 8.14527799164e-23
2896293.81951 7.99938821799e-23
2910299.64266 7.85349844435e-23
2924305.4658 7.70760867071e-23
2938311.28894 7.56171889706e-23
2952317.11208 7.41582912342e-23
2966322.93522 7.26993934977e-23
2980328.75836 7.12404957613e-23
2994334.58151 6.97815980248e-23
3008340.40465 6.83227002884e-23
3022346.22779 6.6863802552e-23
3036352.05093 6.54049048155e-23
3050357.87407 6.39460070791e-23
3064363.69721 6.24871093426e-23
3078369.52036 6.10282116062e-23
3092375.3435 5.95693138697e-23
3106381.16664 5.81104161333e-23
3120386.98978 5.66515183969e-23
3134392.81292 5.5524511887e-23
3148398.63606 5.46766305495e-23
3162404.4592 5.38287492119e-23
3176410.28235 5.29808678743e-23
3190416.10549 5.21329865367e-23
3204421.92863 5.12851051991e-23
3218427.75177 5.04372238615e-23
3232433.57491 4.95893425239e-23
3246439.39805 4.87414611863e-23
3260445.2212 4.78935798488e-23
3274451.04434 4.70456985112e-23
3288456.86748 4.61978171736e-23
3302462.69062 4.5349935836e-23
3316468.51376 4.45020544984e-23
3330474.3369 4.36541731608e-23
3344480.16005 4.28062918232e-23
3358485.98319 4.19584104856e-23
3372491.80633 4.11105291481e-23
3386497.62947 4.02626478105e-23
3400503.45261 3.94147664729e-23
3414509.27575 3.85668851353e-23
3428515.09889 3.77190037977e-23
3442520.92204 3.68711224601e-23
3456526.74518 3.60232411225e-23
3470532.56832 3.51753597849e-23
3484538.39146 3.43274784474e-23
3498544.2146 3.34795971098e-23
3512550.03774 3.27439586834e-23
3526555.86089 3.22668971529e-23
3540561.68403 3.17898356224e-23
3554567.50717 3.1312774092e-23
3568573.33031 3.08357125615e-23
3582579.15345 3.0358651031e-23
3596584.97659 2.98815895005e-23
3610590.79974 2.94045279701e-23
3624596.62288 2.89274664396e-23
3638602.44602 2.84504049091e-23
3652608.26916 2.79733433786e-23
3666614.0923 2.74962818482e-23
3680619.91544 2.70192203177e-23
3694625.73859 2.65421587872e-23
3708631.56173 2.60650972568e-23
3722637.38487 2.55880357263e-23
3736643.20801 2.51109741958e-23
3750649.03115 2.46339126653e-23
3764654.85429 2.41568511349e-23
3778660.67743 2.36797896044e-23
3792666.50058 2.32027280739e-23
3806672.32372 2.27256665435e-23
3820678.14686 2.2248605013e-23
3834683.97 2.17715434825e-23
3848689.79314 2.1294481952e-23
3862695.61628 2.08174204216e-23
3876701.43943 2.03403588911e-23
3890707.26257 1.98632973606e-23
3904713.08571 1.93862358302e-23
3918718.90885 1.89091742997e-23
3932724.73199 1.84321127692e-23
3946730.55513 1.8122529921e-23
3960736.37828 1.7872294961e-23
3974742.20142 1.7622060001e-23
3988748.02456 1.73718250409e-23
4002753.8477 1.71215900809e-23
4016759.67084 1.68713551208e-23
4030765.49398 1.66211201608e-23
4044771.31712 1.63708852008e-23
4058777.14027 1.61206502407e-23
4072782.96341 1.58704152807e-23
4086788.78655 1.56201803207e-23
4100794.60969 1.53699453606e-23
4114800.43283 1.51197104006e-23
4128806.25597 1.48694754405e-23
4142812.07912 1.46192404805e-23
4156817.90226 1.43690055205e-23
4170823.7254 1.41187705604e-23
4184829.54854 1.38685356004e-23
4198835.37168 1.36183006403e-23
4212841.19482 1.33680656803e-23
4226847.01797 1.31178307203e-23
4240852.84111 1.28675957602e-23
4254858.66425 1.26173608002e-23
4268864.48739 1.23671258402e-23
4282870.31053 1.21168908801e-23
4296876.13367 1.18666559201e-23
4310881.95681 1.161642096e-23
4324887.77996 1.1366186e-23
4338893.6031 1.111595104e-23
4352899.42624 1.08657160799e-23
4366905.24938 1.06154811199e-23
4380911.07252 1.03652461598e-23
4394916.89566 1.01150111998e-23
4408922.71881 9.86477623977e-24
4422928.54195 9.67053401839e-24
4436934.36509 9.54623577736e-24
4450940.18823 9.42193753634e-24
4464946.01137 9.29763929531e-24
4478951.83451 9.17334105428e-24
4492957.65766 9.04904281325e-24
4506963.4808 8.92474457223e-24
4520969.30394 8.8004463312e-24
4534975.12708 8.67614809017e-24
4548980.95022 8.55184984915e-24
4562986.77336 8.42755160812e-24
4576992.59651 8.30325336709e-24
4590998.41965 8.17895512606e-24
4605004.24279 8.05465688504e-24
4619010.06593 7.93035864401e-24
4633015.88907 7.80606040298e-24
4647021.71221 7.68176216196e-24
4661027.53535 7.55746392093e-24
4675033.3585 7.4331656799e-24
4689039.18164 7.30886743888e-24
4703045.00478 7.18456919785e-24
4717050.82792 7.06027095682e-24
4731056.65106 6.93597271579e-24
4745062.4742 6.81167447477e-24
4759068.29735 6.68737623374e-24
4773074.12049 6.56307799271e-24
4787079.94363 6.43877975169e-24
4801085.76677 6.31448151066e-24
4815091.58991 6.19018326963e-24
4829097.41305 6.0658850286e-24
4843103.2362 5.94158678758e-24
4857109.05934 5.81728854655e-24
4871114.88248 5.69299030552e-24
4885120.70562 5.5686920645e-24
4899126.52876 5.44439382347e-24
4913132.3519 5.32009558244e-24
4927138.17504 5.19579734142e-24
4941143.99819 5.07149910039e-24
4955149.82133 4.94720085936e-24
4969155.64447 4.88874573852e-24
4983161.46761 4.83258023624e-24
4997167.29075 4.77641473396e-24
5011173.11389 4.72024923169e-24
5025178.93704 4.66408372941e-24
5039184.76018 4.60791822713e-24
5053190.58332 4.55175272485e-24
5067196.40646 4.49558722257e-24
5081202.2296 4.43942172029e-24
5095208.05274 4.38325621801e-24
5109213.87589 4.32709071573e-24
5123219.69903 4.27092521345e-24
5137225.52217 4.21475971118e-24
5151231.34531 4.1585942089e-24
5165237.16845 4.10242870662e-24
5179242.99159 4.04626320434e-24
5193248.81474 3.99009770206e-24
5207254.63788 3.93393219978e-24
5221260.46102 3.8777666975e-24
5235266.28416 3.82160119522e-24
5249272.1073 3.76543569294e-24
5263277.93044 3.70927019067e-24
5277283.75358 3.65310468839e-24
5291289.57673 3.59693918611e-24
5305295.39987 3.54077368383e-24
5319301.22301 3.48460818155e-24
5333307.04615 3.42844267927e-24
5347312.86929 3.37227717699e-24
5361318.69243 3.31611167471e-24
5375324.51558 3.25994617243e-24
5389330.33872 3.20378067016e-24
5403336.16186 3.14761516788e-24
5417341.985 3.0914496656e-24
5431347.80814 3.03528416332e-24
5445353.63128 2.97911866104e-24
5459359.45443 2.92295315876e-24
5473365.27757 2.86678765648e-24
5487371.10071 2.8106221542e-24
5501376.92385 2.75445665192e-24
5515382.74699 2.69829114964e-24
5529388.57013 2.64212564737e-24
5543394.39327 2.58596014509e-24
5557400.21642 2.52979464281e-24
5571406.03956 2.49903548592e-24
5585411.8627 2.47490312006e-24
5599417.68584 2.45077075421e-24
5613423.50898 2.42663838835e-24
5627429.33212 2.4025060225e-24
5641435.15527 2.37837365664e-24
5655440.97841 2.35424129079e-24
5669446.80155 2.33010892494e-24
5683452.62469 2.30597655908e-24
5697458.44783 2.28184419323e-24
5711464.27097 2.25771182737e-24
5725470.09412 2.23357946152e-24
5739475.91726 2.20944709567e-24
5753481.7404 2.18531472981e-24
5767487.56354 2.16118236396e-24
5781493.38668 2.1370499981e-24
5795499.20982 2.11291763225e-24
5809505.03296 2.08878526639e-24
5823510.85611 2.06465290054e-24
5837516.67925 2.04052053469e-24
5851522.50239 2.01638816883e-24
5865528.32553 1.99225580298e-24
5879534.14867 1.96812343712e-24
5893539.97181 1.94399107127e-24
5907545.79496 1.91985870542e-24
5921551.6181 1.89572633956e-24
5935557.44124 1.87159397371e-24
5949563.26438 1.84746160785e-24
5963569.08752 1.823329242e-24
5977574.91066 1.79919687614e-24
5991580.73381 1.77506451029e-24
6005586.55695 1.75093214444e-24
6019592.38009 1.72679977858e-24
6033598.20323 1.70266741273e-24
6047604.02637 1.67853504687e-24
6061609.84951 1.65440268102e-24
6075615.67266 1.63027031517e-24
6089621.4958 1.60613794931e-24
6103627.31894 1.58200558346e-24
6117633.14208 1.5578732176e-24
6131638.96522 1.53374085175e-24
6145644.78836 1.50960848589e-24
6159650.6115 1.48547612004e-24
6173656.43465 1.46134375419e-24
6187662.25779 1.43721138833e-24
6201668.08093 1.41307902248e-24
6215673.90407 1.38894665662e-24
6229679.72721 1.36481429077e-24
6243685.55035 1.34596197928e-24
6257691.3735 1.33683301298e-24
6271697.19664 1.32770404668e-24
6285703.01978 1.31857508039e-24
6299708.84292 1.30944611409e-24
6313714.66606 1.30031714779e-24
6327720.4892 1.29118818149e-24
6341726.31235 1.28205921519e-24
6355732.13549 1.27293024889e-24
6369737.95863 1.2638012826e-24
6383743.78177 1.2546723163e-24
6397749.60491 1.24554335e-24
6411755.42805 1.2364143837e-24
6425761.25119 1.2272854174e-24
6439767.07434 1.2181564511e-24
6453772.89748 1.2090274848e-24
6467778.72062 1.19989851851e-24
6481784.54376 1.19076955221e-24
6495790.3669 1.18164058591e-24
6509796.19004 1.17251161961e-24
6523802.01319 1.16338265331e-24
6537807.83633 1.15425368701e-24
6551813.65947 1.14512472072e-24
6565819.48261 1.13599575442e-24
6579825.30575 1.12686678812e-24
6593831.12889 1.11773782182e-24
6607836.95204 1.10860885552e-24
6621842.77518 1.09947988922e-24
6635848.59832 1.09035092292e-24
6649854.42146 1.08122195663e-24
6663860.2446 1.07209299033e-24
6677866.06774 1.06296402403e-24
6691871.89089 1.05383505773e-24
6705877.71403 1.04470609143e-24
6719883.53717 1.03557712513e-24
6733889.36031 1.02644815884e-24
6747895.18345 1.01731919254e-24
6761901.00659 1.00819022624e-24
6775906.82973 9.9906125994e-25
6789912.65288 9.89932293641e-25
6803918.47602 9.80803327343e-25
6817924.29916 9.71674361044e-25
6831930.1223 9.62545394746e-25
6845935.94544 9.53416428447e-25
6859941.76858 9.44287462149e-25
6873947.59173 9.35158495851e-25
6887953.41487 9.26029529552e-25
6901959.23801 9.16900563254e-25
6915965.06115 9.07771596955e-25
6929970.88429 8.98642630657e-25
6943976.70743 8.89513664358e-25
6957982.53058 8.8038469806e-25
6971988.35372 8.71255731761e-25
6985994.17686 8.62126765463e-25
7000000.0 8.52997799164e-25
10689958.9025 1e-300
16325031.6196 1e-300
24930559.585 1e-300
38072379.6256 1e-300
58141739.074 1e-300
88790400.1743 1e-300
135595104.114 1e-300
207072298.622 1e-300
316227766.017 1e-300
