10000.0 1.25662382209e-20
30020.0400802 5.82943602536e-21
50040.0801603 4.4540451906e-21
70060.1202405 3.84618814751e-21
90080.1603206 3.4908102437e-21
110100.200401 3.23694668123e-21
130120.240481 3.04426542624e-21
150140.280561 2.88632926452e-21
170160.320641 2.75161182675e-21
190180.360721 2.63324997616e-21
210200.400802 2.52765278705e-21
230220.440882 2.43185229671e-21
250240.480962 2.34414370257e-21
270260.521042 2.26513719118e-21
290280.561122 2.1904288125e-21
310300.601202 2.121021611e-21
330320.641283 2.05740565675e-21
350340.681363 1.99622537842e-21
370360.721443 1.94047972592e-21
390380.761523 1.88629752453e-21
410400.801603 1.83602949689e-21
430420.841683 1.78822148351e-21
450440.881764 1.74136092436e-21
470460.921844 1.69860125005e-21
490480.961924 1.65584157573e-21
510501.002004 1.61560486609e-21
530521.042084 1.57826833009e-21
550541.082164 1.54093179408e-21
570561.122244 1.50545976038e-21
590581.162325 1.47266438406e-21
610601.202405 1.43986900773e-21
630621.242485 1.4070736314e-21
650641.282565 1.37792271892e-21
670661.322645 1.34883403543e-21
690681.362725 1.31974535194e-21
710701.402806 1.29120096197e-21
730721.442886 1.26606666419e-21
750741.482966 1.2409323664e-21
770761.523046 1.21579806862e-21
790781.563126 1.19066377084e-21
810801.603206 1.16829567143e-21
830821.643287 1.14652312704e-21
850841.683367 1.12475058265e-21
870861.723447 1.10297803826e-21
890881.763527 1.08120549387e-21
910901.803607 1.06216137125e-21
930921.843687 1.04316850663e-21
950941.883768 1.024175642e-21
970961.923848 1.00518277738e-21
990981.963928 9.86189912758e-22
1011002.00401 9.68653193645e-22
1031022.04409 9.52310036426e-22
1051042.08417 9.35966879208e-22
1071062.12425 9.19623721989e-22
1091082.16433 9.0328056477e-22
1111102.20441 8.86937407551e-22
1131122.24449 8.71659696654e-22
1151142.28457 8.57659550163e-22
1171162.32465 8.43659403673e-22
1191182.36473 8.29659257182e-22
1211202.40481 8.15659110691e-22
1231222.44489 8.016589642e-22
1251242.48497 7.87658817709e-22
1271262.52505 7.7493107132e-22
1291282.56513 7.62995711015e-22
1311302.60521 7.5106035071e-22
1331322.64529 7.39124990405e-22
1351342.68537 7.27189630099e-22
1371362.72545 7.15254269794e-22
1391382.76553 7.03318909489e-22
1411402.80561 6.91383549184e-22
1431422.84569 6.81205442018e-22
1451442.88577 6.71132920866e-22
1471462.92585 6.61060399715e-22
1491482.96593 6.50987878564e-22
1511503.00601 6.40915357412e-22
1531523.04609 6.30842836261e-22
1551543.08617 6.20770315109e-22
1571563.12625 6.10697793958e-22
1591583.16633 6.01164433523e-22
1611603.20641 5.92705374452e-22
1631623.24649 5.84246315381e-22
1651643.28657 5.7578725631e-22
1671663.32665 5.67328197238e-22
1691683.36673 5.58869138167e-22
1711703.40681 5.50410079096e-22
1731723.44689 5.41951020024e-22
1751743.48697 5.33491960953e-22
1771763.52705 5.25032901882e-22
1791783.56713 5.17469709908e-22
1811803.60721 5.10338782247e-22
1831823.64729 5.03207854586e-22
1851843.68737 4.96076926925e-22
1871863.72745 4.88945999264e-22
1891883.76754 4.81815071603e-22
1911903.80762 4.74684143942e-22
1931923.8477 4.6755321628e-22
1951943.88778 4.60422288619e-22
1971963.92786 4.53291360958e-22
1991983.96794 4.46160433297e-22
2012004.00802 4.40097510577e-22
2032024.0481 4.34243723864e-22
2052044.08818 4.28389937151e-22
2072064.12826 4.22536150438e-22
2092084.16834 4.16682363725e-22
2112104.20842 4.10828577012e-22
2132124.2485 4.04974790299e-22
2152144.28858 3.99121003587e-22
2172164.32866 3.93267216874e-22
2192184.36874 3.87413430161e-22
2212204.40882 3.81559643448e-22
2232224.4489 3.75705856735e-22
2252244.48898 3.70617543096e-22
2272264.52906 3.65896966804e-22
2292284.56914 3.61176390513e-22
2312304.60922 3.56455814222e-22
2332324.6493 3.51735237931e-22
2352344.68938 3.47014661639e-22
2372364.72946 3.42294085348e-22
2392384.76954 3.37573509057e-22
2412404.80962 3.32852932765e-22
2432424.8497 3.28132356474e-22
2452444.88978 3.23411780183e-22
2472464.92986 3.18691203892e-22
2492484.96994 3.139706276e-22
2512505.01002 3.09278374812e-22
2532525.0501 3.05474477081e-22
2552545.09018 3.01670579351e-22
2572565.13026 2.97866681621e-22
2592585.17034 2.9406278389e-22
2612605.21042 2.9025888616e-22
2632625.2505 2.86454988429e-22
2652645.29058 2.82651090699e-22
2672665.33066 2.78847192969e-22
2692685.37074 2.75043295238e-22
2712705.41082 2.71239397508e-22
2732725.4509 2.67435499778e-22
2752745.49098 2.63631602047e-22
2772765.53106 2.59827704317e-22
2792785.57114 2.56023806586e-22
2812805.61122 2.52219908856e-22
2832825.6513 2.4900920213e-22
2852845.69138 2.46027566941e-22
2872865.73146 2.43045931752e-22
2892885.77154 2.40064296562e-22
2912905.81162 2.37082661373e-22
2932925.8517 2.34101026184e-22
2952945.89178 2.31119390995e-22
2972965.93186 2.28137755806e-22
2992985.97194 2.25156120617e-22
3013006.01202 2.22174485428e-22
3033026.0521 2.19192850238e-22
3053046.09218 2.16211215049e-22
3073066.13226 2.1322957986e-22
3093086.17234 2.10247944671e-22
3113106.21242 2.07266309482e-22
3133126.25251 2.04284674293e-22
3153146.29259 2.01303039104e-22
3173166.33267 1.98687525423e-22
3193186.37275 1.96379045505e-22
3213206.41283 1.94070565586e-22
3233226.45291 1.91762085668e-22
3253246.49299 1.8945360575e-22
3273266.53307 1.87145125831e-22
3293286.57315 1.84836645913e-22
3313306.61323 1.82528165994e-22
3333326.65331 1.80219686076e-22
3353346.69339 1.77911206158e-22
3373366.73347 1.75602726239e-22
3393386.77355 1.73294246321e-22
3413406.81363 1.70985766402e-22
3433426.85371 1.68677286484e-22
3453446.89379 1.66368806566e-22
3473466.93387 1.64060326647e-22
3493486.97395 1.61751846729e-22
3513507.01403 1.5944336681e-22
3533527.05411 1.57134886892e-22
3553547.09419 1.54973455933e-22
3573567.13427 1.53208817929e-22
3593587.17435 1.51444179925e-22
3613607.21443 1.49679541921e-22
3633627.25451 1.47914903917e-22
3653647.29459 1.46150265913e-22
3673667.33467 1.44385627909e-22
3693687.37475 1.42620989905e-22
3713707.41483 1.40856351901e-22
3733727.45491 1.39091713896e-22
3753747.49499 1.37327075892e-22
3773767.53507 1.35562437888e-22
3793787.57515 1.33797799884e-22
3813807.61523 1.3203316188e-22
3833827.65531 1.30268523876e-22
3853847.69539 1.28503885872e-22
3873867.73547 1.26739247868e-22
3893887.77555 1.24974609864e-22
3913907.81563 1.2320997186e-22
3933927.85571 1.21445333856e-22
3953947.89579 1.19680695852e-22
3973967.93587 1.17916057848e-22
3993987.97595 1.1645292147e-22
4014008.01603 1.15155606805e-22
4034028.05611 1.13858292141e-22
4054048.09619 1.12560977477e-22
4074068.13627 1.11263662812e-22
4094088.17635 1.09966348148e-22
4114108.21643 1.08669033484e-22
4134128.25651 1.07371718819e-22
4154148.29659 1.06074404155e-22
4174168.33667 1.04777089491e-22
4194188.37675 1.03479774826e-22
4214208.41683 1.02182460162e-22
4234228.45691 1.00885145498e-22
4254248.49699 9.95878308332e-23
4274268.53707 9.82905161689e-23
4294288.57715 9.69932015045e-23
4314308.61723 9.56958868402e-23
4334328.65731 9.43985721758e-23
4354348.69739 9.31012575115e-23
4374368.73747 9.18039428472e-23
4394388.77756 9.05066281828e-23
4414408.81764 8.92093135185e-23
4434428.85772 8.79119988542e-23
4454448.8978 8.66146841898e-23
4474468.93788 8.54590117891e-23
4494488.97796 8.45331995112e-23
4514509.01804 8.36073872333e-23
4534529.05812 8.26815749553e-23
4554549.0982 8.17557626774e-23
4574569.13828 8.08299503994e-23
4594589.17836 7.99041381215e-23
4614609.21844 7.89783258435e-23
4634629.25852 7.80525135656e-23
4654649.2986 7.71267012876e-23
4674669.33868 7.62008890097e-23
4694689.37876 7.52750767318e-23
4714709.41884 7.43492644538e-23
4734729.45892 7.34234521759e-23
4754749.499 7.24976398979e-23
4774769.53908 7.157182762e-23
4794789.57916 7.0646015342e-23
4814809.61924 6.97202030641e-23
4834829.65932 6.87943907862e-23
4854849.6994 6.78685785082e-23
4874869.73948 6.69427662303e-23
4894889.77956 6.60169539523e-23
4914909.81964 6.50911416744e-23
4934929.85972 6.41653293964e-23
4954949.8998 6.32395171185e-23
4974969.93988 6.23137048406e-23
4994989.97996 6.13878925626e-23
5015010.02004 6.05059710766e-23
5035030.06012 5.98602046792e-23
5055050.1002 5.92144382818e-23
5075070.14028 5.85686718844e-23
5095090.18036 5.7922905487e-23
5115110.22044 5.72771390896e-23
5135130.26052 5.66313726922e-23
5155150.3006 5.59856062948e-23
5175170.34068 5.53398398974e-23
5195190.38076 5.46940735e-23
5215210.42084 5.40483071026e-23
5235230.46092 5.34025407052e-23
5255250.501 5.27567743078e-23
5275270.54108 5.21110079104e-23
5295290.58116 5.14652415131e-23
5315310.62124 5.08194751157e-23
5335330.66132 5.01737087183e-23
5355350.7014 4.95279423209e-23
5375370.74148 4.88821759235e-23
5395390.78156 4.82364095261e-23
5415410.82164 4.75906431287e-23
5435430.86172 4.69448767313e-23
5455450.9018 4.62991103339e-23
5475470.94188 4.56533439365e-23
5495490.98196 4.50075775391e-23
5515511.02204 4.43618111417e-23
5535531.06212 4.37160447443e-23
5555551.1022 4.30702783469e-23
5575571.14228 4.24245119495e-23
5595591.18236 4.17787455521e-23
5615611.22244 4.11329791547e-23
5635631.26253 4.06245853401e-23
5655651.30261 4.0203913248e-23
5675671.34269 3.97832411559e-23
5695691.38277 3.93625690638e-23
5715711.42285 3.89418969717e-23
5735731.46293 3.85212248796e-23
5755751.50301 3.81005527874e-23
5775771.54309 3.76798806953e-23
5795791.58317 3.72592086032e-23
5815811.62325 3.68385365111e-23
5835831.66333 3.6417864419e-23
5855851.70341 3.59971923269e-23
5875871.74349 3.55765202348e-23
5895891.78357 3.51558481427e-23
5915911.82365 3.47351760506e-23
5935931.86373 3.43145039585e-23
5955951.90381 3.38938318664e-23
5975971.94389 3.34731597743e-23
5995991.98397 3.30524876822e-23
6016012.02405 3.263181559e-23
6036032.06413 3.22111434979e-23
6056052.10421 3.17904714058e-23
6076072.14429 3.13697993137e-23
6096092.18437 3.09491272216e-23
6116112.22445 3.05284551295e-23
6136132.26453 3.01077830374e-23
6156152.30461 2.96871109453e-23
6176172.34469 2.92664388532e-23
6196192.38477 2.88457667611e-23
6216212.42485 2.8425094669e-23
6236232.46493 2.80044225769e-23
6256252.50501 2.75837504848e-23
6276272.54509 2.71630783927e-23
6296292.58517 2.67424063005e-23
6316312.62525 2.63762959292e-23
6336332.66533 2.61177099904e-23
6356352.70541 2.58591240516e-23
6376372.74549 2.56005381128e-23
6396392.78557 2.53419521741e-23
6416412.82565 2.50833662353e-23
6436432.86573 2.48247802965e-23
6456452.90581 2.45661943578e-23
6476472.94589 2.4307608419e-23
6496492.98597 2.40490224802e-23
6516513.02605 2.37904365415e-23
6536533.06613 2.35318506027e-23
6556553.10621 2.32732646639e-23
6576573.14629 2.30146787252e-23
6596593.18637 2.27560927864e-23
6616613.22645 2.24975068476e-23
6636633.26653 2.22389209089e-23
6656653.30661 2.19803349701e-23
6676673.34669 2.17217490313e-23
6696693.38677 2.14631630926e-23
6716713.42685 2.12045771538e-23
6736733.46693 2.0945991215e-23
6756753.50701 2.06874052763e-23
6776773.54709 2.04288193375e-23
6796793.58717 2.01702333987e-23
6816813.62725 1.991164746e-23
6836833.66733 1.96530615212e-23
6856853.70741 1.93944755824e-23
6876873.74749 1.91358896436e-23
6896893.78758 1.88773037049e-23
6916913.82766 1.86187177661e-23
6936933.86774 1.83601318273e-23
6956953.90782 1.81015458886e-23
6976973.9479 1.78429599498e-23
6996993.98798 1.7584374011e-23
7017014.02806 1.73257880723e-23
7037034.06814 1.70672021335e-23
7057054.10822 1.68086161947e-23
7077074.1483 1.6550030256e-23
7097094.18838 1.63897124343e-23
7117114.22846 1.62426763487e-23
7137134.26854 1.6095640263e-23
7157154.30862 1.59486041774e-23
7177174.3487 1.58015680918e-23
7197194.38878 1.56545320061e-23
7217214.42886 1.55074959205e-23
7237234.46894 1.53604598349e-23
7257254.50902 1.52134237493e-23
7277274.5491 1.50663876636e-23
7297294.58918 1.4919351578e-23
7317314.62926 1.47723154924e-23
7337334.66934 1.46252794067e-23
7357354.70942 1.44782433211e-23
7377374.7495 1.43312072355e-23
7397394.78958 1.41841711499e-23
7417414.82966 1.40371350642e-23
7437434.86974 1.38900989786e-23
7457454.90982 1.3743062893e-23
7477474.9499 1.35960268073e-23
7497494.98998 1.34489907217e-23
7517515.03006 1.33019546361e-23
7537535.07014 1.31549185504e-23
7557555.11022 1.30078824648e-23
7577575.1503 1.28608463792e-23
7597595.19038 1.27138102936e-23
7617615.23046 1.25667742079e-23
7637635.27054 1.24197381223e-23
7657655.31062 1.22727020367e-23
7677675.3507 1.2125665951e-23
7697695.39078 1.19786298654e-23
7717715.43086 1.18315937798e-23
7737735.47094 1.16845576942e-23
7757755.51102 1.15375216085e-23
7777775.5511 1.13904855229e-23
7797795.59118 1.12434494373e-23
7817815.63126 1.10964133516e-23
7837835.67134 1.0949377266e-23
7857855.71142 1.08023411804e-23
7877875.7515 1.06553050947e-23
7897895.79158 1.05082690091e-23
7917915.83166 1.03612329235e-23
7937935.87174 1.02141968379e-23
7957955.91182 1.01198209329e-23
7977975.9519 1.00446323471e-23
7997995.99198 9.96944376132e-24
8018016.03206 9.8942551755e-24
8038036.07214 9.81906658969e-24
8058056.11222 9.74387800388e-24
8078076.1523 9.66868941806e-24
8098096.19238 9.59350083225e-24
8118116.23246 9.51831224644e-24
8138136.27255 9.44312366063e-24
8158156.31263 9.36793507481e-24
8178176.35271 9.292746489e-24
8198196.39279 9.21755790319e-24
8218216.43287 9.14236931737e-24
8238236.47295 9.06718073156e-24
8258256.51303 8.99199214575e-24
8278276.55311 8.91680355994e-24
8298296.59319 8.84161497412e-24
8318316.63327 8.76642638831e-24
8338336.67335 8.6912378025e-24
8358356.71343 8.61604921668e-24
8378376.75351 8.54086063087e-24
8398396.79359 8.46567204506e-24
8418416.83367 8.39048345925e-24
8438436.87375 8.31529487343e-24
8458456.91383 8.24010628762e-24
8478476.95391 8.16491770181e-24
8498496.99399 8.08972911599e-24
8518517.03407 8.01454053018e-24
8538537.07415 7.93935194437e-24
8558557.11423 7.86416335855e-24
8578577.15431 7.78897477274e-24
8598597.19439 7.71378618693e-24
8618617.23447 7.63859760112e-24
8638637.27455 7.5634090153e-24
8658657.31463 7.48822042949e-24
8678677.35471 7.41303184368e-24
8698697.39479 7.33784325786e-24
8718717.43487 7.26265467205e-24
8738737.47495 7.18746608624e-24
8758757.51503 7.11227750043e-24
8778777.55511 7.03708891461e-24
8798797.59519 6.9619003288e-24
8818817.63527 6.88671174299e-24
8838837.67535 6.81152315717e-24
8858857.71543 6.73633457136e-24
8878877.75551 6.66114598555e-24
8898897.79559 6.58595739974e-24
8918917.83567 6.52440931717e-24
8938937.87575 6.49183372468e-24
8958957.91583 6.45925813218e-24
8978977.95591 6.42668253969e-24
8998997.99599 6.39410694719e-24
9019018.03607 6.3615313547e-24
9039038.07615 6.32895576221e-24
9059058.11623 6.29638016971e-24
9079078.15631 6.26380457722e-24
9099098.19639 6.23122898473e-24
9119118.23647 6.19865339223e-24
9139138.27655 6.16607779974e-24
9159158.31663 6.13350220725e-24
9179178.35671 6.10092661475e-24
9199198.39679 6.06835102226e-24
9219218.43687 6.03577542976e-24
9239238.47695 6.00319983727e-24
9259258.51703 5.97062424478e-24
9279278.55711 5.93804865228e-24
9299298.59719 5.90547305979e-24
9319318.63727 5.8728974673e-24
9339338.67735 5.8403218748e-24
9359358.71743 5.80774628231e-24
9379378.75752 5.77517068982e-24
9399398.7976 5.74259509732e-24
9419418.83768 5.71001950483e-24
9439438.87776 5.67744391233e-24
9459458.91784 5.64486831984e-24
9479478.95792 5.61229272735e-24
9499498.998 5.57971713485e-24
9519519.03808 5.54714154236e-24
9539539.07816 5.51456594987e-24
9559559.11824 5.48199035737e-24
9579579.15832 5.44941476488e-24
9599599.1984 5.41683917238e-24
9619619.23848 5.38426357989e-24
9639639.27856 5.3516879874e-24
9659659.31864 5.3191123949e-24
9679679.35872 5.28653680241e-24
9699699.3988 5.25396120992e-24
9719719.43888 5.22138561742e-24
9739739.47896 5.18881002493e-24
9759759.51904 5.15623443244e-24
9779779.55912 5.12365883994e-24
9799799.5992 5.09108324745e-24
9819819.63928 5.05850765495e-24
9839839.67936 5.02593206246e-24
9859859.71944 4.99335646997e-24
9879879.75952 4.96078087747e-24
9899899.7996 4.92820528498e-24
9919919.83968 4.89562969249e-24
9939939.87976 4.86305409999e-24
9959959.91984 4.8304785075e-24
9979979.95992 4.797902915e-24
10000000.0 4.76532732251e-24
14677992.6762 1e-300
21544346.9003 1e-300
31622776.6017 1e-300
46415888.3361 1e-300
68129206.9058 1e-300
100000000.0 1e-300
146779926.762 1e-300
215443469.003 1e-300
316227766.017 1e-300
