10000.0 3.3193736336045367e-18
11220.18454301963 2.8220465447959616e-18
12589.254117941675 2.4551438654196842e-18
14125.375446227541 2.13235615523334e-18
15848.93192461114 1.847779946780317e-18
17782.79410038923 1.6271910835989582e-18
19952.62314968879 1.3611157180877592e-18
22387.2113856834 1.1741307016721403e-18
25118.864315095794 1.0228290444795096e-18
28183.82931264455 8.893239463055656e-19
31622.776601683792 7.604186477979777e-19
35481.338923357536 6.418341794603077e-19
39810.717055349734 5.426319456548551e-19
44668.3592150963 4.614884519419107e-19
50118.72336272724 3.9129816910026197e-19
56234.13251903491 3.307852026808237e-19
63095.7344480193 2.79562826520318e-19
70794.57843841381 2.3516878732048437e-19
79432.82347242814 1.9603783674855707e-19
89125.0938133746 1.619976342879685e-19
100000.0 1.3432831539362204e-19
112201.84543019635 1.1074641015756967e-19
125892.54117941676 9.088543984455908e-20
141253.7544622754 7.428300732065208e-20
158489.31924611132 6.040869000888132e-20
177827.9410038923 4.887846696601234e-20
199526.23149688798 3.9332757504437404e-20
223872.11385683398 3.167111410827926e-20
251188.64315095794 2.5073399100142075e-20
281838.2931264454 1.9775660101676825e-20
316227.7660168379 1.5405469869621744e-20
354813.3892335755 1.2095429318125103e-20
398107.17055349733 9.329844433346366e-21
446683.592150963 7.03773080904871e-21
501187.2336272722 5.351800805909183e-21
562341.3251903491 4.001523138741567e-21
630957.3444801933 2.9615534530426367e-21
707945.7843841381 2.1686034096275837e-21
794328.2347242814 1.58559150806737e-21
891250.9381337456 1.1357948186636555e-21
1000000.0 8.020352362220679e-22
1122018.4543019636 5.488495956459265e-22
1258925.4117941672 3.822226558715879e-22
1412537.5446227544 2.6322782146168606e-22
1584893.1924611134 1.7366655778440065e-22
1778279.410038923 1.170377245921823e-22
1995262.3149688798 7.621743702013631e-23
2238721.1385683394 5.0261978485070275e-23
2511886.4315095805 3.238450226177441e-23
2818382.931264454 2.1139946998293322e-23
3162277.6601683795 1.3764705728140376e-23
3548133.892335755 9.089137626325296e-24
3981071.705534972 6.1207999800460035e-24
4466835.921509632 4.3047076502765505e-24
5011872.336272722 2.9269237217566664e-24
5623413.251903491 2.1262453714951434e-24
6309573.444801932 1.5875801912933204e-24
7079457.8438413795 1.2508960122857865e-24
7943282.3472428145 9.733660230834886e-25
8912509.381337455 6.307177853135872e-25
10000000.0 5.384248825602296e-25
14677992.676220706 1e-300
21544346.900318824 1e-300
31622776.60168379 1e-300
46415888.33612782 1e-300
68129206.90579608 1e-300
100000000.0 1e-300
146779926.76220676 1e-300
215443469.00318867 1e-300
316227766.01683795 1e-300
