1000.0 9.252108330139491e-16
1122.0184543019632 9.253450092978172e-16
1258.9254117941675 8.460198100143222e-16
1412.537544622754 7.204633146370591e-16
1584.893192461114 6.68477311474775e-16
1778.2794100389228 6.355085766314011e-16
1995.2623149688789 5.514868607298045e-16
2238.72113856834 5.084248861717942e-16
2511.8864315095793 4.488523440312448e-16
2818.382931264455 3.988977687743641e-16
3162.2776601683795 3.565889032035099e-16
3548.1338923357534 3.245640736778187e-16
3981.0717055349737 2.9306712362687003e-16
4466.83592150963 2.5562455488156513e-16
5011.872336272725 2.2110419337320492e-16
5623.413251903491 1.933046561806819e-16
6309.573444801931 1.6990159409998104e-16
7079.45784384138 1.4419359810863148e-16
7943.282347242814 1.2428747313108353e-16
8912.509381337459 1.066111560443083e-16
10000.0 9.174852320981306e-17
11220.184543019635 7.78600933179266e-17
12589.254117941675 6.554792108480327e-17
14125.375446227541 5.505652491066822e-17
15848.931924611135 4.6202680037731207e-17
17782.79410038923 3.839863331241247e-17
19952.623149688796 3.181539838924521e-17
22387.2113856834 2.622779051402123e-17
25118.864315095794 2.148714553896446e-17
28183.82931264454 1.7489228521667895e-17
31622.776601683792 1.4164960270716434e-17
35481.33892335755 1.1421212297500521e-17
39810.717055349734 9.146215222646814e-18
44668.3592150963 7.274137322732795e-18
50118.72336272722 5.7274618361283386e-18
56234.13251903491 4.496218063472798e-18
63095.73444801933 3.486220223039465e-18
70794.57843841381 2.6780830839298317e-18
79432.82347242814 2.0631082807736365e-18
89125.09381337455 1.560817598476809e-18
100000.0 1.163490995596366e-18
112201.84543019635 8.653323889911134e-19
125892.54117941673 6.355346855103171e-19
141253.75446227545 4.653731760306108e-19
158489.31924611132 3.3260370747438967e-19
177827.9410038923 2.372849427745448e-19
199526.23149688798 1.6354087834189402e-19
223872.11385683395 1.118532724706933e-19
251188.643150958 7.510744064071929e-20
281838.2931264454 4.945683542744021e-20
316227.76601683797 3.1896170572446884e-20
354813.3892335755 1.9965755951526496e-20
398107.1705534972 1.2280554413893198e-20
446683.59215096314 7.297787495478681e-21
501187.23362727225 4.225272023321532e-21
562341.325190349 2.3595024115554917e-21
630957.3444801932 1.2759498643015028e-21
707945.784384138 6.831061507879041e-22
794328.2347242815 3.290913501268386e-22
891250.9381337456 1.4397451567316988e-22
1000000.0 7.116067227363791e-23
1895735.6524063754 1e-300
3593813.6638046256 1e-300
6812920.690579608 1e-300
12915496.650148828 1e-300
24484367.468222294 1e-300
46415888.33612782 1e-300
87992254.35691075 1e-300
166810053.72000557 1e-300
316227766.01683795 1e-300
