100057.61169093056 1.5833541658506337e-18
100262.89062306492 1.5752991673438692e-18
100468.59070696682 1.567227643142902e-18
100674.71280667355 1.5591395593435288e-18
100881.25778799655 1.5510348819719234e-18
101088.22651852212 1.5429135769846242e-18
101295.61986761804 1.5347756102682588e-18
101503.43870643448 1.5266209476395174e-18
101711.68390790887 1.5184495548449611e-18
101920.3563467708 1.5102613975608246e-18
102129.45689954278 1.5020564413929913e-18
102338.98644454735 1.4938346518767148e-18
102548.94586190768 1.48559599447659e-18
102759.33603355261 1.477340434586359e-18
102970.15784322169 1.4690679375287153e-18
103181.41217646578 1.4607784685552752e-18
103393.09992065429 1.4524719928462986e-18
103605.22196497547 1.4441484755106734e-18
103817.7792004435 1.4358078815856417e-18
104030.7725198993 1.427450176036763e-18
104244.20281801559 1.4190753237577196e-18
104458.07099130184 1.4106832895701216e-18
104672.3779381051 1.4022740382234729e-18
104887.12455861723 1.393847534394888e-18
105102.31175487519 1.3854037426890831e-18
105317.94043076826 1.3769426276380883e-18
105534.01149203887 1.3684641537012182e-18
105750.5258462877 1.3599682852648706e-18
105967.48440297875 1.3514549866423297e-18
106184.88807344015 1.3429242220737309e-18
106402.73777087145 1.3343759557257762e-18
106621.03441034442 1.3258101516917048e-18
106839.7789088082 1.3172267739910861e-18
107058.9721850945 1.3086257865696243e-18
107278.61515991828 1.3000071532991198e-18
107498.7087558853 1.2913708379771837e-18
107719.25389749226 1.2827168043272253e-18
107940.25151113445 1.2740450159981567e-18
108161.70252510638 1.2653554365643662e-18
108383.60786960703 1.2566480295255093e-18
108605.96847674517 1.2479227583063041e-18
108828.78528054009 1.2391795862565042e-18
109052.05921692908 1.2304184766505966e-18
109275.79122376784 1.2216393926877966e-18
109499.98224083798 1.2128422974917441e-18
109724.63320984782 1.204027154110479e-18
109949.74507443767 1.1951939255162298e-18
110175.31878018522 1.1863425746052042e-18
110401.35527460626 1.17747306419756e-18
110627.85550716237 1.1685853570371046e-18
110854.82042926118 1.1596794157912824e-18
111082.25099426412 1.1507552030508723e-18
111310.14815748708 1.1418126813299616e-18
111538.51287620603 1.132851813065727e-18
111767.34610966212 1.1238725606182311e-18
111996.64881906273 1.115720684926459e-18
112226.42196758908 1.1099119408191465e-18
112456.66652039705 1.1040912794496966e-18
112687.38344462273 1.098258676368578e-18
112918.57370938768 1.0924141070760636e-18
113150.23828579993 1.0865575470222098e-18
113382.37814696162 1.080688971606659e-18
113614.9942679696 1.0748083561786303e-18
113848.0876259229 1.0689156760367218e-18
114081.65919992395 1.0630109064288892e-18
114315.70997108382 1.0570940225523084e-18
114550.2409225279 1.0511649995532314e-18
114785.25303939659 1.0452238125269702e-18
115020.74730885337 1.0392704365176918e-18
115256.72472008514 1.0333048465184136e-18
115493.18626431003 1.027327017470801e-18
115730.13293477838 1.0213369242651428e-18
115967.56572677831 1.015334541740215e-18
116205.48563764122 1.0093198446831358e-18
116443.89366674285 1.0032928078293434e-18
116682.7908155111 9.972534058623977e-19
116922.17808742703 9.912016134139526e-19
117162.05648803039 9.851374050636179e-19
117402.42702492536 9.790607553388126e-19
117643.29070778143 9.729716387147468e-19
117884.64854834143 9.668700296142134e-19
118126.50156042201 9.607559024075798e-19
118368.85075992164 9.546292314125836e-19
118611.6971648216 9.484899908943083e-19
118855.04179519163 9.423381550650401e-19
119098.88567319581 9.361736980841215e-19
119343.22982309324 9.29996594057929e-19
119588.0752712464 9.238068170396677e-19
119833.42304612149 9.176043410293583e-19
120079.27417829672 9.113891399736305e-19
120325.62970046309 9.051611877656997e-19
120572.49064743036 8.989204582452213e-19
120819.85805613275 8.926669251981413e-19
121067.73296562988 8.864005623566755e-19
121316.11641711515 8.801213433990982e-19
121565.00945391598 8.738292419497323e-19
121814.41312150238 8.67524231578738e-19
122064.32846748774 8.61206285802089e-19
122314.7565416347 8.54875378081425e-19
122565.69839586117 8.485314818239002e-19
122817.1550842411 8.421745703821626e-19
123069.12766301303 8.358046170541392e-19
123321.617190581 8.294215950830129e-19
123574.62472752045 8.230254776570721e-19
123828.15133658423 8.166162379095599e-19
124082.19808270351 8.1019384891865e-19
124336.76603299631 8.037582837072332e-19
124591.85625676795 7.973095152429032e-19
124847.46982551954 7.908475164377441e-19
125103.60781294899 7.84372260148304e-19
125360.271294957 7.77883719175444e-19
125617.46134965312 7.715963785709586e-19
125875.17905735679 7.674703030699431e-19
126133.42550060574 7.633357624820718e-19
126392.20176415672 7.591927394403267e-19
126651.508934994 7.55041216542026e-19
126911.34810233035 7.508811763488097e-19
127171.72035761319 7.467126013865416e-19
127432.62679453066 7.425354741452103e-19
127694.06850901274 7.38349777078913e-19
127956.04659923984 7.341554926057181e-19
128218.5621656439 7.299526031076461e-19
128481.61631091443 7.25741090930573e-19
128745.21014000484 7.215209383841309e-19
129009.34476013339 7.17292127741691e-19
129274.02128079206 7.130546412402225e-19
129539.2408137468 7.08808461080287e-19
129805.00447304678 7.045535694258929e-19
130071.313375025 7.002899484044837e-19
130338.1686383049 6.960175801068341e-19
130605.57138380637 6.917364465869495e-19
130873.5227347469 6.874465298620537e-19
131142.0238166505 6.831478119124416e-19
131411.07575734818 6.788402746814727e-19
131680.67968698704 6.745239000754274e-19
131950.83673803104 6.701986699634906e-19
132221.54804526758 6.658645661776499e-19
132492.81474581387 6.615215705125933e-19
132764.6379791178 6.5716966472569335e-19
133037.01888696715 6.52808830536861e-19
133309.95861349007 6.484390496285389e-19
133583.4583051641 6.440603036455539e-19
133857.51911081735 6.396725741951018e-19
134132.14218163482 6.35275842846643e-19
134407.32867116496 6.308700911318003e-19
134683.07973532064 6.264553005443411e-19
134959.3965323884 6.220314525400299e-19
135236.28022302955 6.175985285366129e-19
135513.73197028652 6.131565099137126e-19
135791.75293958958 6.0870537801272235e-19
136070.3442987577 6.042451141367917e-19
136349.50721800805 5.9977569955067665e-19
136629.24286995645 5.952971154807296e-19
136909.55242962658 5.908093431147531e-19
137190.43707445115 5.8631236360198e-19
137471.89798427862 5.81806158052969e-19
137753.9363413796 5.772907075394988e-19
138036.55333044796 5.727659930945505e-19
138319.75013861054 5.682319957121548e-19
138603.52795542724 5.636886963473883e-19
138887.8879729009 5.591360759162171e-19
139172.83138547806 5.545741152954815e-19
139458.3593900558 5.5000279532278975e-19
139744.47318598858 5.454220967964076e-19
140031.17397508904 5.408320004752438e-19
140318.46296163788 5.362324870786955e-19
140606.34135238477 5.3162353728663e-19
140894.810356555 5.270051317392786e-19
141183.8711858567 5.239813489956203e-19
141473.52505448143 5.210991303399289e-19
141763.7731791142 5.182109985032369e-19
142054.61677893388 5.153169413540304e-19
142346.05707562287 5.124169467358832e-19
142638.09529336827 5.095110024674461e-19
142930.73265886874 5.065990963423785e-19
143223.97040134142 5.036812161292799e-19
143517.80975252288 5.007573495716791e-19
143812.25194667923 4.978274843879357e-19
144107.29822060635 4.948916082712363e-19
144402.94981363986 4.919497088894948e-19
144699.20796765637 4.890017738853421e-19
144996.07392708026 4.860477908760567e-19
145293.54893889074 4.830877474534946e-19
145591.63425262296 4.801216311840803e-19
145890.33112037805 4.771494296087038e-19
146189.64079682413 4.741711302427125e-19
146489.56453920345 4.711867205758408e-19
146790.10360733935 4.681961880721383e-19
147091.25926363753 4.651995201699596e-19
147393.03277309594 4.621967042818647e-19
147695.42540330547 4.59187727794612e-19
147998.43842446012 4.561725780690587e-19
148302.0731093578 4.531512424401502e-19
148606.33073340778 4.501237082168479e-19
148911.21257463793 4.470899626820573e-19
149216.71991369556 4.440499930926183e-19
149522.8540338578 4.410037866792027e-19
149829.61622103216 4.379513306463086e-19
150137.0077637668 4.348926121721582e-19
150445.02995325156 4.3182761840868776e-19
150753.68408332538 4.2875633648147295e-19
151062.97145048343 4.256787534896589e-19
151372.89335387832 4.2259485650594736e-19
151683.45109533053 4.195046325764938e-19
151994.6459793288 4.16408068720902e-19
152306.4793130408 4.1330515193212095e-19
152618.9524063139 4.1019586917643195e-19
152932.06657168307 4.0708020739337666e-19
153245.82312437767 4.0395815349568294e-19
153560.22338232302 4.0082969436925475e-19
153875.26866615083 3.976948168730645e-19
154190.96029920032 3.945535078391438e-19
154507.29960752564 3.9140575407250933e-19
154824.28791990344 3.8825154235108693e-19
155141.92656783393 3.8509085942570197e-19
155460.2168855516 3.8192369201997183e-19
155779.1602100257 3.787500268303019e-19
156098.75788097098 3.7556985052577807e-19
156419.0112408488 3.723831497481559e-19
156739.9216348748 3.6918991111178423e-19
157061.49041102632 3.659901212035314e-19
157383.71892004373 3.6278376658277253e-19
157706.608515441 3.595708337812828e-19
158030.16055350666 3.5635130930323056e-19
158354.37639331422 3.5405931106236334e-19
158679.25739672352 3.5208847492532376e-19
159004.8049283885 3.5011359540637243e-19
159331.02035576472 3.481346642100694e-19
159657.9050491106 3.4615167302397173e-19
159985.46038149844 3.4416461351856647e-19
160313.68772881562 3.4217347734726393e-19
160642.58846977222 3.401782561463501e-19
160972.1639859089 3.381789415349404e-19
161302.4156615981 3.3617552511497154e-19
161633.344884055 3.3416799847113517e-19
161964.95304333823 3.321563531708735e-19
162297.24153236087 3.301405807643129e-19
162630.21174689184 3.2812067278425565e-19
162963.86508556348 3.2609662074613286e-19
163298.20294987963 3.240684161479562e-19
163633.2267442168 3.220360504703114e-19
163968.9378758355 3.1999951517628885e-19
164305.33775488043 3.1795880171148115e-19
164642.4277943924 3.15913901503914e-19
164980.2094103089 3.138648059640395e-19
165318.68402147258 3.118115064846871e-19
165657.8530496389 3.097539944410154e-19
165997.71791947752 3.0769226119050447e-19
166338.28005858374 3.0562629807288758e-19
166679.5408974789 3.035560964101459e-19
167021.50186962204 3.0148164750644127e-19
167364.16441141098 2.9940294264810683e-19
167707.52996219043 2.97319973103599e-19
168051.59996426027 2.9523273012344774e-19
168396.3758628765 2.9314120494024973e-19
168741.8591062631 2.91045388768597e-19
169088.0511456131 2.8894527280507034e-19
169434.95343509677 2.8684084822818953e-19
169782.56743186995 2.847321061983632e-19
170130.89459607514 2.826190378578814e-19
170479.93639085328 2.8050163433084506e-19
170829.69428234434 2.783798867231619e-19
171180.169739699 2.762537861224757e-19
171531.3642350799 2.741233235981585e-19
171883.2792436701 2.7198849020125956e-19
172235.9162436812 2.698492769644562e-19
172589.2767163547 2.6770567490204512e-19
172943.36214597384 2.655576750098711e-19
173298.1740198642 2.6340526826532244e-19
173653.71382840563 2.6124844562726003e-19
174009.98306503348 2.5908719803600846e-19
174366.98322624707 2.5692151641330573e-19
174724.7158116181 2.547513916622515e-19
175083.18232379193 2.525768146672997e-19
175442.38426849962 2.503977762941851e-19
175802.3231545592 2.482142673899162e-19
176163.00049388432 2.460262787827224e-19
176524.41780149253 2.4383380128200356e-19
176886.57659550678 2.416368256783215e-19
177249.47839716743 2.3943534274332647e-19
177613.12473083305 2.3773123263082973e-19
177977.5171239924 2.3640664719841428e-19
178342.6571072659 2.3507934423678257e-19
178708.5462144142 2.3374931817063428e-19
179075.18598234685 2.324165634132227e-19
179442.57795112347 2.3108107436635024e-19
179810.72366396643 2.2974284542032317e-19
180179.62466726103 2.2840187095394953e-19
180549.28251056824 2.270581453344943e-19
180919.6987466259 2.257116629176742e-19
181290.8749313573 2.243624180476262e-19
181662.81262388034 2.230104050568755e-19
182035.51338650845 2.216556182663307e-19
182408.97878476337 2.202980519852384e-19
182783.21038737567 2.1893770051118066e-19
183158.2097662974 2.175745581300297e-19
183533.97849670323 2.16208619115943e-19
183910.5181569997 2.1483987773133022e-19
184287.83032883366 2.1346832822682203e-19
184665.91659709398 2.120939648412644e-19
185044.77854992409 2.1071678180167296e-19
185424.41777872338 2.0933677332322746e-19
185804.8358781562 2.079539336092394e-19
186186.03444616083 2.0656825685111964e-19
186568.01508395083 2.0517973722837318e-19
186950.77939602773 2.037883689085524e-19
187334.32899018202 2.0239414604725512e-19
187718.66547750574 2.009970627880773e-19
188103.79047239386 1.9959711326260854e-19
188489.7055925536 1.9819429159039857e-19
188876.41245901329 1.967885918789243e-19
189263.9126961239 1.9538000822358509e-19
189652.20793157208 1.939685347076547e-19
190041.29979638066 1.9255416540227946e-19
190431.1899249219 1.911368943664308e-19
190821.87995491878 1.8971671564690009e-19
191213.37152745418 1.8829362327826497e-19
191605.66628698027 1.8686761128285568e-19
191998.76588131976 1.854386736707502e-19
192392.67196167933 1.8400680443972609e-19
192787.38618265078 1.825719975752554e-19
193182.91020222064 1.8113424705047022e-19
193579.2456817791 1.7969354682613005e-19
193976.39428612194 1.7824989085061528e-19
194374.35768346355 1.7680327305987916e-19
194773.13754543767 1.7535368737744557e-19
195172.73554711064 1.739011277143604e-19
195573.15336698317 1.7244558796918598e-19
195974.39268699952 1.7098706202796666e-19
196376.45519255695 1.6952554376419514e-19
196779.34257250742 1.6806102703880617e-19
197183.05651917093 1.665935057001279e-19
197587.59872833616 1.651229735838795e-19
197992.97089927422 1.636494245131219e-19
198399.1747347399 1.6217285229825174e-19
198806.21194098156 1.6069325073696731e-19
199214.0842277504 1.5945823494719665e-19
199622.79330830212 1.586031214482133e-19
200032.3408994106 1.5774625359208383e-19
200442.7287213687 1.5688762777955957e-19
200853.95849800183 1.5602724040400098e-19
201266.03195666953 1.551650878513739e-19
201678.9508282753 1.5430116650022988e-19
202092.71684727617 1.534354727216854e-19
202507.33175168434 1.5256800287941882e-19
202922.79728308096 1.516987533296414e-19
203339.11518661783 1.5082772042109368e-19
203756.28721102703 1.499549004950255e-19
204174.31510863092 1.4908028988517515e-19
204593.20063534362 1.4820388491776597e-19
205012.94555068488 1.4732568191147742e-19
205433.55161778114 1.464456771774431e-19
205855.02060337935 1.4556386701922175e-19
206277.35427784856 1.4468024773279346e-19
206700.55441519004 1.4379481560653926e-19
207124.622793047 1.4290756692122022e-19
207549.56119270646 1.4201849794997379e-19
207975.3713991132 1.411276049582845e-19
208402.05520087067 1.4023488420398213e-19
208829.61439025524 1.3934033193721188e-19
209258.0507632177 1.3844394440043117e-19
209687.36611939355 1.3754571782838822e-19
210117.56226211283 1.3664564844810129e-19
210548.6409984021 1.3574373247885486e-19
210980.60413899837 1.3483996613217e-19
211413.45349835136 1.3393434561180043e-19
211847.19089463295 1.330268671137117e-19
212281.81814974805 1.3211752682605942e-19
212717.33708933587 1.3120632092918595e-19
213153.74954278453 1.302932455955901e-19
213591.05734323195 1.2937829698992543e-19
214029.26232758028 1.2846147126896948e-19
214468.36633649783 1.275427645816206e-19
214908.3712144291 1.2662217306887605e-19
215349.27880960525 1.2569969286381058e-19
215791.09097404603 1.2477532009157285e-19
216233.8095635741 1.2384905086935427e-19
216677.43643781598 1.2292088130638798e-19
217121.9734602171 1.219908075039172e-19
217567.42249804328 1.2105882555519188e-19
218013.78542239114 1.201249315454472e-19
218461.0641081988 1.191891215518807e-19
218909.26043424735 1.1825139164364986e-19
219358.37628317613 1.1731173788183981e-19
219808.4135414841 1.1637015631946025e-19
220259.3740995406 1.1542664300142323e-19
220711.25985159609 1.1448119396452083e-19
221164.07269578348 1.1353380523742194e-19
221617.81453413365 1.1258447284063984e-19
222072.48727257605 1.1163319278653152e-19
222528.09282095393 1.1067996107926495e-19
222984.63309302618 1.0972477371481615e-19
223442.1100064778 1.0885863679351597e-19
223900.5254829311 1.0831542487564142e-19
224359.88144794686 1.0777109850020154e-19
224820.1798310402 1.0722565538076488e-19
225281.42256568122 1.0667909322621338e-19
225743.6115893103 1.0613140974072417e-19
226206.74884333997 1.0558260262376752e-19
226670.8362731657 1.0503266957009404e-19
227135.87582817712 1.044816082697214e-19
227601.86946175934 1.0392941640793258e-19
228068.8191313088 1.0337609166525733e-19
228536.7267982341 1.02821631717471e-19
229005.5944279716 1.0226603423557626e-19
229475.42398998706 1.0170929688580092e-19
229946.21745778696 1.0115141732958472e-19
230417.9768089293 1.005923932235663e-19
230890.70402502563 1.0003222221958106e-19
231364.40109175665 9.947090196464251e-20
231839.06999887413 9.890843010094007e-20
232314.712740212 9.834480426582582e-20
232791.33131369765 9.778002209180128e-20
233268.92772135348 9.721408120651534e-20
233747.50396931331 9.664697923274507e-20
234227.06206782276 9.607871378839519e-20
234707.60403125547 9.55092824864786e-20
235189.13187811506 9.493868293511445e-20
235671.6476310463 9.436691273751464e-20
236155.15331684644 9.379396949197064e-20
236639.65096646707 9.321985079185083e-20
237125.14261503046 9.264455422558168e-20
237611.63030183016 9.206807737664665e-20
238099.1160703475 9.149041782356682e-20
238587.60196825335 9.09115731398988e-20
239077.09004741948 9.033154089422115e-20
239567.58236393033 8.975031865012059e-20
240059.0809780846 8.916790396618995e-20
240551.58795441195 8.858429439600857e-20
241045.10536167468 8.799948748814013e-20
241539.6352728793 8.741348078611902e-20
242035.1797652883 8.682627182843643e-20
242531.74092042205 8.623785814853816e-20
243029.32082407514 8.564823727480484e-20
243527.92156631764 8.505740673055108e-20
244027.54524151143 8.446536403400561e-20
244528.1939483123 8.387210669830902e-20
245029.86978968166 8.327763223149997e-20
245532.57487289835 8.268193813650082e-20
246036.31130956046 8.208502191111587e-20
246541.08121560237 8.148688104801099e-20
247046.8867112954 8.088751303471286e-20
247553.72992126492 8.028691535358872e-20
248061.61297449222 7.968508548184415e-20
248570.53800432628 7.908202089150908e-20
249080.50714849608 7.847771904942334e-20
249591.52254911218 7.787217741723456e-20
250103.58635268404 7.72653934513778e-20
250616.70071012087 7.666927941837512e-20
251130.86777674875 7.632539184892472e-20
251646.08971231256 7.598079875720736e-20
252162.36868098812 7.563549869576899e-20
252679.70685139447 7.528949021418394e-20
253198.10639659545 7.494277185905372e-20
253717.56949411766 7.459534217399501e-20
254238.0983259517 7.424719969963894e-20
254759.69507856492 7.389834297362226e-20
255282.36194291353 7.35487705305798e-20
255806.10111444458 7.319848090214251e-20
256330.91479311345 7.28474726169262e-20
256856.8051833847 7.24957442005308e-20
257383.77449424996 7.214329417552839e-20
257911.8249392297 7.179012106146216e-20
258440.95873638536 7.143622337483803e-20
258971.17810833247 7.108159962911618e-20
259502.48528224215 7.072624833470977e-20
260034.882489859 7.037016799897323e-20
260568.37196750205 7.001335712620144e-20
261102.95595608262 6.965581421761775e-20
261638.6367011064 6.929753777137284e-20
262175.41645268595 6.893852628253615e-20
262713.2974655532 6.857877824308752e-20
263252.2819990619 6.821829214191567e-20
263792.3723172052 6.785706646480632e-20
264333.5706886179 6.74950996944408e-20
264875.87938658916 6.713239031038737e-20
265419.3006890754 6.676893678909292e-20
265963.8368787018 6.64047376038815e-20
266509.49024278147 6.603979122494204e-20
267056.2630733154 6.567409611932787e-20
267604.15766701143 6.530765075094433e-20
268153.176325286 6.494045358054762e-20
268703.32135427714 6.457250306573582e-20
269254.59506485757 6.420379766094063e-20
269806.9997726365 6.383433581742562e-20
270360.53779797826 6.346411598327407e-20
270915.21146600344 6.30931366033883e-20
271471.023106607 6.272139611947719e-20
272027.9750544608 6.234889297005493e-20
272586.06964902644 6.197562559043204e-20
273145.3092345685 6.160159241270677e-20
273705.69616015686 6.122679186576351e-20
274267.23277968477 6.085122237526053e-20
274829.9214518707 6.0474882363629e-20
275393.76454027655 6.009777025006064e-20
275958.7644133099 5.971988445050621e-20
276524.92344423773 5.934122337766654e-20
277092.244011199 5.896178544098377e-20
277660.7284972072 5.858156904663989e-20
278230.37929016975 5.820057259754379e-20
278801.19878288923 5.781879449333031e-20
279373.18937307765 5.743623313035071e-20
279946.35346336936 5.705288690166412e-20
280520.6934613235 5.666875419703574e-20
281096.2117794433 5.628383340292423e-20
281672.91083517676 5.605912014112629e-20
282250.7930509361 5.58578602594784e-20
282829.86085409997 5.565618747157689e-20
283410.1166770271 5.545410093030072e-20
283991.56295706984 5.525159978678958e-20
284574.2021365765 5.504868319044327e-20
285158.03666291066 5.484535028891493e-20
285743.06898845243 5.464160022811056e-20
286329.3015706177 5.443743215218233e-20
286916.73687186063 5.423284520352774e-20
287505.3773596874 5.402783852278482e-20
288095.2255066701 5.382241124882732e-20
288686.2837904486 5.361656251876391e-20
289278.5546937509 5.341029146793136e-20
289872.0407043951 5.320359722989365e-20
290466.7443153029 5.2996478936437235e-20
291062.66802451457 5.278893571756602e-20
291659.8143351901 5.2580966701500816e-20
292258.1857556303 5.2372571014672066e-20
292857.78479927697 5.2163747781719754e-20
293458.6139847331 5.1954496125486273e-20
294060.67583576567 5.1744815167015685e-20
294663.9728813192 5.1534704025548755e-20
295268.5076555302 5.132416181851806e-20
295874.28269772953 5.111318766154719e-20
296481.3005524625 5.090178066844358e-20
297089.5637694901 5.068993995119832e-20
297699.07490380906 5.047766461997894e-20
298309.8365156546 5.0264953783128553e-20
298921.8511705143 5.0051806547161107e-20
299535.12143914297 4.9838222016756056e-20
300149.64989756444 4.962419929475784e-20
300765.4391270928 4.940973748216846e-20
301382.49171433266 4.919483567814725e-20
302000.81025120063 4.897949298000378e-20
302620.39733492694 4.876370848319681e-20
303241.2555680705 4.8547481281329365e-20
303863.38755853317 4.8330810466143656e-20
304486.7959195625 4.8113695127520173e-20
305111.48326977214 4.789613435347054e-20
305737.45223314443 4.767812723013654e-20
306364.7054390451 4.7459672841785164e-20
306993.2455222382 4.724077027080332e-20
307623.07512288797 4.702141859769714e-20
308254.1968865805 4.68016169010845e-20
308886.61346432444 4.658136425769475e-20
309520.32751257246 4.636065974236124e-20
310155.3416932232 4.6139502428020665e-20
310791.65867363673 4.591789138570767e-20
311429.28112664894 4.5695825684549755e-20
312068.2117305748 4.547330439176631e-20
312708.4531692285 4.5250326572661374e-20
313350.00813192595 4.502689129062307e-20
313992.87931350525 4.480299760711616e-20
314637.06941432937 4.4578644581681296e-20
315282.5811403015 4.4353831271929615e-20
315929.4172028801 4.4194954397795854e-20
316577.58031908126 4.406469632659128e-20
317227.0732115006 4.393417101696944e-20
317877.8986083155 4.380337792066227e-20
318530.0592433004 4.367231648827692e-20
319183.55785584246 4.354098616929257e-20
319838.3971909436 4.3409386412060035e-20
320494.5799992428 4.3277516663797294e-20
321152.1090370167 4.3145376370589304e-20
321810.9870662024 4.3012964977383523e-20
322471.21685439936 4.2880281927989464e-20
323132.8011748848 4.2747326665075555e-20
323795.74280662986 4.2614098630166023e-20
324460.0445343017 4.248059726364035e-20
325125.7091482857 4.234682200472886e-20
325792.73944468686 4.2212772291512447e-20
326461.1382253518 4.2078447560918124e-20
327130.90829787176 4.1943847248718436e-20
327802.05247559777 4.1808970789528455e-20
328474.5735776568 4.1673817616802426e-20
329148.4744289543 4.153838716283336e-20
329823.7578601967 4.140267885874847e-20
330500.4267078924 4.1266692134508983e-20
331178.4838143747 4.11304264189055e-20
331857.93202780426 4.099388113955754e-20
332538.7742021849 4.085705572291039e-20
333221.01319737994 4.071994959423171e-20
333904.6518791145 4.0582562177611216e-20
334589.6931189985 4.044489289595592e-20
335276.139794529 4.0306941170989756e-20
335963.99478910706 4.01687064232502e-20
336653.2609920529 4.003018807208508e-20
337343.9412986095 3.9891385535652094e-20
338036.0386099647 3.97522982309141e-20
338729.5558332533 3.9612925573638905e-20
339424.4958815799 3.947326697839459e-20
340120.8616740214 3.9333321858549e-20
340818.6561356435 3.919308962626642e-20
341517.88219751714 3.905256969250431e-20
342218.5427967213 3.8911761467012753e-20
342920.64087636594 3.877066435832977e-20
343624.1793855938 3.8629277773781033e-20
344329.16127960355 3.8487601119475145e-20
345035.58951965265 3.834563380030316e-20
345743.4670730739 3.820337521993519e-20
346452.796913292 3.806082478081704e-20
347163.5820198266 3.791798188416975e-20
347875.82537831535 3.77748459299847e-20
348589.52998051746 3.7631416317023176e-20
349304.69882432977 3.748769244281297e-20
350021.33491380396 3.7343673703644966e-20
350739.44125914935 3.719935949457261e-20
351459.0208767563 3.705474920940713e-20
352180.07678919827 3.690984224071718e-20
352902.6120252555 3.676463797982408e-20
353626.62961991783 3.661913581680127e-20
354352.1326144015 3.6409362668193567e-20
355079.1240561667 3.6140629736542206e-20
355807.60699891974 3.58713454704321e-20
356537.5845026382 3.5601508738740335e-20
357269.0596335712 3.5331118408025546e-20
358002.0354642648 3.5060173342518825e-20
358736.5150735642 3.478867240412272e-20
359472.50154663104 3.4516614452404886e-20
360209.99797496124 3.42439983445916e-20
360949.00745638716 3.3970822935566784e-20
361689.53309510247 3.36970870778629e-20
362431.57800166524 3.3422789621659825e-20
363175.14529301506 3.314792941477852e-20
363920.23809249076 3.2872505302674466e-20
364666.85952983296 3.259651612843664e-20
365415.0127412094 3.231996073277832e-20
366164.700869216 3.204283795403656e-20
366915.9270629019 3.176514662816297e-20
367668.6944777726 3.14868855887226e-20
368423.0062758073 3.120805366688748e-20
369178.8656254767 3.0928649691429976e-20
369936.2757017462 3.064867248872179e-20
370695.23968610103 3.036812088272454e-20
371455.7607665473 3.0086993694989345e-20
372217.84213763784 2.980528974464738e-20
372981.4870004749 2.952300784840876e-20
373746.6985627282 2.9240146820556e-20
374513.4800386527 2.895670547293731e-20
375281.83464909194 2.867268261496553e-20
376051.7656215032 2.838807705360857e-20
376823.2761899593 2.810288759338905e-20
377596.3695951741 2.781711303637462e-20
378371.04908450565 2.7530752182176954e-20
379147.3179119743 2.724380382794502e-20
379925.17933828087 2.695626676835827e-20
380704.6366308098 2.666813979562562e-20
381485.6930636551 2.6379421699475775e-20
382268.35191762313 2.6090111267156164e-20
383052.6164802514 2.5800207283426112e-20
383838.4900458267 2.5509708530550033e-20
384625.97591538815 2.5218613788296324e-20
385415.0773967537 2.4926921833927634e-20
386205.79780452116 2.4634631442200336e-20
386998.140460095 2.4341741385354816e-20
387792.1086916893 2.404825043311427e-20
388587.70583434607 2.3754157352677885e-20
389384.9352299545 2.3459460908713832e-20
390183.80022725346 2.3164159863358252e-20
390984.3041818587 2.2868252976205276e-20
391786.45045626385 2.2571739004306625e-20
392590.2424198674 2.2274616702161594e-20
393395.6834489759 2.197688482171595e-20
394202.7769268227 2.167854211235497e-20
395011.526243587 2.1379587320896342e-20
395821.93479639676 2.1080019191589162e-20
396634.00598935626 2.077983646610377e-20
397447.7432335485 2.0481293288345553e-20
398263.14994705486 2.0186361733544103e-20
399080.2295549741 1.989082509499482e-20
399898.9854894256 1.959468213130459e-20
400719.4211895763 1.929793159853115e-20
401541.54010164255 1.900057225018248e-20
402365.34567891766 1.8702602837206875e-20
403190.84138177487 1.8404022107991825e-20
404018.0306776864 1.8104828808357068e-20
404846.9170412436 1.780502168154743e-20
405677.50395415956 1.7504599468231737e-20
406509.79490529734 1.7203560906492795e-20
407343.79339067073 1.6901904731826885e-20
408179.5029134731 1.659962967713351e-20
409016.9269840796 1.6296734472714513e-20
409856.0691200675 1.5993217846266743e-20
410696.9328462357 1.5689078522874975e-20
411539.5216946079 1.538431522501082e-20
412383.8392044609 1.5078926672522412e-20
413229.88892232603 1.4772911582633972e-20
414077.6744020172 1.4466268669935592e-20
414927.1992046346 1.4158996646381947e-20
415778.46689858404 1.385109422128521e-20
416631.48105959775 1.3542560101307708e-20
417486.24527073704 1.3233392990460811e-20
418342.76312242093 1.2923591590094546e-20
419201.03821242956 1.2613154598896484e-20
420061.07414592436 1.2302080712884454e-20
420922.8745354682 1.1990368625399083e-20
421786.44300102856 1.1678017027102827e-20
422651.7831700067 1.1365024605969315e-20
423518.8986772389 1.1051390047282975e-20
424387.79316502577 1.0737112033628413e-20
425258.47028313496 1.0422189244889324e-20
426130.9336888224 1.0106620358241022e-20
427005.1870468522 9.79040404814302e-21
427881.2340295003 9.473538986337877e-21
428759.07831658365 9.156023841840547e-21
429638.7235954618 8.837857280937863e-21
430520.17356106616 8.519037967177891e-21
431403.43191590364 8.19956456136866e-21
432288.502370077 7.879435721570789e-21
433175.38864130626 7.55865010308979e-21
434064.09445493144 7.237206358474966e-21
434954.62354394264 6.915103137508603e-21
435846.9796489833 6.592339087204838e-21
436741.1665183711 6.268912851801976e-21
437637.18790811923 5.944823072754907e-21
438535.04758193967 5.620068388733877e-21
439434.74931127304 5.294647435613697e-21
440336.29687529046 4.968558846473042e-21
441239.6940609234 4.6418012515836695e-21
442144.94466286746 4.3143732784091174e-21
443052.0524836034 3.986273551597002e-21
443961.02133341855 3.657500692971302e-21
444871.8550304102 3.328053321531169e-21
445784.5574005163 3.0487674097177385e-21
446699.1322775166 3.010223165223056e-21
447615.58350306365 2.971599843072771e-21
448533.91492668615 2.9328972810306635e-21
449454.13040581037 2.8941153165276672e-21
450376.2338057823 2.8552537866609486e-21
451300.22899987036 2.8163125281937837e-21
452226.119869297 2.7772913775542313e-21
453153.9103032401 2.7381901708350764e-21
454083.6041988639 2.6990087437925246e-21
455015.2054613224 2.6597469318460483e-21
455948.7180037817 2.6204045700774635e-21
456884.1457474415 2.580981493230006e-21
457821.49262153904 2.5414775357081875e-21
458760.7625633802 2.501892531576457e-21
459701.9595183429 2.462226314559078e-21
460645.08743989974 2.422478718039172e-21
461590.15028963954 2.3826495750578e-21
462537.15203727165 2.3427387183137955e-21
463486.09666065685 2.3027459801624447e-21
464436.9881458097 2.2626711926154098e-21
465389.8304869297 2.2225141873393878e-21
466344.62768640555 2.1822747956559585e-21
467301.3837548371 2.1419528485406472e-21
468260.10271105816 2.1015481766219568e-21
469220.7885821399 2.061060610181236e-21
470183.4454034231 2.0204899791513132e-21
471148.07721851993 1.9798361131164257e-21
472114.688079346 1.9390988413108667e-21
473083.2820461242 1.8982779926188197e-21
474053.8631874074 1.857373395573414e-21
475026.4355801012 1.8163848783557475e-21
476001.00330946787 1.7753122687947418e-21
476977.57046915864 1.7341553943657607e-21
477956.1411612175 1.6929140821904672e-21
478936.7194961043 1.6515881590358419e-21
479919.3095927177 1.6101774513132086e-21
480903.91557839885 1.5686817850780919e-21
481890.54158896476 1.527100986028815e-21
482879.19176870916 1.4854348795064394e-21
483869.8702704365 1.443683290493357e-21
484862.5812554651 1.4018460436131456e-21
485857.3288936506 1.3599229631295774e-21
486854.11736340966 1.317913872945633e-21
487852.9508517233 1.275818596603347e-21
488853.8335541706 1.233636957282396e-21
489856.7696749305 1.191368777800022e-21
490861.76342681487 1.1490138806096305e-21
491868.8190312731 1.1065720878006135e-21
492877.9407184149 1.0640432210973664e-21
493889.13272703486 1.0214271018582797e-21
494902.3993046156 9.787235510755748e-22
495917.74470736226 9.359323893738886e-22
496935.17320020363 8.930534370101846e-22
497954.68905682693 8.500865138723192e-22
498976.2965596807 8.070314394788966e-22
500000.0 7.638880329782356e-22
1023753.8768734329 1e-300
2096144.000826768 1e-300
4291871.094662785 1e-300
8787639.344404101 1e-300
17992759.69479842 1e-300
36840314.98640387 1e-300
75430830.58513878 1e-300
154445210.4946379 1e-300
316227766.01683795 1e-300
