200.0 8.402615356941927e-14
224.4036908603926 7.979502529330532e-14
251.7850823588335 7.541402750215147e-14
282.5075089245508 7.094615730102615e-14
316.9786384922228 6.635663552037184e-14
355.65588200778456 6.174834959634103e-14
399.0524629937758 5.71577683339193e-14
447.74422771366795 5.263981475133e-14
502.3772863019159 4.8240316473251154e-14
563.676586252891 4.397924867586693e-14
632.4555320336759 3.983583343433725e-14
709.6267784671506 3.590024811009687e-14
796.2143411069947 3.21824695445169e-14
893.367184301926 2.870179617374784e-14
1002.3744672545449 2.546954397042888e-14
1124.682650380698 2.248080208950705e-14
1261.914688960386 1.971116688506358e-14
1415.891568768276 1.7186942328554747e-14
1588.6564694485628 1.490128000350802e-14
1782.5018762674918 1.2847981855105319e-14
2000.0 1.1017285760682265e-14
2244.0369086039273 9.394598170049711e-15
2517.850823588335 7.962097893371837e-15
2825.075089245508 6.718594016605099e-15
3169.7863849222267 5.64286760833487e-15
3556.558820077846 4.716568705334657e-15
3990.52462993776 3.922446590411877e-15
4477.44227713668 3.2438288851446955e-15
5023.772863019159 2.6641174134870812e-15
5636.765862528908 2.175484262133266e-15
6324.555320336758 1.7658615227646677e-15
7096.2677846715105 1.4245196453022676e-15
7962.143411069947 1.1418306047363352e-15
8933.67184301926 9.091580178436561e-16
10023.744672545445 7.179414128042118e-16
11246.826503806982 5.628038590718252e-16
12619.146889603866 4.3771062644947186e-16
14158.91568768276 3.3766087589338403e-16
15886.564694485627 2.582996544247276e-16
17825.01876267491 1.9579944906825479e-16
20000.0 1.4660680412935257e-16
22440.36908603927 1.0863788005963684e-16
25178.508235883346 7.962074203987409e-17
28250.750892455093 5.766006532511696e-17
31697.86384922227 4.1213396983578754e-17
35565.58820077846 2.9041848249256544e-17
39905.24629937759 2.0064223463939176e-17
44774.422771366786 1.3620182514190596e-17
50237.7286301916 9.076355665050894e-18
56367.65862528908 5.925292157172914e-18
63245.553203367585 3.780258787345489e-18
70962.6778467151 2.352153131380828e-18
79621.43411069944 1.4123920858150897e-18
89336.71843019263 8.231056660075497e-19
100237.44672545444 4.639711714114766e-19
112468.26503806982 2.5456284324498305e-19
126191.46889603866 1.340314555948718e-19
141589.1568768276 6.734720389444239e-20
158865.6469448563 3.072172226878523e-20
178250.18762674913 1.2577401859282068e-20
200000.0 6.2887984789931454e-21
453389.1337035321 1e-300
1027808.5328021944 1e-300
2329986.101501426 1e-300
5281951.900505007 1e-300
11973897.982168451 1e-300
27144176.165949065 1e-300
61534372.58487855 1e-300
139495079.3962423 1e-300
316227766.01683795 1e-300
