8000.0 2.7328700122376677e-18
8976.147634415705 2.4380453831574843e-18
10071.40329435334 2.172156503756352e-18
11300.300356982032 1.9323210320594997e-18
12679.145539688912 1.7157541029324802e-18
14226.235280311383 1.5206723943138548e-18
15962.09851975103 1.345208432778569e-18
17909.76910854672 1.1875326317177672e-18
20095.091452076635 1.0459973999475836e-18
22547.06345011564 9.191961816568421e-19
25298.221281347036 8.051391833157014e-19
28385.071138686028 7.033462703681114e-19
31848.57364427979 6.126443093300789e-19
35734.68737207704 5.319848777623924e-19
40094.9786901818 4.6042423424413e-19
44987.30601522793 3.9710686663271743e-19
50476.58755841545 3.4098162565917145e-19
56635.66275073104 2.9171778148686694e-19
63546.25877794251 2.4862617610118323e-19
71300.07505069967 2.1107974431657883e-19
80000.0 1.785224868006994e-19
89761.47634415708 1.5046339331578131e-19
100714.0329435334 1.2615968359162604e-19
113003.00356982033 1.0536512571211167e-19
126791.45539688908 8.763743580157393e-20
142262.35280311384 7.258765613879271e-20
159620.98519751037 5.98659994336878e-20
179097.6910854672 4.915549413385662e-20
200950.91452076635 4.013446907095744e-20
225470.6345011563 3.260352653187855e-20
252982.21281347034 2.6350488927966136e-20
283850.7113868604 2.1188632168439752e-20
318485.7364427979 1.6950286740201402e-20
357346.8737207704 1.3485172463777932e-20
400949.7869018178 1.0651026803971358e-20
449873.0601522793 8.361508143925113e-21
504765.8755841546 6.520903510130994e-21
566356.6275073105 5.052069125022737e-21
635462.5877794251 3.888109573241994e-21
713000.7505069964 2.9701006643544562e-21
800000.0 2.246853573329267e-21
897614.7634415708 1.6864268167872208e-21
1007140.3294353338 1.255050551335211e-21
1130030.0356982036 9.258576741430057e-22
1267914.5539688906 6.770510448232899e-22
1422623.5280311385 4.908563601841182e-22
1596209.8519751038 3.5206561167445e-22
1790976.9108546716 2.507545334674833e-22
2009509.145207664 1.7773978145222387e-22
2254706.345011563 1.257538915997498e-22
2529822.1281347037 8.922400471535354e-23
2838507.113868604 6.395088200842709e-23
3184857.3644279777 4.713044117502873e-23
3573468.737207705 3.6057817560524594e-23
4009497.869018178 2.904711200561419e-23
