300.0 4.738627663080782e-16
336.60553629058893 4.3838816356136383e-16
377.67762353825026 4.055546319561218e-16
423.76126338682616 3.7489538791696267e-16
475.46795773833423 3.466500258646146e-16
533.4838230116768 3.2091911216484575e-16
598.5786944906637 2.9704027826898845e-16
671.616341570502 2.749510209093749e-16
753.5659294528738 2.547397976443978e-16
845.5148793793364 2.3634621748894986e-16
948.6832980505137 2.1936639619955287e-16
1064.440167700726 2.0430887712881214e-16
1194.321511660492 1.9088743923321386e-16
1340.050776452889 1.7877009796152034e-16
1503.5617008818174 1.6774366306361745e-16
1687.0239755710472 1.5782144753739758e-16
1892.8720334405791 1.4896676761154934e-16
2123.837353152414 1.4097170798285938e-16
2382.984704172844 1.3367885078840528e-16
2673.7528144012376 1.2703372555538212e-16
3000.0 1.2098927907204924e-16
3366.0553629058904 1.1543649237523265e-16
3776.7762353825024 1.1009940867555407e-16
4237.6126338682625 1.050996044478614e-16
4754.679577383341 1.0037908541561793e-16
5334.8382301167685 9.581317284485901e-17
5985.786944906639 9.133367329975835e-17
6716.163415705019 8.702080111168735e-17
7535.659294528738 8.275403190969836e-17
8455.148793793362 7.856982588015762e-17
9486.832980505138 7.435162354350344e-17
10644.401677007265 7.014425395938647e-17
11943.21511660492 6.601397477704693e-17
13400.50776452889 6.194713981687591e-17
15035.617008818166 5.79075484976334e-17
16870.23975571047 5.387280111103102e-17
18928.7203344058 4.991090461189742e-17
21238.37353152414 4.6042534372097705e-17
23829.84704172844 4.2271068087228353e-17
26737.528144012365 3.8603396023106785e-17
30000.0 3.4956806209886116e-17
33660.55362905891 3.142516032639363e-17
37767.76235382502 2.801760662382955e-17
42376.12633868263 2.4749454717377932e-17
47546.7957738334 2.1643585404517707e-17
53348.38230116769 1.872905673118534e-17
59857.86944906639 1.5953335174521152e-17
67161.63415705018 1.3394035235137469e-17
75356.5929452874 1.1064708380835837e-17
84551.48793793362 8.975005611194678e-18
94868.32980505138 7.130056346726254e-18
106444.01677007263 5.5304129609543366e-18
119432.15116604917 4.143720310310193e-18
134005.07764528893 2.99516990367339e-18
150356.17008818168 2.0773296859619614e-18
168702.3975571047 1.3838250685723684e-18
189287.20334405798 8.644737370840368e-19
212383.73531524139 5.096134474930339e-19
238298.47041728444 2.849755034997531e-19
267375.2814401237 1.6166149545720578e-19
300000.0 1.119410931703299e-19
650124.7067126234 1e-300
1408873.7809272478 1e-300
3053145.512068098 1e-300
6616417.768614112 1e-300
14338322.20436146 1e-300
31072325.05953855 1e-300
67336287.38737263 1e-300
145923280.29610842 1e-300
316227766.01683795 1e-300
