4000.0 4.6449525879958853e-17
4488.073817207853 4.1470812443256126e-17
5035.70164717667 3.6221155048896725e-17
5650.150178491016 3.106163160146805e-17
6339.572769844456 2.5877928982589618e-17
7113.117640155691 2.3500483404699948e-17
7981.049259875515 2.0381523308524472e-17
8954.88455427336 1.785738040887333e-17
10047.545726038317 1.540818836041903e-17
11273.53172505782 1.2958199664272522e-17
12649.110640673518 1.1282187578839177e-17
14192.535569343014 9.671637540264825e-18
15924.286822139895 8.192430240953815e-18
17867.34368603852 6.993337821976223e-18
20047.4893450909 5.996061101362195e-18
22493.653007613964 5.080906026101412e-18
25238.293779207725 4.286360680552637e-18
28317.83137536552 3.61585594602944e-18
31773.129388971254 3.0234702575244654e-18
35650.037525349835 2.5177534335371404e-18
40000.0 2.078890058189985e-18
44880.73817207854 1.7152243975602715e-18
50357.0164717667 1.417605079512378e-18
56501.501784910164 1.1621726894087395e-18
63395.72769844454 9.489424294198048e-19
71131.17640155692 7.690696424428472e-19
79810.49259875518 6.215148982093464e-19
89548.8455427336 5.001540366894937e-19
100475.45726038318 4.0007821925093263e-19
112735.31725057815 3.13757470950258e-19
126491.10640673517 2.4623421443516296e-19
141925.3556934302 1.9175967369506608e-19
159242.86822139894 1.490040835641771e-19
178673.4368603852 1.1507519042533076e-19
200474.8934509089 8.579013494773109e-20
224936.53007613964 6.538104502281208e-20
252382.9377920773 4.8528449769857134e-20
283178.31375365524 3.4960893747524034e-20
317731.29388971254 2.5358551469702092e-20
356500.3752534982 1.805226341557907e-20
400000.0 1.2864239744329059e-20
448807.3817207854 8.981508842591746e-21
503570.1647176669 6.334225966433483e-21
565015.0178491018 4.18642925215056e-21
633957.2769844453 2.819601177685427e-21
711311.7640155692 1.8744012044681625e-21
798104.9259875519 1.2282446227536455e-21
895488.4554273358 8.184915543448062e-22
1004754.572603832 5.16912772193379e-22
1127353.1725057815 3.3276155601967694e-22
1264911.0640673519 2.134948740389611e-22
1419253.556934302 1.3885207955877867e-22
1592428.6822139889 8.987046542720426e-23
1786734.3686038526 6.022888113748154e-23
2004748.934509089 4.1666466197796464e-23
2249365.300761396 2.841494327593598e-23
2523829.377920773 2.051213532898366e-23
2831783.137536552 1.7370248706388846e-23
3177312.938897126 1.1522686347757053e-23
3565003.7525349823 7.62900532094972e-24
4000000.0 6.790443615397368e-24
6500431.924421637 1e-300
10563903.801010016 1e-300
17167484.378651142 1e-300
27899015.879248403 1e-300
45338913.370353214 1e-300
73680629.97280774 1e-300
119738979.82168451 1e-300
194588771.7576386 1e-300
316227766.01683795 1e-300
