100000.0 1.0517225790492592e-22
112201.8454301963 9.211414517046124e-23
125892.54117941676 8.051465581135472e-23
141253.7544622754 7.02174999405066e-23
158489.3192461114 6.106147810686717e-23
177827.94100389228 5.297300670529487e-23
199526.2314968879 4.584782858559978e-23
223872.11385683398 3.9587155045805836e-23
251188.64315095794 3.41003411330613e-23
281838.2931264455 2.930606194346728e-23
316227.76601683797 2.5106093049375607e-23
354813.3892335753 2.1458042135902075e-23
398107.17055349733 1.829658124428395e-23
446683.592150963 1.556349268043327e-23
501187.2336272725 1.3206518266687445e-23
562341.3251903491 1.1178435514246785e-23
630957.344480193 9.434704737816095e-24
707945.7843841381 7.946625722466906e-24
794328.2347242814 6.679215841567364e-24
891250.9381337459 5.602610568877556e-24
1000000.0 4.690676042916606e-24
1122018.4543019636 3.920220199332293e-24
1258925.4117941675 3.2713968721300516e-24
1412537.544622754 2.725682949897744e-24
1584893.1924611134 2.2692562864411808e-24
1778279.410038923 1.888243312240151e-24
1995262.3149688798 1.5702762949390631e-24
2238721.13856834 1.3050826548556025e-24
2511886.4315095795 1.0845869993579958e-24
2818382.9312644536 9.012261231102356e-25
3162277.660168379 7.499167430182191e-25
3548133.8923357553 6.252586434846126e-25
3981071.705534973 5.222763023351655e-25
4466835.92150963 4.367676467441199e-25
5011872.336272722 3.662840702634083e-25
5623413.251903491 3.0801827333900285e-25
6309573.444801933 2.5964535764609753e-25
7079457.84384138 2.194701962190344e-25
7943282.347242814 1.8615666001410975e-25
8912509.381337455 1.5858030546446014e-25
10000000.0 1.3550662098311157e-25
11220184.543019636 1.1609372278966355e-25
12589254.117941674 9.972036074745902e-26
14125375.446227545 8.583373034041336e-26
15848931.924611134 7.397691323881973e-26
17782794.10038923 6.378708094136828e-26
19952623.149688795 5.516167565810711e-26
22387211.385683395 4.76180622360711e-26
25118864.3150958 4.1094813815165113e-26
28183829.312644538 3.544671847236747e-26
31622776.601683795 3.052237345867708e-26
35481338.92335755 2.620235036899799e-26
39810717.05534972 2.237731433074438e-26
44668359.21509632 1.910580505757436e-26
50118723.362727225 1.6267850945408288e-26
56234132.51903491 1.381197113723893e-26
63095734.448019326 1.1706811234031326e-26
70794578.4384138 9.921303618586227e-27
79432823.47242814 8.405410976017399e-27
89125093.81337455 7.076574405971353e-27
100000000.0 6.0241243458937484e-27
113646366.63857242 1e-300
129154966.50148827 1e-300
146779926.76220676 1e-300
166810053.72000557 1e-300
189573565.24063793 1e-300
215443469.00318867 1e-300
244843674.68222293 1e-300
278255940.2207126 1e-300
316227766.01683795 1e-300
