10023.7446725 2.81526121439e-19
14011.6730399 2.00999496617e-19
17999.6014073 1.5630369443e-19
21987.5297747 1.27767149781e-19
25975.4581421 1.0801663406e-19
29963.3865095 9.33274984712e-20
33951.3148769 8.21449391198e-20
37939.2432443 7.34343456799e-20
41927.1716117 6.63202658942e-20
45915.0999791 6.0317308524e-20
49903.0283464 5.51843605513e-20
53890.9567138 5.10503018126e-20
57878.8850812 4.73426367246e-20
61866.8134486 4.4183792315e-20
65854.741816 4.14789800168e-20
69842.6701834 3.90140860284e-20
73830.5985508 3.68953723022e-20
77818.5269182 3.49118521836e-20
81806.4552856 3.31452377247e-20
85794.3836529 3.15575967139e-20
89782.3120203 3.00021144594e-20
93770.2403877 2.87022846278e-20
97758.1687551 2.74024547961e-20
101746.097123 2.62182786994e-20
105734.02549 2.52241650308e-20
109721.953857 2.42300513622e-20
113709.882225 2.32993253005e-20
117697.810592 2.25088051696e-20
121685.738959 2.17182850388e-20
125673.667327 2.0927764908e-20
129661.595694 2.0278241613e-20
133649.524062 1.9649757429e-20
137637.452429 1.90212732451e-20
141625.380796 1.83939571575e-20
145613.309164 1.78940699019e-20
149601.237531 1.73941826463e-20
153589.165899 1.68942953907e-20
157577.094266 1.63944081351e-20
161565.022633 1.59659910495e-20
165552.951001 1.55716904002e-20
169540.879368 1.5177389751e-20
173528.807736 1.47830891018e-20
177516.736103 1.43887884526e-20
181504.66447 1.40657409385e-20
185492.592838 1.37587515263e-20
189480.521205 1.3451762114e-20
193468.449572 1.31447727018e-20
197456.37794 1.28377832896e-20
201444.306307 1.25527682717e-20
205432.234675 1.23064531848e-20
209420.163042 1.20601380979e-20
213408.091409 1.18138230109e-20
217396.019777 1.1567507924e-20
221383.948144 1.1321192837e-20
225371.876512 1.10864299767e-20
229359.804879 1.0887698173e-20
233347.733246 1.06889663694e-20
237335.661614 1.04902345657e-20
241323.589981 1.0291502762e-20
245311.518349 1.00927709584e-20
249299.446716 9.89403915472e-21
253287.375083 9.71005390681e-21
257275.303451 9.55046774173e-21
261263.231818 9.39088157664e-21
265251.160185 9.23129541156e-21
269239.088553 9.07170924648e-21
273227.01692 8.91212308139e-21
277214.945288 8.75253691631e-21
281202.873655 8.59295075123e-21
285190.802022 8.45750557927e-21
289178.73039 8.33379792159e-21
293166.658757 8.21009026392e-21
297154.587125 8.08638260625e-21
301142.515492 7.96267494857e-21
305130.443859 7.8389672909e-21
309118.372227 7.71525963323e-21
313106.300594 7.59155197555e-21
317094.228962 7.46861874214e-21
321082.157329 7.37162910457e-21
325070.085696 7.274639467e-21
329058.014064 7.17764982944e-21
333045.942431 7.08066019187e-21
337033.870798 6.9836705543e-21
341021.799166 6.88668091673e-21
345009.727533 6.78969127916e-21
348997.655901 6.69270164159e-21
352985.584268 6.59571200403e-21
356973.512635 6.50525991181e-21
360961.441003 6.42805674704e-21
364949.36937 6.35085358227e-21
368937.297738 6.2736504175e-21
372925.226105 6.19644725273e-21
376913.154472 6.11924408796e-21
380901.08284 6.04204092319e-21
384889.011207 5.96483775842e-21
388876.939575 5.88763459365e-21
392864.867942 5.81043142888e-21
396852.796309 5.73322826411e-21
400840.724677 5.66317598367e-21
404828.653044 5.60191971008e-21
408816.581412 5.5406634365e-21
412804.509779 5.47940716291e-21
416792.438146 5.41815088933e-21
420780.366514 5.35689461574e-21
424768.294881 5.29563834216e-21
428756.223248 5.23438206857e-21
432744.151616 5.17312579499e-21
436732.079983 5.1118695214e-21
440720.008351 5.05061324782e-21
444707.936718 4.98935697423e-21
448695.865085 4.93134667408e-21
452683.793453 4.88369296581e-21
456671.72182 4.83603925755e-21
460659.650188 4.78838554928e-21
464647.578555 4.74073184102e-21
468635.506922 4.69307813276e-21
472623.43529 4.64542442449e-21
476611.363657 4.59777071623e-21
480599.292025 4.55011700796e-21
484587.220392 4.5024632997e-21
488575.148759 4.45480959144e-21
492563.077127 4.40715588317e-21
496551.005494 4.35950217491e-21
500538.933861 4.31184846664e-21
504526.862229 4.26908017035e-21
508514.790596 4.23048995817e-21
512502.718964 4.19189974598e-21
516490.647331 4.1533095338e-21
520478.575698 4.11471932162e-21
524466.504066 4.07612910943e-21
528454.432433 4.03753889725e-21
532442.360801 3.99894868506e-21
536430.289168 3.96035847288e-21
540418.217535 3.9217682607e-21
544406.145903 3.88317804851e-21
548394.07427 3.84458783633e-21
552382.002638 3.80599762414e-21
556369.931005 3.76740741196e-21
560357.859372 3.72881719978e-21
564345.78774 3.69169127713e-21
568333.716107 3.66182710921e-21
572321.644474 3.6319629413e-21
576309.572842 3.60209877338e-21
580297.501209 3.57223460546e-21
584285.429577 3.54237043754e-21
588273.357944 3.51250626962e-21
592261.286311 3.4826421017e-21
596249.214679 3.45277793378e-21
600237.143046 3.42291376586e-21
604225.071414 3.39304959794e-21
608212.999781 3.36318543002e-21
612200.928148 3.33332126211e-21
616188.856516 3.30345709419e-21
620176.784883 3.27359292627e-21
624164.713251 3.24372875835e-21
628152.641618 3.21386459043e-21
632140.569985 3.18400042251e-21
636128.498353 3.16033674739e-21
640116.42672 3.13720477329e-21
644104.355088 3.11407279918e-21
648092.283455 3.09094082507e-21
652080.211822 3.06780885097e-21
656068.14019 3.04467687686e-21
660056.068557 3.02154490276e-21
664043.996924 2.99841292865e-21
668031.925292 2.97528095454e-21
672019.853659 2.95214898044e-21
676007.782027 2.92901700633e-21
679995.710394 2.90588503223e-21
683983.638761 2.88275305812e-21
687971.567129 2.85962108401e-21
691959.495496 2.83648910991e-21
695947.423864 2.8133571358e-21
699935.352231 2.7902251617e-21
703923.280598 2.76709318759e-21
707911.208966 2.74396121348e-21
711899.137333 2.72348317646e-21
715887.065701 2.70500879018e-21
719874.994068 2.6865344039e-21
723862.922435 2.66806001762e-21
727850.850803 2.64958563134e-21
731838.77917 2.63111124506e-21
735826.707537 2.61263685878e-21
739814.635905 2.5941624725e-21
743802.564272 2.57568808622e-21
747790.49264 2.55721369994e-21
751778.421007 2.53873931366e-21
755766.349374 2.52026492738e-21
759754.277742 2.5017905411e-21
763742.206109 2.48331615482e-21
767730.134477 2.46484176854e-21
771718.062844 2.44636738225e-21
775705.991211 2.42789299597e-21
779693.919579 2.40941860969e-21
783681.847946 2.39094422341e-21
787669.776314 2.37246983713e-21
791657.704681 2.35399545085e-21
795645.633048 2.33552106457e-21
799633.561416 2.32044584546e-21
803621.489783 2.30593599903e-21
807609.41815 2.29142615261e-21
811597.346518 2.27691630618e-21
815585.274885 2.26240645976e-21
819573.203253 2.24789661333e-21
823561.13162 2.2333867669e-21
827549.059987 2.21887692048e-21
831536.988355 2.20436707405e-21
835524.916722 2.18985722762e-21
839512.84509 2.1753473812e-21
843500.773457 2.16083753477e-21
847488.701824 2.14632768834e-21
851476.630192 2.13181784192e-21
855464.558559 2.11730799549e-21
859452.486927 2.10279814906e-21
863440.415294 2.08828830264e-21
867428.343661 2.07377845621e-21
871416.272029 2.05926860978e-21
875404.200396 2.04475876336e-21
879392.128763 2.03024891693e-21
883380.057131 2.01573907051e-21
887367.985498 2.00122922408e-21
891355.913866 1.98671937765e-21
895343.842233 1.97387868598e-21
899331.7706 1.962736377e-21
903319.698968 1.95159406803e-21
907307.627335 1.94045175905e-21
911295.555703 1.92930945007e-21
915283.48407 1.91816714109e-21
919271.412437 1.90702483211e-21
923259.340805 1.89588252314e-21
927247.269172 1.88474021416e-21
931235.19754 1.87359790518e-21
935223.125907 1.8624555962e-21
939211.054274 1.85131328722e-21
943198.982642 1.84017097824e-21
947186.911009 1.82902866927e-21
951174.839377 1.81788636029e-21
955162.767744 1.80674405131e-21
959150.696111 1.79560174233e-21
963138.624479 1.78445943335e-21
967126.552846 1.77331712437e-21
971114.481213 1.7621748154e-21
975102.409581 1.75103250642e-21
979090.337948 1.73989019744e-21
983078.266316 1.72874788846e-21
987066.194683 1.71760557948e-21
991054.12305 1.7064632705e-21
995042.051418 1.69532096153e-21
999029.979785 1.68417865255e-21
1003017.90815 1.67345215661e-21
1007005.83652 1.6648869804e-21
1010993.76489 1.65632180419e-21
1014981.69325 1.64775662797e-21
1018969.62162 1.63919145176e-21
1022957.54999 1.63062627555e-21
1026945.47836 1.62206109934e-21
1030933.40672 1.61349592312e-21
1034921.33509 1.60493074691e-21
1038909.26346 1.5963655707e-21
1042897.19183 1.58780039449e-21
1046885.12019 1.57923521827e-21
1050873.04856 1.57067004206e-21
1054860.97693 1.56210486585e-21
1058848.9053 1.55353968964e-21
1062836.83366 1.54497451342e-21
1066824.76203 1.53640933721e-21
1070812.6904 1.527844161e-21
1074800.61877 1.51927898479e-21
1078788.54713 1.51071380857e-21
1082776.4755 1.50214863236e-21
1086764.40387 1.49358345615e-21
1090752.33224 1.48501827994e-21
1094740.2606 1.47645310372e-21
1098728.18897 1.46788792751e-21
1102716.11734 1.4593227513e-21
1106704.0457 1.45075757509e-21
1110691.97407 1.44219239887e-21
1114679.90244 1.43362722266e-21
1118667.83081 1.42506204645e-21
1122655.75917 1.41649687024e-21
1126643.68754 1.40895338636e-21
1130631.61591 1.40246590451e-21
1134619.54428 1.39597842265e-21
1138607.47264 1.3894909408e-21
1142595.40101 1.38300345895e-21
1146583.32938 1.37651597709e-21
1150571.25775 1.37002849524e-21
1154559.18611 1.36354101339e-21
1158547.11448 1.35705353154e-21
1162535.04285 1.35056604968e-21
1166522.97122 1.34407856783e-21
1170510.89958 1.33759108598e-21
1174498.82795 1.33110360412e-21
1178486.75632 1.32461612227e-21
1182474.68469 1.31812864042e-21
1186462.61305 1.31164115856e-21
1190450.54142 1.30515367671e-21
1194438.46979 1.29866619486e-21
1198426.39815 1.292178713e-21
1202414.32652 1.28569123115e-21
1206402.25489 1.2792037493e-21
1210390.18326 1.27271626744e-21
1214378.11162 1.26622878559e-21
1218366.03999 1.25974130374e-21
1222353.96836 1.25325382189e-21
1226341.89673 1.24676634003e-21
1230329.82509 1.24027885818e-21
1234317.75346 1.23379137633e-21
1238305.68183 1.22730389447e-21
1242293.6102 1.22081641262e-21
1246281.53856 1.21432893077e-21
1250269.46693 1.20784144891e-21
1254257.3953 1.20135396706e-21
1258245.32367 1.19486648521e-21
1262233.25203 1.18849787429e-21
1266221.1804 1.18349847692e-21
1270209.10877 1.17849907956e-21
1274197.03714 1.1734996822e-21
1278184.9655 1.16850028483e-21
1282172.89387 1.16350088747e-21
1286160.82224 1.15850149011e-21
1290148.7506 1.15350209274e-21
1294136.67897 1.14850269538e-21
1298124.60734 1.14350329802e-21
1302112.53571 1.13850390065e-21
1306100.46407 1.13350450329e-21
1310088.39244 1.12850510593e-21
1314076.32081 1.12350570856e-21
1318064.24918 1.1185063112e-21
1322052.17754 1.11350691384e-21
1326040.10591 1.10850751647e-21
1330028.03428 1.10350811911e-21
1334015.96265 1.09850872174e-21
1338003.89101 1.09350932438e-21
1341991.81938 1.08850992702e-21
1345979.74775 1.08351052965e-21
1349967.67612 1.07851113229e-21
1353955.60448 1.07351173493e-21
1357943.53285 1.06851233756e-21
1361931.46122 1.0635129402e-21
1365919.38959 1.05851354284e-21
1369907.31795 1.05351414547e-21
1373895.24632 1.04851474811e-21
1377883.17469 1.04351535075e-21
1381871.10305 1.03851595338e-21
1385859.03142 1.03351655602e-21
1389846.95979 1.02851715866e-21
1393834.88816 1.02351776129e-21
1397822.81652 1.01851836393e-21
1401810.74489 1.01351896657e-21
1405798.67326 1.0085195692e-21
1409786.60163 1.00352017184e-21
1413774.52999 9.98520774475e-22
1417762.45836 9.94037812357e-22
1421750.38673 9.90139231831e-22
1425738.3151 9.86240651305e-22
1429726.24346 9.82342070778e-22
1433714.17183 9.78443490252e-22
1437702.1002 9.74544909726e-22
1441690.02857 9.706463292e-22
1445677.95693 9.66747748674e-22
1449665.8853 9.62849168147e-22
1453653.81367 9.58950587621e-22
1457641.74204 9.55052007095e-22
1461629.6704 9.51153426569e-22
1465617.59877 9.47254846042e-22
1469605.52714 9.43356265516e-22
1473593.4555 9.3945768499e-22
1477581.38387 9.35559104464e-22
1481569.31224 9.31660523937e-22
1485557.24061 9.27761943411e-22
1489545.16897 9.23863362885e-22
1493533.09734 9.19964782359e-22
1497521.02571 9.16066201833e-22
1501508.95408 9.12167621306e-22
1505496.88244 9.0826904078e-22
1509484.81081 9.04370460254e-22
1513472.73918 9.00471879728e-22
1517460.66755 8.96573299201e-22
1521448.59591 8.92674718675e-22
1525436.52428 8.88776138149e-22
1529424.45265 8.84877557623e-22
1533412.38102 8.80978977097e-22
1537400.30938 8.7708039657e-22
1541388.23775 8.73181816044e-22
1545376.16612 8.69283235518e-22
1549364.09448 8.65384654992e-22
1553352.02285 8.61486074465e-22
1557339.95122 8.57587493939e-22
1561327.87959 8.53688913413e-22
1565315.80795 8.49790332887e-22
1569303.73632 8.4589175236e-22
1573291.66469 8.41993171834e-22
1577279.59306 8.38094591308e-22
1581267.52142 8.34196010782e-22
1585255.44979 8.30297430256e-22
1589243.37816 8.26540353246e-22
1593231.30653 8.23603261071e-22
1597219.23489 8.20666168897e-22
1601207.16326 8.17729076722e-22
1605195.09163 8.14791984548e-22
1609183.02 8.11854892373e-22
1613170.94836 8.08917800198e-22
1617158.87673 8.05980708024e-22
1621146.8051 8.03043615849e-22
1625134.73347 8.00106523674e-22
1629122.66183 7.971694315e-22
1633110.5902 7.94232339325e-22
1637098.51857 7.91295247151e-22
1641086.44693 7.88358154976e-22
1645074.3753 7.85421062801e-22
1649062.30367 7.82483970627e-22
1653050.23204 7.79546878452e-22
1657038.1604 7.76609786277e-22
1661026.08877 7.73672694103e-22
1665014.01714 7.70735601928e-22
1669001.94551 7.67798509754e-22
1672989.87387 7.64861417579e-22
1676977.80224 7.61924325404e-22
1680965.73061 7.5898723323e-22
1684953.65898 7.56050141055e-22
1688941.58734 7.53113048881e-22
1692929.51571 7.50175956706e-22
1696917.44408 7.47238864531e-22
1700905.37245 7.44301772357e-22
1704893.30081 7.41364680182e-22
1708881.22918 7.38427588007e-22
1712869.15755 7.35490495833e-22
1716857.08592 7.32553403658e-22
1720845.01428 7.29616311484e-22
1724832.94265 7.26679219309e-22
1728820.87102 7.23742127134e-22
1732808.79938 7.2080503496e-22
1736796.72775 7.17867942785e-22
1740784.65612 7.1493085061e-22
1744772.58449 7.11993758436e-22
1748760.51285 7.09056666261e-22
1752748.44122 7.06119574087e-22
1756736.36959 7.03182481912e-22
1760724.29796 7.00245389737e-22
1764712.22632 6.97308297563e-22
1768700.15469 6.94371205388e-22
1772688.08306 6.91434113213e-22
1776676.01143 6.88497021039e-22
1780663.93979 6.85559928864e-22
1784651.86816 6.83149888512e-22
1788639.79653 6.81190402309e-22
1792627.7249 6.79230916107e-22
1796615.65326 6.77271429904e-22
1800603.58163 6.75311943701e-22
1804591.51 6.73352457498e-22
1808579.43837 6.71392971295e-22
1812567.36673 6.69433485093e-22
1816555.2951 6.6747399889e-22
1820543.22347 6.65514512687e-22
1824531.15183 6.63555026484e-22
1828519.0802 6.61595540281e-22
1832507.00857 6.59636054079e-22
1836494.93694 6.57676567876e-22
1840482.8653 6.55717081673e-22
1844470.79367 6.5375759547e-22
1848458.72204 6.51798109267e-22
1852446.65041 6.49838623065e-22
1856434.57877 6.47879136862e-22
1860422.50714 6.45919650659e-22
1864410.43551 6.43960164456e-22
1868398.36388 6.42000678253e-22
1872386.29224 6.40041192051e-22
1876374.22061 6.38081705848e-22
1880362.14898 6.36122219645e-22
1884350.07735 6.34162733442e-22
1888338.00571 6.32203247239e-22
1892325.93408 6.30243761037e-22
1896313.86245 6.28284274834e-22
1900301.79082 6.26324788631e-22
1904289.71918 6.24365302428e-22
1908277.64755 6.22405816225e-22
1912265.57592 6.20446330023e-22
1916253.50428 6.1848684382e-22
1920241.43265 6.16527357617e-22
1924229.36102 6.14567871414e-22
1928217.28939 6.12608385212e-22
1932205.21775 6.10648899009e-22
1936193.14612 6.08689412806e-22
1940181.07449 6.06729926603e-22
1944169.00286 6.047704404e-22
1948156.93122 6.02810954198e-22
1952144.85959 6.00851467995e-22
1956132.78796 5.98891981792e-22
1960120.71633 5.96932495589e-22
1964108.64469 5.94973009386e-22
1968096.57306 5.93013523184e-22
1972084.50143 5.91054036981e-22
1976072.4298 5.89094550778e-22
1980060.35816 5.87135064575e-22
1984048.28653 5.85175578372e-22
1988036.2149 5.8321609217e-22
1992024.14327 5.81256605967e-22
1996012.07163 5.79297119764e-22
2000000.0 5.77337633561e-22
3510427.40349 1e-300
6161550.27758 1e-300
10814837.4712 1e-300
18982350.9116 1e-300
33318082.4114 1e-300
58480354.7643 1e-300
102645519.965 1e-300
180164823.065 1e-300
316227766.017 1e-300
