80000.0 2.0977032905882756e-22
89761.47634415704 1.8425947191719537e-22
100714.0329435334 1.615540379250967e-22
113003.00356982033 1.4139824883561075e-22
126791.45539688913 1.235039532730761e-22
142262.35280311384 1.0772362112347256e-22
159620.9851975103 9.382069932628821e-23
179097.6910854672 8.158933149809248e-23
200950.91452076635 7.085539124641392e-23
225470.6345011564 6.14739054737539e-23
252982.21281347034 5.328555996763767e-23
283850.7113868603 4.616291467068839e-23
318485.7364427979 3.997597511432385e-23
357346.8737207704 3.461917878901012e-23
400949.78690181795 2.9997191679835794e-23
449873.0601522793 2.6017319848022267e-23
504765.8755841544 2.2586917909050895e-23
566356.6275073105 1.9650637599473776e-23
635462.5877794251 1.7147073916127608e-23
713000.7505069968 1.500986337704995e-23
800000.0 1.318124259678256e-23
897614.7634415708 1.1618515629225534e-23
1007140.3294353341 1.0282617101113857e-23
1130030.0356982031 9.143537129290939e-24
1267914.5539688906 8.162525509561535e-24
1422623.5280311385 7.31485436904947e-24
1596209.8519751038 6.582392897668731e-24
1790976.9108546718 5.949049573815763e-24
2009509.1452076635 5.398187593757179e-24
2254706.345011563 4.909904307128961e-24
2529822.1281347033 4.4763108405314086e-24
2838507.113868604 4.087327901056571e-24
3184857.3644279786 3.734495657617471e-24
3573468.737207704 3.413158919339311e-24
4009497.8690181775 3.1218581203372967e-24
4498730.601522793 2.851521054166724e-24
5047658.755841547 2.5988246097619964e-24
5663566.275073105 2.3623893109352273e-24
6354625.877794251 2.14099016268906e-24
7130007.505069965 1.932553667461754e-24
8000000.0 1.733815054757965e-24
8976147.634415708 1.5460831797465747e-24
10071403.294353338 1.3692279125397635e-24
11300300.356982036 1.2029833019867296e-24
12679145.539688908 1.0473877083120502e-24
14226235.280311383 9.029463574936878e-25
15962098.519751038 7.670740994845144e-25
17909769.108546715 6.428488538567878e-25
20095091.452076644 5.307088726814354e-25
22547063.450115632 4.306433425626695e-25
25298221.281347036 3.426987135291301e-25
28385071.13868604 2.670336399262374e-25
31848573.644279774 2.0153957734392195e-25
35734687.372077055 1.4778273678505766e-25
40094978.69018178 1.048786494539915e-25
44987306.01522793 7.218810790865289e-26
50476587.55841546 4.767465943064391e-26
56635662.750731036 3.062702585318102e-26
63546258.777942516 1.9684419136004753e-26
71300075.05069964 1.3278811153614314e-26
80000000.0 1.0176750889169644e-26
93199444.06005707 1e-300
108576704.66379629 1e-300
126491106.40673521 1e-300
147361259.9456155 1e-300
171674843.78651142 1e-300
200000000.00000003 1e-300
232998610.1501426 1e-300
271441761.65949064 1e-300
316227766.01683795 1e-300
