100041.43454107361 8.477665250867427e-19
100246.68028404836 8.391293324689768e-19
100452.34711069951 8.337602902831778e-19
100658.43588492503 8.283802329309376e-19
100864.94747239524 8.229891378134707e-19
101071.88274055778 8.175869822855945e-19
101279.24255863819 8.121737436557127e-19
101487.02779764707 8.067493991856279e-19
101695.23933038067 8.013139260905297e-19
101903.87803142598 7.958673015388581e-19
102112.94477716541 7.904095026521825e-19
102322.44044577783 7.849405065051761e-19
102532.36591724538 7.794602901254353e-19
102742.72207335389 7.739688304934703e-19
102953.5097977 7.684661045425204e-19
103164.72997569188 7.629520891585326e-19
103376.38349455416 7.57426761180035e-19
103588.47124333298 7.518900973980042e-19
103800.99411289688 7.463420745558423e-19
104013.9529959436 7.407826693491977e-19
104227.34878700082 7.35211858425949e-19
104441.18238243305 7.296296183860223e-19
104655.45468044258 7.240359257813682e-19
104870.16658107437 7.184307571158324e-19
105085.31898622127 7.128140888450217e-19
105300.91279962477 7.071858973762829e-19
105516.94892688208 7.015461590685171e-19
105733.42827544716 6.958948502321552e-19
105950.35175463567 6.902319471290266e-19
106167.72027563014 6.845574259722255e-19
106385.53475148074 6.788712629260912e-19
106603.79609711259 6.731734341060146e-19
106822.50522932615 6.67463915578431e-19
107041.66306680455 6.617426833606271e-19
107261.27053011439 6.560097134207219e-19
107481.32854171087 6.502649816775295e-19
107701.83802594301 6.445084640004257e-19
107922.7999090546 6.387401362093232e-19
108144.21511919133 6.329599740744838e-19
108366.08458640138 6.271679533165029e-19
108588.40924264281 6.213640496061189e-19
108811.19002178432 6.155482385641915e-19
109034.42785961057 6.0972049576156305e-19
109258.12369382741 6.038807967189222e-19
109482.27846406274 5.980291169067819e-19
109706.89311187391 5.921654317452847e-19
109931.96858074827 5.862897166041907e-19
110157.50581611061 5.804019468026815e-19
110383.505765324 5.745020976093395e-19
110609.96937769509 5.685901442420067e-19
110836.89760447959 5.626660618676475e-19
111064.2913988829 5.567298256023256e-19
111292.1517160679 5.507814105110046e-19
111520.47951315569 5.448207916075281e-19
111749.27574923106 5.38847943854476e-19
111978.54138534772 5.328628421630286e-19
112208.27738452941 5.268654613929383e-19
112438.48471177733 5.208557763523332e-19
112669.1643340707 5.169461662076709e-19
112900.31722037443 5.133423099720138e-19
113131.94434164 5.097310600383947e-19
113364.04667081084 5.061124012378565e-19
113596.62518282793 5.024863183702979e-19
113829.68085463061 4.988527962044631e-19
114063.21466516427 4.952118194778191e-19
114297.22759538097 4.91563372896548e-19
114531.72062824709 4.879074411354265e-19
114766.69474874425 4.842440088378127e-19
115002.15094387498 4.805730606155569e-19
115238.09020266804 4.76894581048919e-19
115474.51351617946 4.732085546865519e-19
115711.42187750038 4.695149660453793e-19
115948.81628175805 4.658137996105815e-19
116186.69772612116 4.621050398355091e-19
116425.0672098058 4.5838867114159415e-19
116663.92573407605 4.546646779183384e-19
116903.27430225213 4.509330445231854e-19
117143.11391971077 4.471937552815179e-19
117383.44559389324 4.4344679448653e-19
117624.27033430627 4.396921463992135e-19
117865.58915252768 4.359297952482709e-19
118107.40306221209 4.3215972523002474e-19
118349.71307909182 4.2838192050840533e-19
118592.52022098501 4.2459636521482327e-19
118835.82550779603 4.208030434481633e-19
119079.6299615236 4.170019392746571e-19
119323.93460626183 4.1319303672786864e-19
119568.74046820572 4.0937631980860593e-19
119814.04857565719 4.055517724848292e-19
120059.85995902577 4.0171937869163925e-19
120306.1756508371 3.9787912233114523e-19
120552.99668573307 3.940309872724622e-19
120800.32410048025 3.901749573515798e-19
121048.15893397079 3.8631101637134774e-19
121296.50222722821 3.8243914810138644e-19
121545.35502341329 3.7855933627799517e-19
121794.718367825 3.7467156460413575e-19
122044.59330790884 3.707758167493055e-19
122294.98089325776 3.6687207634952046e-19
122545.88217561803 3.6296032700722464e-19
122797.29820889527 3.5904055229119634e-19
123049.23004915519 3.5511273573653647e-19
123301.67875463217 3.5117686084453353e-19
123554.64538572977 3.4723291108265896e-19
123808.13100502898 3.432808698844345e-19
124062.1366772893 3.393207206494181e-19
124316.6634694547 3.3535244674310925e-19
124571.71245065959 3.313760314968576e-19
124827.28469222989 3.27391458207845e-19
125083.38126769141 3.2339871013895594e-19
125340.00325277039 3.1939777051876716e-19
125597.15172540209 3.153886225414163e-19
125854.82776573174 3.113712493665851e-19
126113.0324561206 3.073456341194058e-19
126371.76688115204 3.04754641796563e-19
126631.03212763251 3.0278732976470732e-19
126890.82928460024 3.0081598158101235e-19
127151.1594433262 2.9884058896488316e-19
127412.02369732017 2.9686114361873644e-19
127673.423142337 2.948776372279533e-19
127935.35887637743 2.9289006146087286e-19
128197.83199969708 2.908984079687248e-19
128460.84361480667 2.889026683856263e-19
128724.39482648096 2.8690283432851523e-19
128988.48674175974 2.848988973971424e-19
129253.12046995392 2.828908491740249e-19
129518.29712265194 2.8087868122439843e-19
129784.01781372065 2.788623850962097e-19
130050.28365931429 2.7684195232004896e-19
130317.09577787473 2.748173744091472e-19
130584.45529014074 2.7278864285930733e-19
130852.3633191487 2.7075574914889705e-19
131120.8209902391 2.687186847388014e-19
131389.8294310627 2.6667744107237393e-19
131659.38977158171 2.6463200957543e-19
131929.50314407866 2.6258238165617695e-19
132200.17068315696 2.6052854870521285e-19
132471.39352574988 2.584705020954551e-19
132743.17281112174 2.564082331821343e-19
133015.50968087398 2.543417333027459e-19
133288.40527895198 2.522709937770001e-19
133561.8607516458 2.5019600590681597e-19
133835.87724759936 2.4811676097625022e-19
134110.4559178116 2.4603325025149084e-19
134385.5979156428 2.4394546498080724e-19
134661.3043968212 2.4185339639450087e-19
134937.57651944377 2.397570357048985e-19
135214.41544398587 2.3765637410628103e-19
135491.8223333013 2.3555140277488033e-19
135769.79835263197 2.3344211286880845e-19
136048.34466960854 2.3132849552805016e-19
136327.4624542574 2.292105418744127e-19
136607.15287900687 2.2708824301147617e-19
136887.41711868852 2.2496159002458577e-19
137168.25635054635 2.228305739807805e-19
137449.6717542375 2.2069518592878884e-19
137731.6645118414 2.185554168989581e-19
138014.23580786106 2.1641125790324656e-19
138297.38682922957 2.14262699935172e-19
138581.11876531682 2.1210973396976176e-19
138865.43280793063 2.0995235096354473e-19
139150.33015132614 2.0779054185447887e-19
139435.811992207 2.0562429756194322e-19
139721.8795297319 2.034536089866873e-19
140008.53396552158 2.012784670107791e-19
140295.7765036597 1.9909886249759791e-19
140583.60835070253 1.9691478629176072e-19
140872.0307156793 1.9472622921911881e-19
141161.0448101022 1.925331820866839e-19
141450.65184796712 1.9033563568262077e-19
141740.85304576062 1.8810416818890624e-19
142031.64962246665 1.858412125660124e-19
142323.0427995679 1.8357361424672153e-19
142615.03380105525 1.813013637060347e-19
142907.62385342846 1.7902445139942922e-19
143200.8141857059 1.767428677627827e-19
143494.6060294257 1.7445660321236467e-19
143789.00061865244 1.7216564814478278e-19
144083.99918998452 1.69869992936928e-19
144379.60298255485 1.6756962794596737e-19
144675.813238041 1.6526454350926592e-19
144972.6312006661 1.6295472994437885e-19
145270.05811720603 1.6064017754899636e-19
145568.0952369963 1.5832087660088988e-19
145866.74381193318 1.5599681735790297e-19
146166.00509648377 1.5366799005787353e-19
146465.8803476864 1.5133438491862991e-19
146766.3708251608 1.4899599213791277e-19
147067.47779110904 1.4665280189336627e-19
147369.2025103229 1.4430480434248294e-19
147671.54625019067 1.4195198962254857e-19
147974.5102806985 1.3959434785063291e-19
148278.0958744404 1.372318691235114e-19
148582.3043066189 1.3486454351766037e-19
148887.13685505514 1.3249236108917854e-19
149192.59480018995 1.3011531187377733e-19
149498.67942509128 1.2773338588672577e-19
149805.3920154611 1.253465731227938e-19
150112.73385963676 1.2295486355624367e-19
150420.7062486013 1.2055824714074928e-19
150729.31047598374 1.18156713809393e-19
151038.54783806967 1.1575025347458455e-19
151348.4196338023 1.133388560280521e-19
151658.92716478973 1.1092251134078567e-19
151970.07173531235 1.085012092629802e-19
152281.85465232393 1.0607493962402644e-19
152594.27722546205 1.0364369223242978e-19
152907.34076704926 1.0120745687580113e-19
153221.04659210055 9.87662233207996e-20
153535.39601833068 9.631998131307482e-20
153850.39036615528 9.386872057725831e-20
154166.03095870148 9.141243081688053e-20
154482.31912180848 8.895110171436755e-20
154799.25618403804 8.648472293095843e-20
155116.84347667574 8.401328410669535e-20
155435.08233373845 8.153677486036641e-20
155753.9740919818 7.905518478944625e-20
156073.52009090138 7.656850347008789e-20
156393.72167274347 7.407672045703844e-20
156714.58018250554 7.15798252836358e-20
157036.09696794694 6.907780746172417e-20
157358.27337959036 6.657065648164515e-20
157681.11077072908 6.405836181217859e-20
158004.61049743477 6.154091290048351e-20
158328.7739185587 5.901829917208884e-20
158653.6023957425 5.649051003080845e-20
158979.09729341939 5.462429656998407e-20
159305.25997882194 5.400302311530263e-20
159632.09182198966 5.3380475051430455e-20
159959.59419577025 5.275664976337238e-20
160287.76847583053 5.213154463076348e-20
160616.616040657 5.15051570278677e-20
160946.13827156706 5.0877484323557106e-20
161276.33655270995 5.024852388130934e-20
161607.21227107456 4.961827305919314e-20
161938.7668164974 4.898672920985314e-20
162271.00158166382 4.8353889680507616e-20
162603.91796211893 4.771975181292749e-20
162937.5173562683 4.7084312943435056e-20
163271.80116538925 4.6447570402882564e-20
163606.77079363185 4.580952151665025e-20
163942.42764802702 4.517016360463093e-20
164278.77313849426 4.452949398121513e-20
164615.80867784316 4.3887509955288714e-20
164953.53568178436 4.324420883021118e-20
165291.9555689304 4.259958790381477e-20
165631.0697608069 4.195364446838293e-20
165970.87968185384 4.1306375810647595e-20
166311.3867594336 4.065777921177427e-20
166652.59242383912 4.0007851947346536e-20
166994.4981082948 3.935659128736378e-20
167337.10524896835 3.870399449621923e-20
167680.41528497185 3.805005883269767e-20
168024.42965836974 3.739478154996005e-20
168369.14981418726 3.673815989552782e-20
168714.5772004114 3.6080191111280816e-20
169060.71326800267 3.5420872433434924e-20
169407.55947089556 3.476020109254118e-20
169755.1172660103 3.4098174313463455e-20
170103.38811325398 3.343478931537613e-20
170452.37347552896 3.2770043311748426e-20
170802.0748187409 3.21039335103287e-20
171152.4936118001 3.1436457113142064e-20
171503.63132663348 3.076761131646787e-20
171855.4894381847 3.0097393310838746e-20
172208.06942442647 2.942580028101808e-20
172561.37276636146 2.875282940599737e-20
172915.40094803082 2.807847785898072e-20
173270.1554565225 2.740274280736856e-20
173625.6377819726 2.6725621412755376e-20
173981.84941757706 2.6047110830906956e-20
174338.7918595933 2.536720821175795e-20
174696.46660734844 2.4685910699395732e-20
175054.8751632477 2.40032154320444e-20
175414.0190327759 2.331911954206222e-20
175773.89972450922 2.263362015591885e-20
176134.51875011617 2.1946714394193917e-20
176495.87762436937 2.125839937155422e-20
176857.97786514697 2.0568672196751094e-20
177220.82099344136 1.9877529972604108e-20
177584.40853336742 1.9184969795984865e-20
177948.7420121641 1.849098875781443e-20
178313.8229602065 1.7891045609375802e-20
178679.65291100662 1.7743008843559524e-20
179046.23340122547 1.7594668364425287e-20
179413.56597067442 1.7446023548872922e-20
179781.6521623241 1.729707377252389e-20
180150.4935223129 1.7147818409717768e-20
180520.09159994812 1.6998256833511746e-20
180890.44794771879 1.6848388415675564e-20
181261.56412129605 1.669821252669125e-20
181633.44167954556 1.6547728535748167e-20
182006.08218452896 1.639693581074236e-20
182379.48720151265 1.6245833718273046e-20
182753.6582989766 1.6094421623639067e-20
183128.5970486156 1.5942698890838307e-20
183504.30502535208 1.5790664882562607e-20
183880.78380733717 1.5638318960197208e-20
184258.0349759599 1.548566048381719e-20
184636.06011585583 1.5332688812183837e-20
185014.86081490864 1.517940330274404e-20
185394.43866426274 1.5025803311625263e-20
185774.79525832384 1.4871888193635187e-20
186155.93219477189 1.4717657302256585e-20
186537.8510745622 1.456310998964676e-20
186920.55350193486 1.4408245606633898e-20
187304.04108442325 1.42530635027134e-20
187688.31543285595 1.4097563026047352e-20
188073.37816136924 1.3941743523459254e-20
188459.23088740796 1.3785604340433808e-20
188845.8752317384 1.3629144821111653e-20
189233.3128184497 1.3472364308288782e-20
189621.54527496296 1.3315262143412895e-20
190010.5742320405 1.3157837666579651e-20
190400.40132378714 1.300009021653208e-20
190791.02818766347 1.2842019130655342e-20
191182.456464487 1.2683623744976107e-20
191574.6877984417 1.2524903394158832e-20
191967.72383708708 1.2365857411502002e-20
192361.56623135955 1.2206485128937589e-20
192756.2166355859 1.204678587702565e-20
193151.67670748368 1.1886758984954126e-20
193547.9481081746 1.1726403780533405e-20
193945.03250218605 1.1565719590195772e-20
194342.93155746025 1.1404705738991628e-20
194741.64694536387 1.1243361550585665e-20
195141.18034068932 1.1081686347256296e-20
195541.53342166825 1.091967944989024e-20
195942.7078699722 1.075734017798219e-20
196344.70537072595 1.0594667849629466e-20
196747.52761250924 1.0431661781531328e-20
197151.17628736596 1.0268321288985185e-20
197555.65309081392 1.0104645685882738e-20
197960.95972184624 9.940634284709344e-21
198367.09788294492 9.776286396538571e-21
198774.06928008146 9.611601331031868e-21
199181.87562273076 9.446578396433068e-21
199590.5186238723 9.2812168995678e-21
200000.0 9.11551614583955e-21
453389.1337035321 1e-300
1027808.5328021944 1e-300
2329986.101501426 1e-300
5281951.900505007 1e-300
11973897.982168451 1e-300
27144176.165949065 1e-300
61534372.58487855 1e-300
139495079.3962423 1e-300
316227766.01683795 1e-300
