50000.0 2.7064705288108236e-20
56100.92271509815 2.3248034804866222e-20
62946.27058970838 1.9936135587724866e-20
70626.8772311377 1.7066570719566518e-20
79244.6596230557 1.457745115718784e-20
88913.97050194614 1.243058800766316e-20
99763.11574844395 1.0582421653623562e-20
111936.05692841699 8.993507517304213e-21
125594.32157547897 7.629819953220792e-21
140919.14656322275 6.462769747332287e-21
158113.88300841898 5.4608289626237624e-21
177406.69461678766 4.605135816179968e-21
199053.58527674866 3.876240078756879e-21
223341.7960754815 3.256797013592923e-21
250593.61681363624 2.7314930155411396e-21
281170.66259517457 2.2869138536973505e-21
315478.6722400965 1.9102013442519326e-21
353972.89219206903 1.5925712907105743e-21
397164.1173621407 1.325182541328086e-21
445625.46906687296 1.1004827699909417e-21
500000.0 9.120707762932776e-22
561009.2271509818 7.54533498502147e-22
629462.7058970837 6.225839833167769e-22
706268.772311377 5.126908443354318e-22
792446.5962305567 4.213204093276227e-22
889139.7050194615 3.4548804334407386e-22
997631.1574844399 2.826842125481308e-22
1119360.56928417 2.3080191538728113e-22
1255943.2157547898 1.8783234314305872e-22
1409191.4656322268 1.5252460441493872e-22
1581138.8300841895 1.235603752354388e-22
1774066.9461678776 9.982692035670918e-23
1990535.8527674866 8.041205045112126e-23
2233417.960754815 6.457733545327695e-23
2505936.168136361 5.164263676534897e-23
2811706.6259517455 4.1146313129018233e-23
3154786.7224009666 3.2655576738103224e-23
3539728.92192069 2.5797522832939257e-23
3971641.173621407 2.0270836170546132e-23
4456254.690668727 1.5838467703604988e-23
5000000.0 1.2278734582368022e-23
5610092.271509818 9.451666543454721e-24
6294627.058970837 7.216595643389596e-24
7062687.723113772 5.4587287103617735e-24
7924465.962305567 4.086565938116499e-24
8891397.050194615 3.0269572880647402e-24
9976311.574844398 2.2045350952324013e-24
11193605.692841697 1.5784337547976943e-24
12559432.1575479 1.1094538403492448e-24
14091914.656322269 7.6464432143877785e-25
15811388.300841898 5.156016711107554e-25
17740669.461678773 3.385933998231814e-25
19905358.52767486 2.1404364962893893e-25
22334179.60754816 1.3047259675448836e-25
25059361.681363612 7.641068483528096e-26
28117066.259517454 4.321813001317434e-26
31547867.224009663 2.339356501625943e-26
35397289.2192069 1.2383240458041047e-26
39716411.73621407 6.720776683701439e-27
44562546.906687275 3.8576324555145845e-27
50000000.0 2.6509943740890537e-27
61372432.53885792 1e-300
75331509.51473334 1e-300
92465559.71486612 1e-300
113496726.5153672 1e-300
139311403.8289119 1e-300
170997594.66766945 1e-300
209890766.86097074 1e-300
257630138.59408116 1e-300
316227766.01683795 1e-300
