10000.0 1.4634715584839845e-18
11220.18454301963 1.3022321417273489e-18
12589.254117941675 1.1573109282554068e-18
14125.375446227541 1.0271200419299676e-18
15848.93192461114 9.097599977827281e-19
17782.79410038923 8.044917683143558e-19
19952.62314968879 7.101022246042439e-19
22387.2113856834 6.255468544876497e-19
25118.864315095794 5.49898235157329e-19
28183.82931264455 4.82313467760602e-19
31622.776601683792 4.2171098679350607e-19
35481.338923357536 3.676974973594273e-19
39810.717055349734 3.196793733568476e-19
44668.3592150963 2.770938212813108e-19
50118.72336272724 2.3942387135036006e-19
56234.13251903491 2.0620268214763143e-19
63095.7344480193 1.7680765424491192e-19
70794.57843841381 1.5104570080982944e-19
79432.82347242814 1.2857338518803402e-19
89125.0938133746 1.0904412167656366e-19
100000.0 9.212961143104524e-20
112201.84543019635 7.752982270775262e-20
125892.54117941676 6.491548043889375e-20
141253.7544622754 5.414559557866797e-20
158489.31924611132 4.498507318544313e-20
177827.9410038923 3.7220938164438885e-20
199526.23149688798 3.066506755702661e-20
223872.11385683398 2.5153371712638158e-20
251188.64315095794 2.0508177055220802e-20
281838.2931264454 1.6642603760708853e-20
316227.7660168379 1.3437246359036681e-20
354813.3892335755 1.0793328273467022e-20
398107.17055349733 8.624620297547035e-21
446683.592150963 6.854288699313514e-21
501187.2336272722 5.4068331397053076e-21
562341.3251903491 4.2400476005329735e-21
630957.3444801933 3.3030159514848898e-21
707945.7843841381 2.5559884826416446e-21
794328.2347242814 1.965019469664998e-21
891250.9381337456 1.500254025937978e-21
1000000.0 1.1345728958688392e-21
1122018.4543019636 8.510360866119367e-22
1258925.4117941672 6.330013633391756e-22
1412537.5446227544 4.668367788092474e-22
1584893.1924611134 3.4135908049218366e-22
1778279.410038923 2.474553391294687e-22
1995262.3149688798 1.7774311935441826e-22
2238721.1385683394 1.2682017376037471e-22
2511886.4315095805 9.008061156557533e-23
2818382.931264454 6.394708367288186e-23
3162277.6601683795 4.560281467471877e-23
3548133.892335755 3.286491131873349e-23
3981071.705534972 2.4381449323465855e-23
4466835.921509632 1.8798334233580285e-23
5011872.336272722 1.5271995237935092e-23
