100000.0 2.1704052241864647e-21
112201.8454301963 1.8932636184659595e-21
125892.54117941676 1.6498683546569965e-21
141253.7544622754 1.4362354629169022e-21
158489.3192461114 1.2484113726477446e-21
177827.94100389228 1.0832746990447899e-21
199526.2314968879 9.387730439388377e-22
223872.11385683398 8.124048708462666e-22
251188.64315095794 7.019924285145116e-22
281838.2931264455 6.059806762683114e-22
316227.76601683797 5.209041244908118e-22
354813.3892335753 4.47036716815821e-22
398107.17055349733 3.8271114512045605e-22
446683.592150963 3.268277031312263e-22
501187.2336272725 2.783972220774541e-22
562341.3251903491 2.363545718049033e-22
630957.344480193 1.998438760286559e-22
707945.7843841381 1.684088906061338e-22
794328.2347242814 1.4142301813734764e-22
891250.9381337459 1.1833384161048467e-22
1000000.0 9.865185010957861e-23
1122018.4543019636 8.194159588865264e-23
1258925.4117941675 6.774642367629528e-23
1412537.544622754 5.58054077855014e-23
1584893.1924611134 4.5795215174740436e-23
1778279.410038923 3.742499067358337e-23
1995262.3149688798 3.044991666805735e-23
2238721.13856834 2.466957813129199e-23
2511886.4315095795 1.9866879747651085e-23
2818382.9312644536 1.5921435152785566e-23
3162277.660168379 1.2694707050853395e-23
3548133.8923357553 1.0068332943195033e-23
3981071.705534973 7.941584566519885e-24
4466835.92150963 6.228976877877138e-24
5011872.336272722 4.8496289489964995e-24
5623413.251903491 3.7541618414388184e-24
6309573.444801933 2.8872759412603797e-24
7079457.84384138 2.2060599573165398e-24
7943282.347242814 1.6748725548469196e-24
8912509.381337455 1.2633810306348359e-24
10000000.0 9.451319831385062e-25
11220184.543019636 7.02627644835022e-25
12589254.117941674 5.191287583404755e-25
14125375.446227545 3.813437969331027e-25
15848931.924611134 2.78723834393892e-25
17782794.10038923 2.02926094727434e-25
19952623.149688795 1.4743945964404902e-25
22387211.385683395 1.072739131491268e-25
25118864.3150958 7.846424736657442e-26
28183829.312644538 5.796853816494218e-26
31622776.601683795 4.3497834713147397e-26
35481338.92335755 3.33667449169704e-26
39810717.05534972 2.659156087625316e-26
44668359.21509632 2.2051278015375593e-26
50118723.362727225 1.9197465329993002e-26
113646366.63857242 1e-300
129154966.50148827 1e-300
146779926.76220676 1e-300
166810053.72000557 1e-300
189573565.24063793 1e-300
215443469.00318867 1e-300
244843674.68222293 1e-300
278255940.2207126 1e-300
316227766.01683795 1e-300
