1000.0 2.730987890741846e-17
1122.0184543019632 3.0305738803596125e-17
1258.9254117941675 2.7186019966100354e-17
1412.537544622754 1.999279192502628e-17
1584.893192461114 1.8762495373745308e-17
1778.2794100389228 1.9272507343367253e-17
1995.2623149688789 1.4903839776920756e-17
2238.72113856834 1.4240843707071993e-17
2511.8864315095793 1.170760937905599e-17
2818.382931264455 9.926884655070714e-18
3162.2776601683795 8.747016740267209e-18
3548.1338923357534 8.53848013592086e-18
3981.0717055349737 8.207065031885437e-18
4466.83592150963 6.8493190047262985e-18
5011.872336272725 5.510177359449343e-18
5623.413251903491 4.7940547454111444e-18
6309.573444801931 4.475935453628194e-18
7079.45784384138 3.392657980422146e-18
7943.282347242814 2.9448974531350248e-18
8912.509381337459 2.553941470242992e-18
10000.0 2.3854333259051947e-18
11220.184543019635 2.056907258077876e-18
12589.254117941675 1.73322660177709e-18
14125.375446227541 1.4959702108837458e-18
15848.931924611135 1.3611342313022205e-18
17782.79410038923 1.1344906509258422e-18
19952.623149688796 9.783572514250414e-19
22387.2113856834 8.441372176100497e-19
25118.864315095794 7.464202621246825e-19
28183.82931264454 5.993562262747697e-19
31622.776601683792 5.548444415303821e-19
35481.33892335755 4.531368820759271e-19
39810.717055349734 3.9468418082949187e-19
44668.3592150963 3.477694736071343e-19
50118.72336272722 3.062864286792184e-19
56234.13251903491 2.638368627697233e-19
63095.73444801933 2.3096155751406777e-19
70794.57843841381 2.0342482104914395e-19
79432.82347242814 1.7508900448901073e-19
89125.09381337455 1.5334915380162211e-19
100000.0 1.345792501228692e-19
112201.84543019635 1.1694012010127712e-19
125892.54117941673 1.0223555538964786e-19
141253.75446227545 8.919421519492487e-20
158489.31924611132 7.76212219001845e-20
177827.9410038923 6.783365619310945e-20
199526.23149688798 5.903307632433799e-20
223872.11385683395 5.133048021486209e-20
251188.643150958 4.456002452275573e-20
281838.2931264454 3.859655640489112e-20
316227.76601683797 3.3337706249729934e-20
354813.3892335755 2.856431578709062e-20
398107.1705534972 2.457283424866301e-20
446683.59215096314 2.1007758266419877e-20
501187.23362727225 1.7935647950670477e-20
562341.325190349 1.5226639575532973e-20
630957.3444801932 1.2892995781246292e-20
707945.784384138 1.0901272287927604e-20
794328.2347242815 9.232514176822288e-21
891250.9381337456 7.795050303506096e-21
1000000.0 6.6884807971714636e-21
1895735.6524063754 1e-300
3593813.6638046256 1e-300
6812920.690579608 1e-300
12915496.650148828 1e-300
24484367.468222294 1e-300
46415888.33612782 1e-300
87992254.35691075 1e-300
166810053.72000557 1e-300
316227766.01683795 1e-300
