10669.6764602 1.94048956592e-16
11850.6991527 1.64924441934e-16
13031.7218452 1.42217587604e-16
14212.7445376 1.23817668998e-16
15393.7672301 1.08382404661e-16
16574.7899226 9.59544143625e-17
17755.812615 8.57881394234e-17
18936.8353075 7.65193326718e-17
20117.8579999 6.95027487067e-17
21298.8806924 6.25738183581e-17
22479.9033849 5.74059893993e-17
23660.9260773 5.22381604405e-17
24841.9487698 4.81549277009e-17
26022.9714623 4.43276616908e-17
27203.9941547 4.08413939068e-17
28385.0168472 3.80135025964e-17
29566.0395397 3.5185611286e-17
30747.0622321 3.27834637439e-17
31928.0849246 3.06995677872e-17
33109.1076171 2.86156718306e-17
34290.1303095 2.6788559308e-17
35471.153002 2.52564083205e-17
36652.1756945 2.3724257333e-17
37833.1983869 2.21921063456e-17
39014.2210794 2.10573389157e-17
40195.2437718 1.99308993276e-17
41376.2664643 1.88044597395e-17
42557.2891568 1.76988774938e-17
43738.3118492 1.68782779145e-17
44919.3345417 1.60576783353e-17
46100.3572342 1.52370787561e-17
47281.3799266 1.44164791768e-17
48462.4026191 1.37485839798e-17
49643.4253116 1.31526579062e-17
50824.448004 1.25567318325e-17
52005.4706965 1.19608057588e-17
53186.493389 1.13648796851e-17
54367.5160814 1.08922843098e-17
55548.5387739 1.04595659844e-17
56729.5614663 1.00268476591e-17
57910.5841588 9.59412933381e-18
59091.6068513 9.16141100849e-18
60272.6295437 8.7566983452e-18
61453.6522362 8.44529967555e-18
62634.6749287 8.1339010059e-18
63815.6976211 7.82250233625e-18
64996.7203136 7.5111036666e-18
66177.7430061 7.19970499695e-18
67358.7656985 6.89112642164e-18
68539.788391 6.66816995447e-18
69720.8110835 6.44521348731e-18
70901.8337759 6.22225702014e-18
72082.8564684 5.99930055297e-18
73263.8791609 5.7763440858e-18
74444.9018533 5.55338761863e-18
75625.9245458 5.33529598713e-18
76806.9472382 5.17589584298e-18
77987.9699307 5.01649569883e-18
79168.9926232 4.85709555468e-18
80350.0153156 4.69769541052e-18
81531.0380081 4.53829526637e-18
82712.0607006 4.37889512222e-18
83893.083393 4.21949497807e-18
85074.1060855 4.07283041423e-18
86255.128778 3.9601627544e-18
87436.1514704 3.84749509458e-18
88617.1741629 3.73482743475e-18
89798.1968554 3.62215977492e-18
90979.2195478 3.50949211509e-18
92160.2422403 3.39682445527e-18
93341.2649327 3.28415679544e-18
94522.2876252 3.17148913561e-18
95703.3103177 3.07623989358e-18
96884.3330101 2.99731163575e-18
98065.3557026 2.91838337792e-18
99246.3783951 2.83945512009e-18
100427.401088 2.76052686226e-18
101608.42378 2.68159860443e-18
102789.446472 2.6026703466e-18
103970.469165 2.52374208877e-18
105151.491857 2.44481383094e-18
106332.51455 2.36588557311e-18
107513.537242 2.30332642002e-18
108694.559935 2.24806727548e-18
109875.582627 2.19280813095e-18
111056.60532 2.13754898642e-18
112237.628012 2.08228984189e-18
113418.650705 2.02703069736e-18
114599.673397 1.97177155282e-18
115780.69609 1.91651240829e-18
116961.718782 1.86125326376e-18
118142.741474 1.80599411923e-18
119323.764167 1.7507349747e-18
120504.786859 1.7070540837e-18
121685.809552 1.66912491254e-18
122866.832244 1.63119574138e-18
124047.854937 1.59326657022e-18
125228.877629 1.55533739906e-18
126409.900322 1.5174082279e-18
127590.923014 1.47947905674e-18
128771.945707 1.44154988558e-18
129952.968399 1.40362071443e-18
131133.991092 1.36569154327e-18
132315.013784 1.32776237211e-18
133496.036477 1.28983320095e-18
134677.059169 1.25555709285e-18
135858.081861 1.22982255678e-18
137039.104554 1.20408802071e-18
138220.127246 1.17835348463e-18
139401.149939 1.15261894856e-18
140582.172631 1.12688441248e-18
141763.195324 1.10114987641e-18
142944.218016 1.07541534034e-18
144125.240709 1.04968080426e-18
145306.263401 1.02394626819e-18
146487.286094 9.98211732118e-19
147668.308786 9.72477196045e-19
148849.331479 9.46742659971e-19
150030.354171 9.21008123898e-19
151211.376864 8.98784063953e-19
152392.399556 8.81371541314e-19
153573.422248 8.63959018675e-19
154754.444941 8.46546496036e-19
155935.467633 8.29133973397e-19
157116.490326 8.11721450758e-19
158297.513018 7.94308928119e-19
159478.535711 7.7689640548e-19
160659.558403 7.59483882841e-19
161840.581096 7.42071360202e-19
163021.603788 7.24658837563e-19
164202.626481 7.07246314924e-19
165383.649173 6.89833792285e-19
166564.671866 6.72421269645e-19
167745.694558 6.55008747006e-19
168926.71725 6.37596224367e-19
170107.739943 6.25252774928e-19
171288.762635 6.13798557003e-19
172469.785328 6.02344339079e-19
173650.80802 5.90890121155e-19
174831.830713 5.7943590323e-19
176012.853405 5.67981685306e-19
177193.876098 5.56527467382e-19
178374.89879 5.45073249458e-19
179555.921483 5.33619031533e-19
180736.944175 5.22164813609e-19
181917.966868 5.10710595685e-19
183098.98956 4.9925637776e-19
184280.012253 4.87802159836e-19
185461.034945 4.76347941912e-19
186642.057637 4.64893723988e-19
187823.08033 4.53439506063e-19
189004.103022 4.41985288139e-19
190185.125715 4.32069814024e-19
191366.148407 4.24667834021e-19
192547.1711 4.17265854019e-19
193728.193792 4.09863874017e-19
194909.216485 4.02461894014e-19
196090.239177 3.95059914012e-19
197271.26187 3.87657934009e-19
198452.284562 3.80255954007e-19
199633.307255 3.72853974005e-19
200814.329947 3.65451994002e-19
201995.352639 3.58050014e-19
203176.375332 3.50648033998e-19
204357.398024 3.43246053995e-19
205538.420717 3.35844073993e-19
206719.443409 3.2844209399e-19
207900.466102 3.21040113988e-19
209081.488794 3.13638133986e-19
210262.511487 3.06236153983e-19
211443.534179 2.98834173981e-19
212624.556872 2.91432193978e-19
213805.579564 2.86135183892e-19
214986.602257 2.8144262355e-19
216167.624949 2.76750063209e-19
217348.647642 2.72057502868e-19
218529.670334 2.67364942527e-19
219710.693026 2.62672382186e-19
220891.715719 2.57979821844e-19
222072.738411 2.53287261503e-19
223253.761104 2.48594701162e-19
224434.783796 2.43902140821e-19
225615.806489 2.39209580479e-19
226796.829181 2.34517020138e-19
227977.851874 2.29824459797e-19
229158.874566 2.25131899456e-19
230339.897259 2.20439339114e-19
231520.919951 2.15746778773e-19
232701.942644 2.11054218432e-19
233882.965336 2.06361658091e-19
235063.988028 2.01669097749e-19
236245.010721 1.96976537408e-19
237426.033413 1.92283977067e-19
238607.056106 1.87591416726e-19
239788.078798 1.84325567709e-19
240969.101491 1.81457018382e-19
242150.124183 1.78588469055e-19
243331.146876 1.75719919729e-19
244512.169568 1.72851370402e-19
245693.192261 1.69982821076e-19
246874.214953 1.67114271749e-19
248055.237646 1.64245722422e-19
249236.260338 1.61377173096e-19
250417.283031 1.58508623769e-19
251598.305723 1.55640074442e-19
252779.328415 1.52771525116e-19
253960.351108 1.49902975789e-19
255141.3738 1.47034426463e-19
256322.396493 1.44165877136e-19
257503.419185 1.41297327809e-19
258684.441878 1.38428778483e-19
259865.46457 1.35560229156e-19
261046.487263 1.32691679829e-19
262227.509955 1.29823130503e-19
263408.532648 1.26954581176e-19
264589.55534 1.2408603185e-19
265770.578033 1.21217482523e-19
266951.600725 1.18348933196e-19
268132.623417 1.15601171015e-19
269313.64611 1.13897433814e-19
270494.668802 1.12193696614e-19
271675.691495 1.10489959413e-19
272856.714187 1.08786222213e-19
274037.73688 1.07082485012e-19
275218.759572 1.05378747812e-19
276399.782265 1.03675010611e-19
277580.804957 1.01971273411e-19
278761.82765 1.0026753621e-19
279942.850342 9.85637990096e-20
281123.873035 9.6860061809e-20
282304.895727 9.51563246085e-20
283485.91842 9.3452587408e-20
284666.941112 9.17488502075e-20
285847.963804 9.0045113007e-20
287028.986497 8.83413758064e-20
288210.009189 8.66376386059e-20
289391.031882 8.49339014054e-20
290572.054574 8.32301642049e-20
291753.077267 8.15264270044e-20
292934.099959 7.98226898038e-20
294115.122652 7.81189526033e-20
295296.145344 7.64152154028e-20
296477.168037 7.47114782023e-20
297658.190729 7.30077410018e-20
298839.213422 7.13040038012e-20
300020.236114 6.96002666007e-20
301201.258806 6.81973322991e-20
302382.281499 6.72202089514e-20
303563.304191 6.62430856038e-20
304744.326884 6.52659622561e-20
305925.349576 6.42888389084e-20
307106.372269 6.33117155607e-20
308287.394961 6.2334592213e-20
309468.417654 6.13574688654e-20
310649.440346 6.03803455177e-20
311830.463039 5.940322217e-20
313011.485731 5.84260988223e-20
314192.508424 5.74489754746e-20
315373.531116 5.6471852127e-20
316554.553809 5.54947287793e-20
317735.576501 5.45176054316e-20
318916.599193 5.35404820839e-20
320097.621886 5.25633587362e-20
321278.644578 5.15862353886e-20
322459.667271 5.06091120409e-20
323640.689963 4.96319886932e-20
324821.712656 4.86548653455e-20
326002.735348 4.76777419978e-20
327183.758041 4.67006186502e-20
328364.780733 4.57234953025e-20
329545.803426 4.47463719548e-20
330726.826118 4.37692486071e-20
331907.848811 4.27921252594e-20
333088.871503 4.18150019118e-20
334269.894195 4.08378785641e-20
335450.916888 3.98607552164e-20
336631.93958 3.88836318687e-20
337812.962273 3.80631928883e-20
338993.984965 3.75394323096e-20
340175.007658 3.70156717309e-20
341356.03035 3.64919111522e-20
342537.053043 3.59681505735e-20
343718.075735 3.54443899949e-20
344899.098428 3.49206294162e-20
346080.12112 3.43968688375e-20
347261.143813 3.38731082588e-20
348442.166505 3.33493476801e-20
349623.189198 3.28255871014e-20
350804.21189 3.23018265227e-20
351985.234582 3.1778065944e-20
353166.257275 3.12543053653e-20
354347.279967 3.07305447867e-20
355528.30266 3.0206784208e-20
356709.325352 2.96830236293e-20
357890.348045 2.91592630506e-20
359071.370737 2.86355024719e-20
360252.39343 2.81117418932e-20
361433.416122 2.75879813145e-20
362614.438815 2.70642207358e-20
363795.461507 2.65404601571e-20
364976.4842 2.60166995785e-20
366157.506892 2.54929389998e-20
367338.529585 2.49691784211e-20
368519.552277 2.44454178424e-20
369700.574969 2.39216572637e-20
370881.597662 2.3397896685e-20
372062.620354 2.28741361063e-20
373243.643047 2.23503755276e-20
374424.665739 2.1826614949e-20
375605.688432 2.13028543703e-20
376786.711124 2.07790937916e-20
377967.733817 2.02553332129e-20
379148.756509 1.985912615e-20
380329.779202 1.95976510133e-20
381510.801894 1.93361758765e-20
382691.824587 1.90747007398e-20
383872.847279 1.88132256031e-20
385053.869971 1.85517504664e-20
386234.892664 1.82902753297e-20
387415.915356 1.80288001929e-20
388596.938049 1.77673250562e-20
389777.960741 1.75058499195e-20
390958.983434 1.72443747828e-20
392140.006126 1.6982899646e-20
393321.028819 1.67214245093e-20
394502.051511 1.64599493726e-20
395683.074204 1.61984742359e-20
396864.096896 1.59369990992e-20
398045.119589 1.56755239624e-20
399226.142281 1.54140488257e-20
400407.164974 1.5152573689e-20
401588.187666 1.48910985523e-20
402769.210358 1.46296234155e-20
403950.233051 1.43681482788e-20
405131.255743 1.41066731421e-20
406312.278436 1.38451980054e-20
407493.301128 1.35837228687e-20
408674.323821 1.33222477319e-20
409855.346513 1.30607725952e-20
411036.369206 1.27992974585e-20
412217.391898 1.25378223218e-20
413398.414591 1.2276347185e-20
414579.437283 1.20148720483e-20
415760.459976 1.17533969116e-20
416941.482668 1.14919217749e-20
418122.50536 1.12304466382e-20
419303.528053 1.09689715014e-20
420484.550745 1.07074963647e-20
421665.573438 1.0446021228e-20
422846.59613 1.01845460913e-20
424027.618823 9.92307095454e-21
425208.641515 9.71463924933e-21
426389.664208 9.59516236874e-21
427570.6869 9.47568548816e-21
428751.709593 9.35620860758e-21
429932.732285 9.23673172699e-21
431113.754978 9.11725484641e-21
432294.77767 8.99777796583e-21
433475.800363 8.87830108525e-21
434656.823055 8.75882420466e-21
435837.845747 8.63934732408e-21
437018.86844 8.5198704435e-21
438199.891132 8.40039356291e-21
439380.913825 8.28091668233e-21
440561.936517 8.16143980175e-21
441742.95921 8.04196292117e-21
442923.981902 7.92248604058e-21
444105.004595 7.80300916e-21
445286.027287 7.68353227942e-21
446467.04998 7.56405539884e-21
447648.072672 7.44457851825e-21
448829.095365 7.32510163767e-21
450010.118057 7.20562475709e-21
451191.140749 7.0861478765e-21
452372.163442 6.96667099592e-21
453553.186134 6.84719411534e-21
454734.208827 6.72771723476e-21
455915.231519 6.60824035417e-21
457096.254212 6.48876347359e-21
458277.276904 6.36928659301e-21
459458.299597 6.24980971242e-21
460639.322289 6.13033283184e-21
461820.344982 6.01085595126e-21
463001.367674 5.89137907068e-21
464182.390367 5.77190219009e-21
465363.413059 5.65242530951e-21
466544.435752 5.53294842893e-21
467725.458444 5.41347154834e-21
468906.481136 5.29399466776e-21
470087.503829 5.17451778718e-21
471268.526521 5.0550409066e-21
472449.549214 4.93556402601e-21
473630.571906 4.81608714543e-21
474811.594599 4.69661026485e-21
475992.617291 4.57713338426e-21
477173.639984 4.49265186229e-21
478354.662676 4.44484200725e-21
479535.685369 4.39703215221e-21
480716.708061 4.34922229717e-21
481897.730754 4.30141244213e-21
483078.753446 4.25360258709e-21
484259.776138 4.20579273205e-21
485440.798831 4.15798287701e-21
486621.821523 4.11017302196e-21
487802.844216 4.06236316692e-21
488983.866908 4.01455331188e-21
490164.889601 3.96674345684e-21
491345.912293 3.9189336018e-21
492526.934986 3.87112374676e-21
493707.957678 3.82331389172e-21
494888.980371 3.77550403668e-21
496070.003063 3.72769418164e-21
497251.025756 3.67988432659e-21
498432.048448 3.63207447155e-21
499613.071141 3.58426461651e-21
500794.093833 3.53645476147e-21
501975.116525 3.48864490643e-21
503156.139218 3.44083505139e-21
504337.16191 3.39302519635e-21
505518.184603 3.34521534131e-21
506699.207295 3.29740548627e-21
507880.229988 3.24959563123e-21
509061.25268 3.20178577618e-21
510242.275373 3.15397592114e-21
511423.298065 3.1061660661e-21
512604.320758 3.05835621106e-21
513785.34345 3.01054635602e-21
514966.366143 2.96273650098e-21
516147.388835 2.91492664594e-21
517328.411527 2.8671167909e-21
518509.43422 2.81930693586e-21
519690.456912 2.77149708081e-21
520871.479605 2.72368722577e-21
522052.502297 2.67587737073e-21
523233.52499 2.62806751569e-21
524414.547682 2.58025766065e-21
525595.570375 2.53244780561e-21
526776.593067 2.48463795057e-21
527957.61576 2.43682809553e-21
529138.638452 2.38901824049e-21
530319.661145 2.34120838545e-21
531500.683837 2.2933985304e-21
532681.70653 2.24558867536e-21
533862.729222 2.19777882032e-21
535043.751914 2.15773334287e-21
536224.774607 2.14119991724e-21
537405.797299 2.1246664916e-21
538586.819992 2.10813306597e-21
539767.842684 2.09159964033e-21
540948.865377 2.07506621469e-21
542129.888069 2.05853278906e-21
543310.910762 2.04199936342e-21
544491.933454 2.02546593779e-21
545672.956147 2.00893251215e-21
546853.978839 1.99239908651e-21
548035.001532 1.97586566088e-21
549216.024224 1.95933223524e-21
550397.046916 1.9427988096e-21
551578.069609 1.92626538397e-21
552759.092301 1.90973195833e-21
553940.114994 1.8931985327e-21
555121.137686 1.87666510706e-21
556302.160379 1.86013168142e-21
557483.183071 1.84359825579e-21
558664.205764 1.82706483015e-21
559845.228456 1.81053140452e-21
561026.251149 1.79399797888e-21
562207.273841 1.77746455324e-21
563388.296534 1.76093112761e-21
564569.319226 1.74439770197e-21
565750.341919 1.72786427633e-21
566931.364611 1.7113308507e-21
568112.387303 1.69479742506e-21
569293.409996 1.67826399943e-21
570474.432688 1.66173057379e-21
571655.455381 1.64519714815e-21
572836.478073 1.62866372252e-21
574017.500766 1.61213029688e-21
575198.523458 1.59559687125e-21
576379.546151 1.57906344561e-21
577560.568843 1.56253001997e-21
578741.591536 1.54599659434e-21
579922.614228 1.5294631687e-21
581103.636921 1.51292974306e-21
582284.659613 1.49639631743e-21
583465.682305 1.47986289179e-21
584646.704998 1.46332946616e-21
585827.72769 1.44679604052e-21
587008.750383 1.43026261488e-21
588189.773075 1.41372918925e-21
589370.795768 1.39719576361e-21
590551.81846 1.38066233798e-21
591732.841153 1.36412891234e-21
592913.863845 1.3475954867e-21
594094.886538 1.33106206107e-21
595275.90923 1.31452863543e-21
596456.931923 1.29799520979e-21
597637.954615 1.28146178416e-21
598818.977308 1.26492835852e-21
600000.0 1.24839493289e-21
1203868.05156 1e-300
2415497.1426 1e-300
4846566.39767 1e-300
9724377.40984 1e-300
19511445.475 1e-300
39148676.4117 1e-300
78549734.6546 1e-300
157605860.015 1e-300
316227766.017 1e-300
