0.0673211072581 4.06617233061e-21
0.0755355247076 4.19618725757e-21
0.0847522526774 3.39986893627e-21
0.0950935915477 3.63616365478e-21
0.106696764602 3.24073426853e-21
0.119715738898 3.2493458892e-21
0.134323268314 3.11049979963e-21
0.150713185891 2.86783020464e-21
0.169102975876 2.98194908701e-21
0.18973665961 3.18919790552e-21
0.21288803354 3.65448294667e-21
0.238864302332 4.88559203192e-21
0.268010155291 6.18201451118e-21
0.300712340176 8.76765130934e-21
0.337404795114 1.37495362864e-20
0.378574406688 2.28721321602e-20
0.42476747063 3.83614297105e-20
0.476596940835 6.71096778808e-20
0.53475056288 1.25280977327e-19
0.6 2.16302011068e-19
0.673211072581 2.84610662235e-19
0.755355247076 2.78359803805e-19
0.847522526774 3.16714790758e-19
0.950935915477 3.56737955898e-19
1.06696764602 3.65622340787e-19
1.19715738898 3.61387435951e-19
1.34323268314 3.51947689398e-19
1.50713185891 3.41472542467e-19
1.69102975876 3.28295554771e-19
1.8973665961 3.15525572781e-19
2.1288803354 2.98638932353e-19
2.38864302332 2.8179009153e-19
2.68010155291 2.65573967736e-19
3.00712340176 2.48071830325e-19
3.37404795114 2.31316732828e-19
3.78574406688 2.15428084059e-19
4.2476747063 1.99944113175e-19
4.76596940835 1.85924037314e-19
5.3475056288 1.72222277714e-19
6.0 1.59760454068e-19
6.73211072581 1.48231242267e-19
7.55355247076 1.37219138038e-19
8.47522526774 1.26235433669e-19
9.50935915477 1.16325420521e-19
10.6696764602 1.0721429205e-19
11.9715738898 9.86886519623e-20
13.4323268314 9.05777541653e-20
15.0713185891 8.31288381986e-20
16.9102975876 7.61010446715e-20
18.973665961 6.97120695505e-20
21.288803354 6.36462042968e-20
23.8864302332 5.82603834009e-20
26.8010155291 5.33040169478e-20
30.0712340176 4.88037176489e-20
33.7404795114 4.46535406091e-20
37.8574406688 4.07013587755e-20
42.476747063 3.70932300139e-20
47.6596940835 3.39366385943e-20
53.475056288 3.09751154459e-20
60.0 2.82066658927e-20
67.3211072581 2.56646097054e-20
75.5355247076 2.33630354997e-20
84.7522526774 2.12411911597e-20
95.0935915477 1.93315125638e-20
106.696764602 1.75816585597e-20
119.715738898 1.59690908917e-20
134.323268314 1.44993266695e-20
150.713185891 1.31652525261e-20
169.102975876 1.19451768513e-20
189.73665961 1.08183667618e-20
212.88803354 9.81438465573e-21
238.864302332 8.90329784474e-21
268.010155291 8.10139562528e-21
300.712340176 7.34618985198e-21
337.404795114 6.66600577392e-21
378.574406688 6.04992632553e-21
424.76747063 5.48239438788e-21
476.596940835 4.9599795575e-21
534.75056288 4.4873490707e-21
600.0 4.05832806313e-21
673.211072581 3.67239564175e-21
755.355247076 3.31266095691e-21
847.522526774 2.98928376418e-21
950.935915477 2.6943063641e-21
1066.96764602 2.43063171975e-21
1197.15738898 2.19066086004e-21
1343.23268314 1.97031928342e-21
1507.13185891 1.77770102782e-21
1691.02975876 1.6034281035e-21
1897.3665961 1.4432335455e-21
2128.8803354 1.3002514973e-21
2388.64302332 1.17053959809e-21
2680.10155291 1.05184557859e-21
3007.12340176 9.43514266476e-22
3374.04795114 8.48184127261e-22
3785.74406688 7.61272850051e-22
4247.6747063 6.83501636438e-22
4765.96940835 6.13149688029e-22
5347.5056288 5.4912403602e-22
6000.0 4.92622547521e-22
6732.11072581 4.42018613425e-22
7553.55247077 3.96652229953e-22
8475.22526774 3.55763985426e-22
9509.35915477 3.19111237412e-22
10669.6764602 2.86123078262e-22
11971.5738898 2.5682589216e-22
13432.3268314 2.30674665141e-22
15071.3185891 2.07096534455e-22
16910.2975876 1.85644222361e-22
18973.665961 1.66514856643e-22
21288.803354 1.49583401056e-22
23886.4302332 1.34198768884e-22
26801.0155291 1.20114391686e-22
30071.2340176 1.07553688914e-22
33740.4795114 9.64709312267e-23
37857.4406688 8.65263034956e-23
42476.747063 7.75636904047e-23
47659.6940835 6.94999311376e-23
53475.056288 6.23365812605e-23
60000.0 5.58706557808e-23
67321.1072581 5.01033754577e-23
75535.5247077 4.49768331203e-23
84752.2526774 4.03450547126e-23
95093.5915477 3.61864946651e-23
106696.764602 3.23885734326e-23
119715.738898 2.89748986786e-23
134323.268314 2.59499345008e-23
150713.185891 2.32285643085e-23
169102.975876 2.0809574303e-23
189736.65961 1.86262825673e-23
212888.03354 1.66748642808e-23
238864.302332 1.49406229612e-23
268010.155291 1.33801909381e-23
300712.340176 1.19841336626e-23
337404.795114 1.07197277547e-23
378574.406688 9.58848492852e-24
424767.47063 8.58261521885e-24
476596.940835 7.68154906183e-24
534750.56288 6.87229474682e-24
600000.0 6.14261212871e-24
673211.072581 5.48815559643e-24
755355.247077 4.90965353283e-24
847522.526774 4.3877008557e-24
950935.915477 3.92701129511e-24
1066967.64602 3.50709561928e-24
1197157.38898 3.13600389074e-24
1343232.68314 2.79962143345e-24
1507131.85891 2.49903679976e-24
1691029.75876 2.22576087796e-24
1897366.5961 1.98469860323e-24
2128880.3354 1.7701570962e-24
2388643.02332 1.57958428306e-24
2680101.55291 1.40653731725e-24
3007123.40176 1.25146963435e-24
3374047.95114 1.11397291178e-24
3785744.06688 9.88045663889e-25
4247674.7063 8.77096271592e-25
4765969.40835 7.77139138735e-25
5347505.6288 6.89217805032e-25
6000000.0 6.1016232818e-25
6732110.72581 5.39420561469e-25
7553552.47077 4.75611122636e-25
8475225.26774 4.19078044691e-25
9509359.15477 3.68466098752e-25
10669676.4602 3.22936469247e-25
11971573.8898 2.82986736952e-25
13432326.8314 2.47061636154e-25
15071318.5891 2.14939094121e-25
16910297.5876 1.86752655436e-25
18973665.961 1.6173257845e-25
21288803.354 1.39396191464e-25
23886430.2332 1.19497962144e-25
26801015.5291 1.02255358113e-25
30071234.0176 8.73670102111e-26
33740479.5114 7.41514199941e-26
37857440.6688 6.29779021365e-26
42476747.063 5.35109722218e-26
47659694.0835 4.54819215566e-26
53475056.288 3.85539410205e-26
60000000.0 3.31178837351e-26
72169993.637 1e-300
86808466.3595 1e-300
104416107.747 1e-300
125595163.862 1e-300
151070036.279 1e-300
181712059.283 1e-300
218569302.704 1e-300
262902419.757 1e-300
316227766.017 1e-300
