10023.7446725 2.86525838665e-21
50083.8173285 6.20925637019e-22
90143.8899845 3.53104111248e-22
130203.96264 2.48472964123e-22
170264.035296 1.91701457973e-22
210324.107952 1.56417101111e-22
250384.180608 1.31857525853e-22
290444.253264 1.1424624814e-22
330504.32592 1.00719966559e-22
370564.398576 9.0046958515e-23
410624.471232 8.13997467866e-23
450684.543888 7.41100289386e-23
490744.616544 6.83152607413e-23
530804.6892 6.33022339969e-23
570864.761856 5.87782194847e-23
610924.834512 5.50275938412e-23
650984.907168 5.16335345355e-23
691044.979824 4.86537969168e-23
731105.05248 4.59928388278e-23
771165.125136 4.36076709177e-23
811225.197792 4.14026649298e-23
851285.270448 3.94983023361e-23
891345.343104 3.75939397423e-23
931405.41576 3.60632981119e-23
971465.488416 3.45525208236e-23
1011525.56107 3.31090336813e-23
1051585.63373 3.18928275331e-23
1091645.70638 3.06766213849e-23
1131705.77904 2.95017665634e-23
1171765.8517 2.8521429247e-23
1211825.92435 2.75410919306e-23
1251885.99701 2.65607546142e-23
1291946.06966 2.57376231943e-23
1332006.14232 2.49669891779e-23
1372066.21498 2.41963551615e-23
1412126.28763 2.34257211451e-23
1452186.36029 2.27920963743e-23
1492246.43294 2.2172685167e-23
1532306.5056 2.15532739597e-23
1572366.57826 2.09338627524e-23
1612426.65091 2.03923787525e-23
1652486.72357 1.9904298877e-23
1692546.79622 1.94162190016e-23
1732606.86888 1.89281391261e-23
1772666.94154 1.84400592506e-23
1812727.01419 1.80303846444e-23
1852787.08685 1.76462222694e-23
1892847.1595 1.72620598944e-23
1932907.23216 1.68778975194e-23
1972967.30481 1.64937351444e-23
2013027.37747 1.613463408e-23
2053087.45013 1.58275369416e-23
2093147.52278 1.55204398032e-23
2133207.59544 1.52133426647e-23
2173267.66809 1.49062455263e-23
2213327.74075 1.45991483879e-23
2253387.81341 1.43070342126e-23
2293447.88606 1.40641253645e-23
2333507.95872 1.38212165164e-23
2373568.03137 1.35783076683e-23
2413628.10403 1.33353988202e-23
2453688.17669 1.30924899721e-23
2493748.24934 1.2849581124e-23
2533808.322 1.2624069457e-23
2573868.39465 1.24248348941e-23
2613928.46731 1.22256003313e-23
2653988.53997 1.20263657684e-23
2694048.61262 1.18271312056e-23
2734108.68528 1.16278966427e-23
2774168.75793 1.14286620799e-23
2814228.83059 1.1229427517e-23
2854288.90325 1.10607041241e-23
2894348.9759 1.09033086613e-23
2934409.04856 1.07459131984e-23
2974469.12121 1.05885177355e-23
3014529.19387 1.04311222726e-23
3054589.26653 1.02737268098e-23
3094649.33918 1.01163313469e-23
3134709.41184 9.95893588403e-24
3174769.48449 9.80568541953e-24
3214829.55715 9.6816123765e-24
3254889.62981 9.55753933347e-24
3294949.70246 9.43346629044e-24
3335009.77512 9.30939324741e-24
3375069.84777 9.18532020438e-24
3415129.92043 9.06124716135e-24
3455189.99309 8.93717411831e-24
3495250.06574 8.81310107528e-24
3535310.1384 8.68902803225e-24
3575370.21105 8.57683593676e-24
3615430.28371 8.47806413925e-24
3655490.35637 8.37929234175e-24
3695550.42902 8.28052054424e-24
3735610.50168 8.18174874673e-24
3775670.57433 8.08297694922e-24
3815730.64699 7.98420515172e-24
3855790.71965 7.88543335421e-24
3895850.7923 7.7866615567e-24
3935910.86496 7.68788975919e-24
3975970.93761 7.58911796169e-24
4016031.01027 7.50246207893e-24
4056091.08293 7.42271941918e-24
4096151.15558 7.34297675943e-24
4136211.22824 7.26323409968e-24
4176271.30089 7.18349143993e-24
4216331.37355 7.10374878018e-24
4256391.44621 7.02400612043e-24
4296451.51886 6.94426346068e-24
4336511.59152 6.86452080093e-24
4376571.66417 6.78477814119e-24
4416631.73683 6.70503548144e-24
4456691.80948 6.62529282169e-24
4496751.88214 6.55345188382e-24
4536811.9548 6.49010228609e-24
4576872.02745 6.42675268837e-24
4616932.10011 6.36340309064e-24
4656992.17276 6.30005349292e-24
4697052.24542 6.23670389519e-24
4737112.31808 6.17335429746e-24
4777172.39073 6.11000469974e-24
4817232.46339 6.04665510201e-24
4857292.53604 5.98330550429e-24
4897352.6087 5.91995590656e-24
4937412.68136 5.85660630884e-24
4977472.75401 5.79325671111e-24
5017532.82667 5.72990711339e-24
5057592.89932 5.67785471874e-24
5097652.97198 5.62788673811e-24
5137713.04464 5.57791875747e-24
5177773.11729 5.52795077684e-24
5217833.18995 5.47798279621e-24
5257893.2626 5.42801481558e-24
5297953.33526 5.37804683495e-24
5338013.40792 5.32807885432e-24
5378073.48057 5.27811087369e-24
5418133.55323 5.22814289305e-24
5458193.62588 5.17817491242e-24
5498253.69854 5.12820693179e-24
5538313.7712 5.07823895116e-24
5578373.84385 5.02827097053e-24
5618433.91651 4.9783029899e-24
5658493.98916 4.93449020642e-24
5698554.06182 4.89587054171e-24
5738614.13448 4.857250877e-24
5778674.20713 4.81863121229e-24
5818734.27979 4.78001154758e-24
5858794.35244 4.74139188286e-24
5898854.4251 4.70277221815e-24
5938914.49776 4.66415255344e-24
5978974.57041 4.62553288873e-24
6019034.64307 4.58691322402e-24
6059094.71572 4.54829355931e-24
6099154.78838 4.50967389459e-24
6139214.86104 4.47105422988e-24
6179274.93369 4.43243456517e-24
6219335.00635 4.39381490046e-24
6259395.079 4.35519523575e-24
6299455.15166 4.31657557103e-24
6339515.22432 4.28097698877e-24
6379575.29697 4.25044726784e-24
6419635.36963 4.21991754692e-24
6459695.44228 4.189387826e-24
6499755.51494 4.15885810507e-24
6539815.5876 4.12832838415e-24
6579875.66025 4.09779866323e-24
6619935.73291 4.0672689423e-24
6659995.80556 4.03673922138e-24
6700055.87822 4.00620950046e-24
6740115.95087 3.97567977953e-24
6780176.02353 3.94515005861e-24
6820236.09619 3.91462033769e-24
6860296.16884 3.88409061676e-24
6900356.2415 3.85356089584e-24
6940416.31415 3.82303117492e-24
6980476.38681 3.79250145399e-24
7020536.45947 3.76197173307e-24
7060596.53212 3.73144201215e-24
7100656.60478 3.70160715475e-24
7140716.67743 3.67741997749e-24
7180776.75009 3.65323280023e-24
7220836.82275 3.62904562297e-24
7260896.8954 3.60485844571e-24
7300956.96806 3.58067126845e-24
7341017.04071 3.55648409119e-24
7381077.11337 3.53229691393e-24
7421137.18603 3.50810973667e-24
7461197.25868 3.48392255942e-24
7501257.33134 3.45973538216e-24
7541317.40399 3.4355482049e-24
7581377.47665 3.41136102764e-24
7621437.54931 3.38717385038e-24
7661497.62196 3.36298667312e-24
7701557.69462 3.33879949586e-24
7741617.76727 3.3146123186e-24
7781677.83993 3.29042514134e-24
7821737.91259 3.26623796409e-24
7861797.98524 3.24205078683e-24
7901858.0579 3.21786360957e-24
7941918.13055 3.19367643231e-24
7981978.20321 3.17224769259e-24
8022038.27587 3.15363169588e-24
8062098.34852 3.13501569917e-24
8102158.42118 3.11639970246e-24
8142218.49383 3.09778370575e-24
8182278.56649 3.07916770904e-24
8222338.63915 3.06055171232e-24
8262398.7118 3.04193571561e-24
8302458.78446 3.0233197189e-24
8342518.85711 3.00470372219e-24
8382578.92977 2.98608772548e-24
8422639.00243 2.96747172877e-24
8462699.07508 2.94885573206e-24
8502759.14774 2.93023973535e-24
8542819.22039 2.91162373864e-24
8582879.29305 2.89300774193e-24
8622939.36571 2.87439174522e-24
8662999.43836 2.85577574851e-24
8703059.51102 2.8371597518e-24
8743119.58367 2.81854375509e-24
8783179.65633 2.79992775838e-24
8823239.72899 2.78131176167e-24
8863299.80164 2.76269576496e-24
8903359.8743 2.74407976825e-24
8943419.94695 2.72640966621e-24
8983480.01961 2.7116808469e-24
9023540.09227 2.6969520276e-24
9063600.16492 2.68222320829e-24
9103660.23758 2.66749438899e-24
9143720.31023 2.65276556968e-24
9183780.38289 2.63803675037e-24
9223840.45554 2.62330793107e-24
9263900.5282 2.60857911176e-24
9303960.60086 2.59385029246e-24
9344020.67351 2.57912147315e-24
9384080.74617 2.56439265384e-24
9424140.81882 2.54966383454e-24
9464200.89148 2.53493501523e-24
9504260.96414 2.52020619593e-24
9544321.03679 2.50547737662e-24
9584381.10945 2.49074855731e-24
9624441.1821 2.47601973801e-24
9664501.25476 2.4612909187e-24
9704561.32742 2.44656209939e-24
9744621.40007 2.43183328009e-24
9784681.47273 2.41710446078e-24
9824741.54538 2.40237564148e-24
9864801.61804 2.38764682217e-24
9904861.6907 2.37291800286e-24
9944921.76335 2.35818918356e-24
9984981.83601 2.34346036425e-24
10025041.9087 2.32883900801e-24
10065101.9813 2.31742876573e-24
10105162.054 2.30601852345e-24
10145222.1266 2.29460828117e-24
10185282.1993 2.28319803888e-24
10225342.2719 2.2717877966e-24
10265402.3446 2.26037755432e-24
10305462.4173 2.24896731204e-24
10345522.4899 2.23755706976e-24
10385582.5626 2.22614682748e-24
10425642.6352 2.2147365852e-24
10465702.7079 2.20332634292e-24
10505762.7805 2.19191610064e-24
10545822.8532 2.18050585836e-24
10585882.9258 2.16909561608e-24
10625942.9985 2.1576853738e-24
10666003.0712 2.14627513152e-24
10706063.1438 2.13486488924e-24
10746123.2165 2.12345464696e-24
10786183.2891 2.11204440468e-24
10826243.3618 2.1006341624e-24
10866303.4344 2.08922392012e-24
10906363.5071 2.07781367784e-24
10946423.5798 2.06640343556e-24
10986483.6524 2.05499319328e-24
11026543.7251 2.043582951e-24
11066603.7977 2.03217270872e-24
11106663.8704 2.02076246644e-24
11146723.943 2.00935222416e-24
11186784.0157 1.99794198188e-24
11226844.0883 1.9865317396e-24
11266904.161 1.97644998105e-24
11306964.2337 1.96769040434e-24
11347024.3063 1.95893082763e-24
11387084.379 1.95017125092e-24
11427144.4516 1.94141167421e-24
11467204.5243 1.93265209751e-24
11507264.5969 1.9238925208e-24
11547324.6696 1.91513294409e-24
11587384.7422 1.90637336738e-24
11627444.8149 1.89761379067e-24
11667504.8876 1.88885421397e-24
11707564.9602 1.88009463726e-24
11747625.0329 1.87133506055e-24
11787685.1055 1.86257548384e-24
11827745.1782 1.85381590713e-24
11867805.2508 1.84505633043e-24
11907865.3235 1.83629675372e-24
11947925.3962 1.82753717701e-24
11987985.4688 1.8187776003e-24
12028045.5415 1.81001802359e-24
12068105.6141 1.80125844688e-24
12108165.6868 1.79249887018e-24
12148225.7594 1.78373929347e-24
12188285.8321 1.77497971676e-24
12228345.9047 1.76622014005e-24
12268405.9774 1.75746056334e-24
12308466.0501 1.74870098664e-24
12348526.1227 1.73994140993e-24
12388586.1954 1.73118183322e-24
12428646.268 1.72242225651e-24
12468706.3407 1.7136626798e-24
12508766.4133 1.70490310309e-24
12548826.486 1.69614352639e-24
12588886.5586 1.68738394968e-24
12628946.6313 1.6791486893e-24
12669006.704 1.67253244971e-24
12709066.7766 1.66591621013e-24
12749126.8493 1.65929997054e-24
12789186.9219 1.65268373095e-24
12829246.9946 1.64606749137e-24
12869307.0672 1.63945125178e-24
12909367.1399 1.63283501219e-24
12949427.2125 1.62621877261e-24
12989487.2852 1.61960253302e-24
13029547.3579 1.61298629344e-24
13069607.4305 1.60637005385e-24
13109667.5032 1.59975381426e-24
13149727.5758 1.59313757468e-24
13189787.6485 1.58652133509e-24
13229847.7211 1.5799050955e-24
13269907.7938 1.57328885592e-24
13309967.8665 1.56667261633e-24
13350027.9391 1.56005637675e-24
13390088.0118 1.55344013716e-24
13430148.0844 1.54682389757e-24
13470208.1571 1.54020765799e-24
13510268.2297 1.5335914184e-24
13550328.3024 1.52697517882e-24
13590388.375 1.52035893923e-24
13630448.4477 1.51374269964e-24
13670508.5204 1.50712646006e-24
13710568.593 1.50051022047e-24
13750628.6657 1.49389398088e-24
13790688.7383 1.4872777413e-24
13830748.811 1.48066150171e-24
13870808.8836 1.47404526213e-24
13910868.9563 1.46742902254e-24
13950929.0289 1.46081278295e-24
13990989.1016 1.45419654337e-24
14031049.1743 1.44758030378e-24
14071109.2469 1.4409640642e-24
14111169.3196 1.43434782461e-24
14151229.3922 1.42773158502e-24
14191289.4649 1.42242776879e-24
14231349.5375 1.41743555271e-24
14271409.6102 1.41244333662e-24
14311469.6829 1.40745112054e-24
14351529.7555 1.40245890445e-24
14391589.8282 1.39746668836e-24
14431649.9008 1.39247447228e-24
14471709.9735 1.38748225619e-24
14511770.0461 1.38249004011e-24
14551830.1188 1.37749782402e-24
14591890.1914 1.37250560794e-24
14631950.2641 1.36751339185e-24
14672010.3368 1.36252117576e-24
14712070.4094 1.35752895968e-24
14752130.4821 1.35253674359e-24
14792190.5547 1.34754452751e-24
14832250.6274 1.34255231142e-24
14872310.7 1.33756009534e-24
14912370.7727 1.33256787925e-24
14952430.8453 1.32757566317e-24
14992490.918 1.32258344708e-24
15032550.9907 1.31759123099e-24
15072611.0633 1.31259901491e-24
15112671.136 1.30760679882e-24
15152731.2086 1.30261458274e-24
15192791.2813 1.29762236665e-24
15232851.3539 1.29263015057e-24
15272911.4266 1.28763793448e-24
15312971.4993 1.28264571839e-24
15353031.5719 1.27765350231e-24
15393091.6446 1.27266128622e-24
15433151.7172 1.26766907014e-24
15473211.7899 1.26267685405e-24
15513271.8625 1.25768463797e-24
15553331.9352 1.25269242188e-24
15593392.0078 1.2477002058e-24
15633452.0805 1.24270798971e-24
15673512.1532 1.23771577362e-24
15713572.2258 1.23272355754e-24
15753632.2985 1.22773134145e-24
15793692.3711 1.22273912537e-24
15833752.4438 1.21774690928e-24
15873812.5164 1.2127546932e-24
15913872.5891 1.20863491385e-24
15953932.6617 1.20492254302e-24
15993992.7344 1.20121017219e-24
16034052.8071 1.19749780136e-24
16074112.8797 1.19378543053e-24
16114172.9524 1.19007305969e-24
16154233.025 1.18636068886e-24
16194293.0977 1.18264831803e-24
16234353.1703 1.1789359472e-24
16274413.243 1.17522357637e-24
16314473.3157 1.17151120553e-24
16354533.3883 1.1677988347e-24
16394593.461 1.16408646387e-24
16434653.5336 1.16037409304e-24
16474713.6063 1.15666172221e-24
16514773.6789 1.15294935137e-24
16554833.7516 1.14923698054e-24
16594893.8242 1.14552460971e-24
16634953.8969 1.14181223888e-24
16675013.9696 1.13809986805e-24
16715074.0422 1.13438749722e-24
16755134.1149 1.13067512638e-24
16795194.1875 1.12696275555e-24
16835254.2602 1.12325038472e-24
16875314.3328 1.11953801389e-24
16915374.4055 1.11582564306e-24
16955434.4781 1.11211327222e-24
16995494.5508 1.10840090139e-24
17035554.6235 1.10468853056e-24
17075614.6961 1.10097615973e-24
17115674.7688 1.0972637889e-24
17155734.8414 1.09355141806e-24
17195794.9141 1.08983904723e-24
17235854.9867 1.0861266764e-24
17275915.0594 1.08241430557e-24
17315975.1321 1.07870193474e-24
17356035.2047 1.07498956391e-24
17396095.2774 1.07127719307e-24
17436155.35 1.06756482224e-24
17476215.4227 1.06385245141e-24
17516275.4953 1.06014008058e-24
17556335.568 1.05642770975e-24
17596395.6406 1.05271533891e-24
17636455.7133 1.04900296808e-24
17676515.786 1.04529059725e-24
17716575.8586 1.04157822642e-24
17756635.9313 1.03786585559e-24
17796696.0039 1.03415348475e-24
17836756.0766 1.03075658913e-24
17876816.1492 1.02812095185e-24
17916876.2219 1.02548531457e-24
17956936.2945 1.02284967729e-24
17996996.3672 1.02021404001e-24
18037056.4399 1.01757840273e-24
18077116.5125 1.01494276545e-24
18117176.5852 1.01230712817e-24
18157236.6578 1.0096714909e-24
18197296.7305 1.00703585362e-24
18237356.8031 1.00440021634e-24
18277416.8758 1.00176457906e-24
18317476.9484 9.99128941779e-25
18357537.0211 9.964933045e-25
18397597.0938 9.9385766722e-25
18437657.1664 9.91222029941e-25
18477717.2391 9.88586392662e-25
18517777.3117 9.85950755383e-25
18557837.3844 9.83315118103e-25
18597897.457 9.80679480824e-25
18637957.5297 9.78043843545e-25
18678017.6024 9.75408206266e-25
18718077.675 9.72772568987e-25
18758137.7477 9.70136931707e-25
18798197.8203 9.67501294428e-25
18838257.893 9.64865657149e-25
18878317.9656 9.6223001987e-25
18918378.0383 9.59594382591e-25
18958438.1109 9.56958745311e-25
18998498.1836 9.54323108032e-25
19038558.2563 9.51687470753e-25
19078618.3289 9.49051833474e-25
19118678.4016 9.46416196195e-25
19158738.4742 9.43780558915e-25
19198798.5469 9.41144921636e-25
19238858.6195 9.38509284357e-25
19278918.6922 9.35873647078e-25
19318978.7648 9.33238009798e-25
19359038.8375 9.30602372519e-25
19399098.9102 9.2796673524e-25
19439158.9828 9.25331097961e-25
19479219.0555 9.22695460682e-25
19519279.1281 9.20059823402e-25
19559339.2008 9.17424186123e-25
19599399.2734 9.14788548844e-25
19639459.3461 9.12152911565e-25
19679519.4188 9.09517274286e-25
19719579.4914 9.06881637006e-25
19759639.5641 9.04245999727e-25
19799699.6367 9.01610362448e-25
19839759.7094 8.98974725169e-25
19879819.782 8.9633908789e-25
19919879.8547 8.9370345061e-25
19959939.9273 8.91067813331e-25
20000000.0 8.88432176052e-25
27179964.4921 1e-300
36937523.4896 1e-300
50198028.8437 1e-300
68219032.0772 1e-300
92709543.4772 1e-300
125992104.989 1e-300
171223046.995 1e-300
232691816.878 1e-300
316227766.017 1e-300
