10669.6764602 3.61202789429e-20
22672.3424393 2.29310631307e-20
34675.0084183 1.8811717363e-20
46677.6743973 1.67451155134e-20
58680.3403764 1.5360497618e-20
70683.0063554 1.43739837271e-20
82685.6723345 1.35814822681e-20
94688.3383135 1.29203555865e-20
106691.004293 1.23428555684e-20
118693.670272 1.1829221091e-20
130696.336251 1.13801767309e-20
142699.00223 1.09730210444e-20
154701.668209 1.05953541874e-20
166704.334188 1.02457215658e-20
178707.000167 9.92551950475e-21
190709.666146 9.61516259174e-21
202712.332125 9.33308532385e-21
214714.998104 9.05597381772e-21
226717.664083 8.80652026954e-21
238720.330062 8.55706672135e-21
250722.996041 8.33946259611e-21
262725.66202 8.12224514361e-21
274728.327999 7.91874081161e-21
286730.993978 7.72602317656e-21
298733.659957 7.5333055415e-21
310736.325936 7.36034276383e-21
322738.991915 7.19127948748e-21
334741.657894 7.02221621112e-21
346744.323873 6.86752460836e-21
358746.989852 6.71693104307e-21
370749.655831 6.56633747779e-21
382752.32181 6.42205892554e-21
394754.987789 6.28960766086e-21
406757.653768 6.15715639618e-21
418760.319748 6.0247051315e-21
430762.985727 5.90065846515e-21
442765.651706 5.78503270836e-21
454768.317685 5.66940695156e-21
466770.983664 5.55378119477e-21
478773.649643 5.44104933542e-21
490776.315622 5.34138091952e-21
502778.981601 5.24171250361e-21
514781.64758 5.1420440877e-21
526784.313559 5.04237567179e-21
538786.979538 4.94706204698e-21
550789.645517 4.8603430135e-21
562792.311496 4.77362398002e-21
574794.977475 4.68690494654e-21
586797.643454 4.60018591306e-21
598800.309433 4.51346687957e-21
610802.975412 4.43722218741e-21
622805.641391 4.36214069039e-21
634808.30737 4.28705919336e-21
646810.973349 4.21197769634e-21
658813.639328 4.13689619931e-21
670816.305307 4.06181470229e-21
682818.971286 3.99543665904e-21
694821.637265 3.93122795031e-21
706824.303244 3.86701924159e-21
718826.969223 3.80281053286e-21
730829.635202 3.73860182413e-21
742832.301182 3.6743931154e-21
754834.967161 3.61018440667e-21
766837.63314 3.55467958299e-21
778840.299119 3.49956914219e-21
790842.965098 3.44445870139e-21
802845.631077 3.38934826059e-21
814848.297056 3.33423781979e-21
826850.963035 3.27912737899e-21
838853.629014 3.22401693819e-21
850856.294993 3.17129845863e-21
862858.960972 3.1247998678e-21
874861.626951 3.07830127698e-21
886864.29293 3.03180268615e-21
898866.958909 2.98530409533e-21
910869.624888 2.93880550451e-21
922872.290867 2.89230691368e-21
934874.956846 2.84580832286e-21
946877.622825 2.79930973203e-21
958880.288804 2.75777568904e-21
970882.954783 2.71877772878e-21
982885.620762 2.67977976851e-21
994888.286741 2.64078180825e-21
1006890.95272 2.60178384798e-21
1018893.6187 2.56278588772e-21
1030896.28468 2.52378792745e-21
1042898.95066 2.48478996719e-21
1054901.61664 2.44579200692e-21
1066904.28262 2.40679404666e-21
1078906.94859 2.37389994358e-21
1090909.61457 2.34103823446e-21
1102912.28055 2.30817652533e-21
1114914.94653 2.27531481621e-21
1126917.61251 2.24245310708e-21
1138920.27849 2.20959139796e-21
1150922.94447 2.17672968883e-21
1162925.61045 2.14386797971e-21
1174928.27643 2.11100627058e-21
1186930.94241 2.07814456146e-21
1198933.60838 2.04616389697e-21
1210936.27436 2.01925577919e-21
1222938.94034 1.99234766141e-21
1234941.60632 1.96543954363e-21
1246944.2723 1.93853142585e-21
1258946.93828 1.91162330808e-21
1270949.60426 1.8847151903e-21
1282952.27024 1.85780707252e-21
1294954.93622 1.83089895474e-21
1306957.6022 1.80399083696e-21
1318960.26818 1.77708271918e-21
1330962.93415 1.7501746014e-21
1342965.60013 1.72326648362e-21
1354968.26611 1.70142003608e-21
1366970.93209 1.67968878402e-21
1378973.59807 1.65795753196e-21
1390976.26405 1.63622627991e-21
1402978.93003 1.61449502785e-21
1414981.59601 1.59276377579e-21
1426984.26199 1.57103252373e-21
1438986.92797 1.54930127167e-21
1450989.59394 1.52757001961e-21
1462992.25992 1.50583876755e-21
1474994.9259 1.48410751549e-21
1486997.59188 1.46237626343e-21
1499000.25786 1.44064501137e-21
1511002.92384 1.42026778322e-21
1523005.58982 1.40273483239e-21
1535008.2558 1.38520188156e-21
1547010.92178 1.36766893074e-21
1559013.58776 1.35013597991e-21
1571016.25374 1.33260302908e-21
1583018.91971 1.31507007825e-21
1595021.58569 1.29753712743e-21
1607024.25167 1.2800041766e-21
1619026.91765 1.26247122577e-21
1631029.58363 1.24493827495e-21
1643032.24961 1.22740532412e-21
1655034.91559 1.20987237329e-21
1667037.58157 1.19233942247e-21
1679040.24755 1.17480647164e-21
1691042.91353 1.15727765263e-21
1703045.5795 1.14351465009e-21
1715048.24548 1.12975164756e-21
1727050.91146 1.11598864502e-21
1739053.57744 1.10222564249e-21
1751056.24342 1.08846263995e-21
1763058.9094 1.07469963742e-21
1775061.57538 1.06093663488e-21
1787064.24136 1.04717363235e-21
1799066.90734 1.03341062982e-21
1811069.57332 1.01964762728e-21
1823072.23929 1.00588462475e-21
1835074.90527 9.92121622212e-22
1847077.57125 9.78358619678e-22
1859080.23723 9.64595617143e-22
1871082.90321 9.50832614609e-22
1883085.56919 9.37069612075e-22
1895088.23517 9.2330660954e-22
1907090.90115 9.12067501115e-22
1919093.56713 9.01419729728e-22
1931096.23311 8.9077195834e-22
1943098.89909 8.80124186953e-22
1955101.56506 8.69476415565e-22
1967104.23104 8.58828644177e-22
1979106.89702 8.4818087279e-22
1991109.563 8.37533101402e-22
2003112.22898 8.26885330015e-22
2015114.89496 8.16237558627e-22
2027117.56094 8.0558978724e-22
2039120.22692 7.94942015852e-22
2051122.8929 7.84294244465e-22
2063125.55888 7.73646473077e-22
2075128.22485 7.62998701689e-22
2087130.89083 7.52350930302e-22
2099133.55681 7.41703158914e-22
2111136.22279 7.31055387527e-22
2123138.88877 7.20407616139e-22
2135141.55475 7.11073895195e-22
2147144.22073 7.02945139303e-22
2159146.88671 6.94816383411e-22
2171149.55269 6.86687627519e-22
2183152.21867 6.78558871626e-22
2195154.88465 6.70430115734e-22
2207157.55062 6.62301359842e-22
2219160.2166 6.5417260395e-22
2231162.88258 6.46043848057e-22
2243165.54856 6.37915092165e-22
2255168.21454 6.29786336273e-22
2267170.88052 6.2165758038e-22
2279173.5465 6.13528824488e-22
2291176.21248 6.05400068596e-22
2303178.87846 5.97271312704e-22
2315181.54444 5.89142556811e-22
2327184.21041 5.81013800919e-22
2339186.87639 5.72885045027e-22
2351189.54237 5.64756289134e-22
2363192.20835 5.56627533242e-22
2375194.87433 5.4849877735e-22
2387197.54031 5.40370021458e-22
2399200.20629 5.34138584551e-22
2411202.87227 5.28166927396e-22
2423205.53825 5.2219527024e-22
2435208.20423 5.16223613085e-22
2447210.8702 5.10251955929e-22
2459213.53618 5.04280298773e-22
2471216.20216 4.98308641618e-22
2483218.86814 4.92336984462e-22
2495221.53412 4.86365327307e-22
2507224.2001 4.80393670151e-22
2519226.86608 4.74422012996e-22
2531229.53206 4.6845035584e-22
2543232.19804 4.62478698685e-22
2555234.86402 4.56507041529e-22
2567237.53 4.50535384374e-22
2579240.19597 4.44563727218e-22
2591242.86195 4.38592070063e-22
2603245.52793 4.32620412907e-22
2615248.19391 4.26648755751e-22
2627250.85989 4.20677098596e-22
2639253.52587 4.1470544144e-22
2651256.19185 4.08733784285e-22
2663258.85783 4.02762127129e-22
2675261.52381 3.96790469974e-22
2687264.18979 3.91826923451e-22
2699266.85576 3.87544590408e-22
2711269.52174 3.83262257365e-22
2723272.18772 3.78979924322e-22
2735274.8537 3.74697591279e-22
2747277.51968 3.70415258236e-22
2759280.18566 3.66132925193e-22
2771282.85164 3.61850592151e-22
2783285.51762 3.57568259108e-22
2795288.1836 3.53285926065e-22
2807290.84958 3.49003593022e-22
2819293.51556 3.44721259979e-22
2831296.18153 3.40438926936e-22
2843298.84751 3.36156593893e-22
2855301.51349 3.3187426085e-22
2867304.17947 3.27591927808e-22
2879306.84545 3.23309594765e-22
2891309.51143 3.19027261722e-22
2903312.17741 3.14744928679e-22
2915314.84339 3.10462595636e-22
2927317.50937 3.06180262593e-22
2939320.17535 3.0189792955e-22
2951322.84132 2.97615596508e-22
2963325.5073 2.93333263465e-22
2975328.17328 2.89050930422e-22
2987330.83926 2.84768597379e-22
2999333.50524 2.80486264336e-22
3011336.17122 2.76663263595e-22
3023338.8372 2.73689621249e-22
3035341.50318 2.70715978902e-22
3047344.16916 2.67742336556e-22
3059346.83514 2.64768694209e-22
3071349.50111 2.61795051863e-22
3083352.16709 2.58821409516e-22
3095354.83307 2.5584776717e-22
3107357.49905 2.52874124823e-22
3119360.16503 2.49900482477e-22
3131362.83101 2.4692684013e-22
3143365.49699 2.43953197784e-22
3155368.16297 2.40979555438e-22
3167370.82895 2.38005913091e-22
3179373.49493 2.35032270745e-22
3191376.16091 2.32058628398e-22
3203378.82688 2.29084986052e-22
3215381.49286 2.26111343705e-22
3227384.15884 2.23137701359e-22
3239386.82482 2.20164059012e-22
3251389.4908 2.17190416666e-22
3263392.15678 2.14216774319e-22
3275394.82276 2.11243131973e-22
3287397.48874 2.08269489627e-22
3299400.15472 2.0529584728e-22
3311402.8207 2.02322204934e-22
3323405.48667 1.99348562587e-22
3335408.15265 1.96374920241e-22
3347410.81863 1.93401277894e-22
3359413.48461 1.90427635548e-22
3371416.15059 1.87453993201e-22
3383418.81657 1.85291772001e-22
3395421.48255 1.83357437823e-22
3407424.14853 1.81423103645e-22
3419426.81451 1.79488769466e-22
3431429.48049 1.77554435288e-22
3443432.14646 1.7562010111e-22
3455434.81244 1.73685766932e-22
3467437.47842 1.71751432754e-22
3479440.1444 1.69817098576e-22
3491442.81038 1.67882764398e-22
3503445.47636 1.6594843022e-22
3515448.14234 1.64014096041e-22
3527450.80832 1.62079761863e-22
3539453.4743 1.60145427685e-22
3551456.14028 1.58211093507e-22
3563458.80626 1.56276759329e-22
3575461.47223 1.54342425151e-22
3587464.13821 1.52408090973e-22
3599466.80419 1.50473756795e-22
3611469.47017 1.48539422616e-22
3623472.13615 1.46605088438e-22
3635474.80213 1.4467075426e-22
3647477.46811 1.42736420082e-22
3659480.13409 1.40802085904e-22
3671482.80007 1.38867751726e-22
3683485.46605 1.36933417548e-22
3695488.13202 1.3499908337e-22
3707490.798 1.33064749192e-22
3719493.46398 1.31130415013e-22
3731496.12996 1.29196080835e-22
3743498.79594 1.27261746657e-22
3755501.46192 1.25327412479e-22
3767504.1279 1.23393078301e-22
3779506.79388 1.21458744123e-22
3791509.45986 1.19882008208e-22
3803512.12584 1.18692138895e-22
3815514.79182 1.17502269582e-22
3827517.45779 1.1631240027e-22
3839520.12377 1.15122530957e-22
3851522.78975 1.13932661645e-22
3863525.45573 1.12742792332e-22
3875528.12171 1.11552923019e-22
3887530.78769 1.10363053707e-22
3899533.45367 1.09173184394e-22
3911536.11965 1.07983315081e-22
3923538.78563 1.06793445769e-22
3935541.45161 1.05603576456e-22
3947544.11758 1.04413707143e-22
3959546.78356 1.03223837831e-22
3971549.44954 1.02033968518e-22
3983552.11552 1.00844099206e-22
3995554.7815 9.96542298929e-23
4007557.44748 9.84643605802e-23
4019560.11346 9.72744912676e-23
4031562.77944 9.60846219549e-23
4043565.44542 9.48947526423e-23
4055568.1114 9.37048833297e-23
4067570.77737 9.2515014017e-23
4079573.44335 9.13251447044e-23
4091576.10933 9.01352753918e-23
4103578.77531 8.89454060791e-23
4115581.44129 8.77555367665e-23
4127584.10727 8.65656674538e-23
4139586.77325 8.53757981412e-23
4151589.43923 8.41859288286e-23
4163592.10521 8.29960595159e-23
4175594.77119 8.18061902033e-23
4187597.43717 8.06163208907e-23
4199600.10314 7.9426451578e-23
4211602.76912 7.82365822654e-23
4223605.4351 7.70467129527e-23
4235608.10108 7.58568436401e-23
4247610.76706 7.46669743275e-23
4259613.43304 7.39895245762e-23
4271616.09902 7.33148191478e-23
4283618.765 7.26401137193e-23
4295621.43098 7.19654082908e-23
4307624.09696 7.12907028623e-23
4319626.76293 7.06159974339e-23
4331629.42891 6.99412920054e-23
4343632.09489 6.92665865769e-23
4355634.76087 6.85918811485e-23
4367637.42685 6.791717572e-23
4379640.09283 6.72424702915e-23
4391642.75881 6.6567764863e-23
4403645.42479 6.58930594346e-23
4415648.09077 6.52183540061e-23
4427650.75675 6.45436485776e-23
4439653.42273 6.38689431492e-23
4451656.0887 6.31942377207e-23
4463658.75468 6.25195322922e-23
4475661.42066 6.18448268637e-23
4487664.08664 6.11701214353e-23
4499666.75262 6.04954160068e-23
4511669.4186 5.98207105783e-23
4523672.08458 5.91460051499e-23
4535674.75056 5.84712997214e-23
4547677.41654 5.77965942929e-23
4559680.08252 5.71218888644e-23
4571682.74849 5.6447183436e-23
4583685.41447 5.57724780075e-23
4595688.08045 5.5097772579e-23
4607690.74643 5.44230671506e-23
4619693.41241 5.37483617221e-23
4631696.07839 5.30736562936e-23
4643698.74437 5.23989508651e-23
4655701.41035 5.17242454367e-23
4667704.07633 5.10495400082e-23
4679706.74231 5.03748345797e-23
4691709.40828 4.97001291513e-23
4703712.07426 4.90254237228e-23
4715714.74024 4.83507182943e-23
4727717.40622 4.76760128658e-23
4739720.0722 4.70013074374e-23
4751722.73818 4.63266020089e-23
4763725.40416 4.56518965804e-23
4775728.07014 4.52478776993e-23
4787730.73612 4.49061031872e-23
4799733.4021 4.45643286751e-23
4811736.06808 4.4222554163e-23
4823738.73405 4.38807796508e-23
4835741.40003 4.35390051387e-23
4847744.06601 4.31972306266e-23
4859746.73199 4.28554561145e-23
4871749.39797 4.25136816024e-23
4883752.06395 4.21719070903e-23
4895754.72993 4.18301325781e-23
4907757.39591 4.1488358066e-23
4919760.06189 4.11465835539e-23
4931762.72787 4.08048090418e-23
4943765.39384 4.04630345297e-23
4955768.05982 4.01212600175e-23
4967770.7258 3.97794855054e-23
4979773.39178 3.94377109933e-23
4991776.05776 3.90959364812e-23
5003778.72374 3.87541619691e-23
5015781.38972 3.8412387457e-23
5027784.0557 3.80706129448e-23
5039786.72168 3.77288384327e-23
5051789.38766 3.73870639206e-23
5063792.05364 3.70452894085e-23
5075794.71961 3.67035148964e-23
5087797.38559 3.63617403842e-23
5099800.05157 3.60199658721e-23
5111802.71755 3.567819136e-23
5123805.38353 3.53364168479e-23
5135808.04951 3.49946423358e-23
5147810.71549 3.46528678236e-23
5159813.38147 3.43110933115e-23
5171816.04745 3.39693187994e-23
5183818.71343 3.36275442873e-23
5195821.3794 3.32857697752e-23
5207824.04538 3.29439952631e-23
5219826.71136 3.26022207509e-23
5231829.37734 3.22604462388e-23
5243832.04332 3.19186717267e-23
5255834.7093 3.15768972146e-23
5267837.37528 3.12351227025e-23
5279840.04126 3.08933481903e-23
5291842.70724 3.05515736782e-23
5303845.37322 3.02097991661e-23
5315848.03919 2.9868024654e-23
5327850.70517 2.95262501419e-23
5339853.37115 2.91844756298e-23
5351856.03713 2.89136986681e-23
5363858.70311 2.87678045928e-23
5375861.36909 2.86219105175e-23
5387864.03507 2.84760164422e-23
5399866.70105 2.83301223668e-23
5411869.36703 2.81842282915e-23
5423872.03301 2.80383342162e-23
5435874.69899 2.78924401409e-23
5447877.36496 2.77465460656e-23
5459880.03094 2.76006519902e-23
5471882.69692 2.74547579149e-23
5483885.3629 2.73088638396e-23
5495888.02888 2.71629697643e-23
5507890.69486 2.7017075689e-23
5519893.36084 2.68711816136e-23
5531896.02682 2.67252875383e-23
5543898.6928 2.6579393463e-23
5555901.35878 2.64334993877e-23
5567904.02475 2.62876053124e-23
5579906.69073 2.6141711237e-23
5591909.35671 2.59958171617e-23
5603912.02269 2.58499230864e-23
5615914.68867 2.57040290111e-23
5627917.35465 2.55581349357e-23
5639920.02063 2.54122408604e-23
5651922.68661 2.52663467851e-23
5663925.35259 2.51204527098e-23
5675928.01857 2.49745586345e-23
5687930.68455 2.48286645591e-23
5699933.35052 2.46827704838e-23
5711936.0165 2.45368764085e-23
5723938.68248 2.43909823332e-23
5735941.34846 2.42450882579e-23
5747944.01444 2.40991941825e-23
5759946.68042 2.39533001072e-23
5771949.3464 2.38074060319e-23
5783952.01238 2.36615119566e-23
5795954.67836 2.35156178813e-23
5807957.34434 2.33697238059e-23
5819960.01031 2.32238297306e-23
5831962.67629 2.30779356553e-23
5843965.34227 2.293204158e-23
5855968.00825 2.27861475047e-23
5867970.67423 2.26402534293e-23
5879973.34021 2.2494359354e-23
5891976.00619 2.23484652787e-23
5903978.67217 2.22025712034e-23
5915981.33815 2.20566771281e-23
5927984.00413 2.19107830527e-23
5939986.6701 2.17648889774e-23
5951989.33608 2.16189949021e-23
5963992.00206 2.14731008268e-23
5975994.66804 2.13272067515e-23
5987997.33402 2.11813126761e-23
6000000.0 2.10354186008e-23
9321113.11061 1e-300
14480524.9368 1e-300
22495768.4728 1e-300
34947600.4075 1e-300
54291756.057 1e-300
84343266.5302 1e-300
131028854.574 1e-300
203555795.707 1e-300
316227766.017 1e-300
