4000.0 9.106674549008904e-19
4488.073817207853 8.484977036313812e-19
5035.70164717667 7.529394034763904e-19
5650.150178491016 6.390978642560523e-19
6339.572769844456 5.025988353617653e-19
7113.117640155691 5.000879335442147e-19
7981.049259875515 4.415121837235773e-19
8954.88455427336 4.041010641331165e-19
10047.545726038317 3.5566539830170855e-19
11273.53172505782 2.8916023130683895e-19
12649.110640673518 2.657918538433408e-19
14192.535569343014 2.339764434191612e-19
15924.286822139895 1.9836989683846155e-19
17867.34368603852 1.753562685959877e-19
20047.4893450909 1.605483259225843e-19
22493.653007613964 1.4213495600177933e-19
25238.293779207725 1.2628783551441413e-19
28317.83137536552 1.1504807726472122e-19
31773.129388971254 1.0261751047238513e-19
35650.037525349835 9.187222838023078e-20
40000.0 7.951294223294193e-20
44880.73817207854 7.032730747893313e-20
50357.0164717667 6.673170846386306e-20
56501.501784910164 6.08822243870383e-20
63395.72769844454 5.498600429099151e-20
71131.17640155692 5.1708842042513326e-20
79810.49259875518 4.7125588365685995e-20
89548.8455427336 4.3221634893625915e-20
100475.45726038318 3.972289690012282e-20
112735.31725057815 3.7338822677094794e-20
126491.10640673517 3.460914719572133e-20
141925.3556934302 3.206747116304402e-20
159242.86822139894 2.9661935616674655e-20
178673.4368603852 2.740687141928957e-20
200474.8934509089 2.540263831075127e-20
224936.53007613964 2.337220957075132e-20
252382.9377920773 2.1507442704549263e-20
283178.31375365524 1.9683729102339206e-20
317731.29388971254 1.7937396649057546e-20
356500.3752534982 1.6271022521262643e-20
400000.0 1.4672366556500603e-20
448807.3817207854 1.3131357649535894e-20
503570.1647176669 1.1720580438488033e-20
565015.0178491018 1.0252551692801403e-20
633957.2769844453 8.945594942339699e-21
711311.7640155692 7.72487194211255e-21
798104.9259875519 6.573666373115042e-21
895488.4554273358 5.557405035719686e-21
1004754.572603832 4.550482974976018e-21
1127353.1725057815 3.712037467181661e-21
1264911.0640673519 2.962393540471903e-21
1419253.556934302 2.2847804542070987e-21
1592428.6822139889 1.7255788916947534e-21
1786734.3686038526 1.2551327263100706e-21
2004748.934509089 8.807781280582322e-22
2249365.300761396 5.960811486486833e-22
2523829.377920773 3.8277930785679727e-22
2831783.137536552 2.3944362407187623e-22
3177312.938897126 1.4365506716040234e-22
3565003.7525349823 8.889018750418137e-23
4000000.0 6.953255421380579e-23
6500431.924421637 1e-300
10563903.801010016 1e-300
17167484.378651142 1e-300
27899015.879248403 1e-300
45338913.370353214 1e-300
73680629.97280774 1e-300
119738979.82168451 1e-300
194588771.7576386 1e-300
316227766.01683795 1e-300
