10669.6764602 3.07668559924e-18
11850.6991527 2.79432129418e-18
13031.7218452 2.55809775615e-18
14212.7445376 2.35754854915e-18
15393.7672301 2.18289724287e-18
16574.7899226 2.03563415725e-18
17755.812615 1.90858792879e-18
18936.8353075 1.78956392386e-18
20117.8579999 1.69453185073e-18
21298.8806924 1.60043670517e-18
22479.9033849 1.52547273876e-18
23660.9260773 1.45050877235e-18
24841.9487698 1.38705167292e-18
26022.9714623 1.32631021555e-18
27203.9941547 1.26960258953e-18
28385.0168472 1.22068321415e-18
29566.0395397 1.17176383877e-18
30747.0622321 1.12809251625e-18
31928.0849246 1.08834421332e-18
33109.1076171 1.04859591039e-18
34290.1303095 1.01269222324e-18
35471.153002 9.81204762451e-19
36652.1756945 9.4971730166e-19
37833.1983869 9.18229840869e-19
39014.2210794 8.92875018321e-19
40195.2437718 8.67648715537e-19
41376.2664643 8.42422412752e-19
42557.2891568 8.17542503836e-19
43738.3118492 7.97395520445e-19
44919.3345417 7.77248537053e-19
46100.3572342 7.57101553662e-19
47281.3799266 7.3695457027e-19
48462.4026191 7.19386706039e-19
49643.4253116 7.03034373032e-19
50824.448004 6.86682040026e-19
52005.4706965 6.7032970702e-19
53186.493389 6.53977374014e-19
54367.5160814 6.39979897963e-19
55548.5387739 6.26743828034e-19
56729.5614663 6.13507758105e-19
57910.5841588 6.00271688175e-19
59091.6068513 5.87035618246e-19
60272.6295437 5.74443434133e-19
61453.6522362 5.63996657508e-19
62634.6749287 5.53549880884e-19
63815.6976211 5.43103104259e-19
64996.7203136 5.32656327634e-19
66177.7430061 5.22209551009e-19
67358.7656985 5.11828247362e-19
68539.788391 5.03434797206e-19
69720.8110835 4.9504134705e-19
70901.8337759 4.86647896894e-19
72082.8564684 4.78254446739e-19
73263.8791609 4.69860996583e-19
74444.9018533 4.61467546427e-19
75625.9245458 4.53192461893e-19
76806.9472382 4.46345391565e-19
77987.9699307 4.39498321238e-19
79168.9926232 4.3265125091e-19
80350.0153156 4.25804180582e-19
81531.0380081 4.18957110254e-19
82712.0607006 4.12110039927e-19
83893.083393 4.05262969599e-19
85074.1060855 3.98814474334e-19
86255.128778 3.93429952428e-19
87436.1514704 3.88045430523e-19
88617.1741629 3.82660908617e-19
89798.1968554 3.77276386711e-19
90979.2195478 3.71891864806e-19
92160.2422403 3.665073429e-19
93341.2649327 3.61122820994e-19
94522.2876252 3.55738299088e-19
95703.3103177 3.50925678911e-19
96884.3330101 3.46648928248e-19
98065.3557026 3.42372177585e-19
99246.3783951 3.38095426922e-19
100427.401088 3.33818676259e-19
101608.42378 3.29541925595e-19
102789.446472 3.25265174932e-19
103970.469165 3.20988424269e-19
105151.491857 3.16711673606e-19
106332.51455 3.12434922943e-19
107513.537242 3.08680166171e-19
108694.559935 3.05158199154e-19
109875.582627 3.01636232137e-19
111056.60532 2.98114265121e-19
112237.628012 2.94592298104e-19
113418.650705 2.91070331087e-19
114599.673397 2.8754836407e-19
115780.69609 2.84026397053e-19
116961.718782 2.80504430036e-19
118142.741474 2.76982463019e-19
119323.764167 2.73460496002e-19
120504.786859 2.70426482429e-19
121685.809552 2.67634869101e-19
122866.832244 2.64843255774e-19
124047.854937 2.62051642446e-19
125228.877629 2.59260029118e-19
126409.900322 2.56468415791e-19
127590.923014 2.53676802463e-19
128771.945707 2.50885189136e-19
129952.968399 2.48093575808e-19
131133.991092 2.45301962481e-19
132315.013784 2.42510349153e-19
133496.036477 2.39718735826e-19
134677.059169 2.37103458668e-19
135858.081861 2.34900489775e-19
137039.104554 2.32697520882e-19
138220.127246 2.30494551989e-19
139401.149939 2.28291583095e-19
140582.172631 2.26088614202e-19
141763.195324 2.23885645309e-19
142944.218016 2.21682676416e-19
144125.240709 2.19479707523e-19
145306.263401 2.1727673863e-19
146487.286094 2.15073769737e-19
147668.308786 2.12870800844e-19
148849.331479 2.10667831951e-19
150030.354171 2.08464863058e-19
151211.376864 2.06431507312e-19
152392.399556 2.0463062715e-19
153573.422248 2.02829746987e-19
154754.444941 2.01028866824e-19
155935.467633 1.99227986662e-19
157116.490326 1.97427106499e-19
158297.513018 1.95626226336e-19
159478.535711 1.93825346174e-19
160659.558403 1.92024466011e-19
161840.581096 1.90223585849e-19
163021.603788 1.88422705686e-19
164202.626481 1.86621825523e-19
165383.649173 1.84820945361e-19
166564.671866 1.83020065198e-19
167745.694558 1.81219185035e-19
168926.71725 1.79418304873e-19
170107.739943 1.77957979915e-19
171288.762635 1.76557396139e-19
172469.785328 1.75156812363e-19
173650.80802 1.73756228587e-19
174831.830713 1.72355644812e-19
176012.853405 1.70955061036e-19
177193.876098 1.6955447726e-19
178374.89879 1.68153893484e-19
179555.921483 1.66753309708e-19
180736.944175 1.65352725932e-19
181917.966868 1.63952142156e-19
183098.98956 1.6255155838e-19
184280.012253 1.61150974604e-19
185461.034945 1.59750390828e-19
186642.057637 1.58349807052e-19
187823.08033 1.56949223276e-19
189004.103022 1.555486395e-19
190185.125715 1.542673694e-19
191366.148407 1.53180994784e-19
192547.1711 1.52094620168e-19
193728.193792 1.51008245553e-19
194909.216485 1.49921870937e-19
196090.239177 1.48835496322e-19
197271.26187 1.47749121706e-19
198452.284562 1.46662747091e-19
199633.307255 1.45576372475e-19
200814.329947 1.4448999786e-19
201995.352639 1.43403623244e-19
203176.375332 1.42317248629e-19
204357.398024 1.41230874013e-19
205538.420717 1.40144499397e-19
206719.443409 1.39058124782e-19
207900.466102 1.37971750166e-19
209081.488794 1.36885375551e-19
210262.511487 1.35799000935e-19
211443.534179 1.3471262632e-19
212624.556872 1.33626251704e-19
213805.579564 1.3271744626e-19
214986.602257 1.31859630447e-19
216167.624949 1.31001814634e-19
217348.647642 1.30143998821e-19
218529.670334 1.29286183007e-19
219710.693026 1.28428367194e-19
220891.715719 1.27570551381e-19
222072.738411 1.26712735568e-19
223253.761104 1.25854919755e-19
224434.783796 1.24997103942e-19
225615.806489 1.24139288129e-19
226796.829181 1.23281472316e-19
227977.851874 1.22423656503e-19
229158.874566 1.2156584069e-19
230339.897259 1.20708024877e-19
231520.919951 1.19850209064e-19
232701.942644 1.18992393251e-19
233882.965336 1.18134577438e-19
235063.988028 1.17276761625e-19
236245.010721 1.16418945812e-19
237426.033413 1.15561129999e-19
238607.056106 1.14703314186e-19
239788.078798 1.1399216066e-19
240969.101491 1.1332184853e-19
242150.124183 1.12651536399e-19
243331.146876 1.11981224269e-19
244512.169568 1.11310912139e-19
245693.192261 1.10640600008e-19
246874.214953 1.09970287878e-19
248055.237646 1.09299975748e-19
249236.260338 1.08629663618e-19
250417.283031 1.07959351487e-19
251598.305723 1.07289039357e-19
252779.328415 1.06618727227e-19
253960.351108 1.05948415097e-19
255141.3738 1.05278102966e-19
256322.396493 1.04607790836e-19
257503.419185 1.03937478706e-19
258684.441878 1.03267166575e-19
259865.46457 1.02596854445e-19
261046.487263 1.01926542315e-19
262227.509955 1.01256230185e-19
263408.532648 1.00585918054e-19
264589.55534 9.9915605924e-20
265770.578033 9.92452937937e-20
266951.600725 9.85749816635e-20
268132.623417 9.79202055444e-20
269313.64611 9.73997151049e-20
270494.668802 9.68792246653e-20
271675.691495 9.63587342257e-20
272856.714187 9.58382437861e-20
274037.73688 9.53177533465e-20
275218.759572 9.4797262907e-20
276399.782265 9.42767724674e-20
277580.804957 9.37562820278e-20
278761.82765 9.32357915882e-20
279942.850342 9.27153011487e-20
281123.873035 9.21948107091e-20
282304.895727 9.16743202695e-20
283485.91842 9.11538298299e-20
284666.941112 9.06333393903e-20
285847.963804 9.01128489508e-20
287028.986497 8.95923585112e-20
288210.009189 8.90718680716e-20
289391.031882 8.8551377632e-20
290572.054574 8.80308871925e-20
291753.077267 8.75103967529e-20
292934.099959 8.69899063133e-20
294115.122652 8.64694158737e-20
295296.145344 8.59489254341e-20
296477.168037 8.54284349946e-20
297658.190729 8.4907944555e-20
298839.213422 8.43874541154e-20
300020.236114 8.38669636758e-20
301201.258806 8.3393691481e-20
302382.281499 8.29872605498e-20
303563.304191 8.25808296186e-20
304744.326884 8.21743986874e-20
305925.349576 8.17679677562e-20
307106.372269 8.1361536825e-20
308287.394961 8.09551058938e-20
309468.417654 8.05486749626e-20
310649.440346 8.01422440314e-20
311830.463039 7.97358131002e-20
313011.485731 7.9329382169e-20
314192.508424 7.89229512378e-20
315373.531116 7.85165203066e-20
316554.553809 7.81100893754e-20
317735.576501 7.77036584442e-20
318916.599193 7.7297227513e-20
320097.621886 7.68907965818e-20
321278.644578 7.64843656506e-20
322459.667271 7.60779347194e-20
323640.689963 7.56715037882e-20
324821.712656 7.5265072857e-20
326002.735348 7.48586419258e-20
327183.758041 7.44522109946e-20
328364.780733 7.40457800634e-20
329545.803426 7.36393491322e-20
330726.826118 7.3232918201e-20
331907.848811 7.28264872698e-20
333088.871503 7.24200563386e-20
334269.894195 7.20136254074e-20
335450.916888 7.16071944762e-20
336631.93958 7.1200763545e-20
337812.962273 7.08263596169e-20
338993.984965 7.05125981146e-20
340175.007658 7.01988366123e-20
341356.03035 6.988507511e-20
342537.053043 6.95713136076e-20
343718.075735 6.92575521053e-20
344899.098428 6.8943790603e-20
346080.12112 6.86300291006e-20
347261.143813 6.83162675983e-20
348442.166505 6.8002506096e-20
349623.189198 6.76887445937e-20
350804.21189 6.73749830913e-20
351985.234582 6.7061221589e-20
353166.257275 6.67474600867e-20
354347.279967 6.64336985844e-20
355528.30266 6.6119937082e-20
356709.325352 6.58061755797e-20
357890.348045 6.54924140774e-20
359071.370737 6.51786525751e-20
360252.39343 6.48648910727e-20
361433.416122 6.45511295704e-20
362614.438815 6.42373680681e-20
363795.461507 6.39236065658e-20
364976.4842 6.36098450634e-20
366157.506892 6.32960835611e-20
367338.529585 6.29823220588e-20
368519.552277 6.26685605564e-20
369700.574969 6.23547990541e-20
370881.597662 6.20410375518e-20
372062.620354 6.17272760495e-20
373243.643047 6.14135145471e-20
374424.665739 6.10997530448e-20
375605.688432 6.07859915425e-20
376786.711124 6.04722300402e-20
377967.733817 6.01584685378e-20
379148.756509 5.9880452655e-20
380329.779202 5.96401940707e-20
381510.801894 5.93999354864e-20
382691.824587 5.91596769021e-20
383872.847279 5.89194183178e-20
385053.869971 5.86791597335e-20
386234.892664 5.84389011492e-20
387415.915356 5.81986425649e-20
388596.938049 5.79583839806e-20
389777.960741 5.77181253963e-20
390958.983434 5.7477866812e-20
392140.006126 5.72376082277e-20
393321.028819 5.69973496434e-20
394502.051511 5.67570910591e-20
395683.074204 5.65168324748e-20
396864.096896 5.62765738904e-20
398045.119589 5.60363153061e-20
399226.142281 5.57960567218e-20
400407.164974 5.55557981375e-20
401588.187666 5.53155395532e-20
402769.210358 5.50752809689e-20
403950.233051 5.48350223846e-20
405131.255743 5.45947638003e-20
406312.278436 5.4354505216e-20
407493.301128 5.41142466317e-20
408674.323821 5.38739880474e-20
409855.346513 5.36337294631e-20
411036.369206 5.33934708788e-20
412217.391898 5.31532122945e-20
413398.414591 5.29129537102e-20
414579.437283 5.26726951259e-20
415760.459976 5.24324365416e-20
416941.482668 5.21921779573e-20
418122.50536 5.1951919373e-20
419303.528053 5.17116607886e-20
420484.550745 5.14714022043e-20
421665.573438 5.123114362e-20
422846.59613 5.09908850357e-20
424027.618823 5.07506264514e-20
425208.641515 5.05301089964e-20
426389.664208 5.03426977835e-20
427570.6869 5.01552865706e-20
428751.709593 4.99678753577e-20
429932.732285 4.97804641448e-20
431113.754978 4.95930529319e-20
432294.77767 4.9405641719e-20
433475.800363 4.92182305061e-20
434656.823055 4.90308192933e-20
435837.845747 4.88434080804e-20
437018.86844 4.86559968675e-20
438199.891132 4.84685856546e-20
439380.913825 4.82811744417e-20
440561.936517 4.80937632288e-20
441742.95921 4.79063520159e-20
442923.981902 4.7718940803e-20
444105.004595 4.75315295901e-20
445286.027287 4.73441183773e-20
446467.04998 4.71567071644e-20
447648.072672 4.69692959515e-20
448829.095365 4.67818847386e-20
450010.118057 4.65944735257e-20
451191.140749 4.64070623128e-20
452372.163442 4.62196510999e-20
453553.186134 4.6032239887e-20
454734.208827 4.58448286741e-20
455915.231519 4.56574174613e-20
457096.254212 4.54700062484e-20
458277.276904 4.52825950355e-20
459458.299597 4.50951838226e-20
460639.322289 4.49077726097e-20
461820.344982 4.47203613968e-20
463001.367674 4.45329501839e-20
464182.390367 4.4345538971e-20
465363.413059 4.41581277581e-20
466544.435752 4.39707165453e-20
467725.458444 4.37833053324e-20
468906.481136 4.35958941195e-20
470087.503829 4.34084829066e-20
471268.526521 4.32210716937e-20
472449.549214 4.30336604808e-20
473630.571906 4.28462492679e-20
474811.594599 4.2658838055e-20
475992.617291 4.24714268422e-20
477173.639984 4.23051636542e-20
478354.662676 4.21610615001e-20
479535.685369 4.20169593459e-20
480716.708061 4.18728571918e-20
481897.730754 4.17287550376e-20
483078.753446 4.15846528835e-20
484259.776138 4.14405507294e-20
485440.798831 4.12964485752e-20
486621.821523 4.11523464211e-20
487802.844216 4.1008244267e-20
488983.866908 4.08641421128e-20
490164.889601 4.07200399587e-20
491345.912293 4.05759378046e-20
492526.934986 4.04318356504e-20
493707.957678 4.02877334963e-20
494888.980371 4.01436313422e-20
496070.003063 3.9999529188e-20
497251.025756 3.98554270339e-20
498432.048448 3.97113248797e-20
499613.071141 3.95672227256e-20
500794.093833 3.94231205715e-20
501975.116525 3.92790184173e-20
503156.139218 3.91349162632e-20
504337.16191 3.89908141091e-20
505518.184603 3.88467119549e-20
506699.207295 3.87026098008e-20
507880.229988 3.85585076467e-20
509061.25268 3.84144054925e-20
510242.275373 3.82703033384e-20
511423.298065 3.81262011843e-20
512604.320758 3.79820990301e-20
513785.34345 3.7837996876e-20
514966.366143 3.76938947219e-20
516147.388835 3.75497925677e-20
517328.411527 3.74056904136e-20
518509.43422 3.72615882594e-20
519690.456912 3.71174861053e-20
520871.479605 3.69733839512e-20
522052.502297 3.6829281797e-20
523233.52499 3.66851796429e-20
524414.547682 3.65410774888e-20
525595.570375 3.63969753346e-20
526776.593067 3.62528731805e-20
527957.61576 3.61087710264e-20
529138.638452 3.59646688722e-20
530319.661145 3.58205667181e-20
531500.683837 3.5676464564e-20
532681.70653 3.55323624098e-20
533862.729222 3.53882602557e-20
535043.751914 3.52554306342e-20
536224.774607 3.5156736443e-20
537405.797299 3.50580422519e-20
538586.819992 3.49593480607e-20
539767.842684 3.48606538696e-20
540948.865377 3.47619596784e-20
542129.888069 3.46632654873e-20
543310.910762 3.45645712961e-20
544491.933454 3.44658771049e-20
545672.956147 3.43671829138e-20
546853.978839 3.42684887226e-20
548035.001532 3.41697945315e-20
549216.024224 3.40711003403e-20
550397.046916 3.39724061492e-20
551578.069609 3.3873711958e-20
552759.092301 3.37750177669e-20
553940.114994 3.36763235757e-20
555121.137686 3.35776293846e-20
556302.160379 3.34789351934e-20
557483.183071 3.33802410023e-20
558664.205764 3.32815468111e-20
559845.228456 3.318285262e-20
561026.251149 3.30841584288e-20
562207.273841 3.29854642377e-20
563388.296534 3.28867700465e-20
564569.319226 3.27880758554e-20
565750.341919 3.26893816642e-20
566931.364611 3.25906874731e-20
568112.387303 3.24919932819e-20
569293.409996 3.23932990908e-20
570474.432688 3.22946048996e-20
571655.455381 3.21959107085e-20
572836.478073 3.20972165173e-20
574017.500766 3.19985223262e-20
575198.523458 3.1899828135e-20
576379.546151 3.18011339439e-20
577560.568843 3.17024397527e-20
578741.591536 3.16037455616e-20
579922.614228 3.15050513704e-20
581103.636921 3.14063571793e-20
582284.659613 3.13076629881e-20
583465.682305 3.1208968797e-20
584646.704998 3.11102746058e-20
585827.72769 3.10115804147e-20
587008.750383 3.09128862235e-20
588189.773075 3.08141920324e-20
589370.795768 3.07154978412e-20
590551.81846 3.06168036501e-20
591732.841153 3.05181094589e-20
592913.863845 3.04194152678e-20
594094.886538 3.03207210766e-20
595275.90923 3.02220268855e-20
596456.931923 3.01233326943e-20
597637.954615 3.00246385032e-20
598818.977308 2.9925944312e-20
600000.0 2.98272501209e-20
1203868.05156 1e-300
2415497.1426 1e-300
4846566.39767 1e-300
9724377.40984 1e-300
19511445.475 1e-300
39148676.4117 1e-300
78549734.6546 1e-300
157605860.015 1e-300
316227766.017 1e-300
