11094.2523472 2.18011757479e-18
12474.8249878 1.95645782269e-18
13855.3976284 1.77465695138e-18
15235.970269 1.62783553095e-18
16616.5429096 1.5022410692e-18
17997.1155502 1.39223249126e-18
19377.6881907 1.2991125377e-18
20758.2608313 1.21887620773e-18
22138.8334719 1.14306433537e-18
23519.4061125 1.08266290588e-18
24899.9787531 1.02281341148e-18
26280.5513937 9.74499042034e-19
27661.1240343 9.26184672584e-19
29041.6966749 8.85398413069e-19
30422.2693154 8.45935303374e-19
31802.841956 8.09351435589e-19
33183.4145966 7.77318369169e-19
34563.9872372 7.4528530275e-19
35944.5598778 7.17341010659e-19
37325.1325184 6.91860648262e-19
38705.705159 6.66380285866e-19
40086.2777995 6.43737153204e-19
41466.8504401 6.23679109309e-19
42847.4230807 6.03621065414e-19
44227.9957213 5.83738901621e-19
45608.5683619 5.67662636288e-19
46989.1410025 5.51586370954e-19
48369.7136431 5.35510105621e-19
49750.2862837 5.19894084681e-19
51130.8589242 5.07091707999e-19
52511.4315648 4.94289331317e-19
53892.0042054 4.81486954635e-19
55272.576846 4.68684577953e-19
56653.1494866 4.57711192042e-19
58033.7221272 4.47313232998e-19
59414.2947678 4.36915273954e-19
60794.8674083 4.2651731491e-19
62175.4400489 4.16119355866e-19
63556.0126895 4.07367812561e-19
64936.5853301 3.9891516767e-19
66317.1579707 3.90462522779e-19
67697.7306113 3.82009877888e-19
69078.3032519 3.73557232997e-19
70458.8758925 3.65679479898e-19
71839.448533 3.58956452735e-19
73220.0211736 3.52233425571e-19
74600.5938142 3.45510398408e-19
75981.1664548 3.38787371245e-19
77361.7390954 3.32064344082e-19
78742.311736 3.25528552369e-19
80122.8843766 3.20091428221e-19
81503.4570172 3.14654304073e-19
82884.0296577 3.09217179926e-19
84264.6022983 3.03780055778e-19
85645.1749389 2.9834293163e-19
87025.7475795 2.92905807483e-19
88406.3202201 2.87680086563e-19
89786.8928607 2.83279603983e-19
91167.4655013 2.78879121403e-19
92548.0381418 2.74478638823e-19
93928.6107824 2.70078156242e-19
95309.183423 2.65677673662e-19
96689.7560636 2.61277191082e-19
98070.3287042 2.56876708502e-19
99450.9013448 2.52874147627e-19
100831.473985 2.49431951253e-19
102212.046626 2.45989754878e-19
103592.619267 2.42547558503e-19
104973.191907 2.39105362128e-19
106353.764548 2.35663165753e-19
107734.337188 2.32220969378e-19
109114.909829 2.28778773003e-19
110495.482469 2.25336576628e-19
111876.05511 2.22342915974e-19
113256.627751 2.19564045959e-19
114637.200391 2.16785175944e-19
116017.773032 2.1400630593e-19
117398.345672 2.11227435915e-19
118778.918313 2.084485659e-19
120159.490954 2.05669695886e-19
121540.063594 2.02890825871e-19
122920.636235 2.00111955857e-19
124301.208875 1.97333085842e-19
125681.781516 1.95020481525e-19
127062.354157 1.92777047752e-19
128442.926797 1.90533613979e-19
129823.499438 1.88290180206e-19
131204.072078 1.86046746433e-19
132584.644719 1.8380331266e-19
133965.217359 1.81559878888e-19
135345.79 1.79316445115e-19
136726.362641 1.77073011342e-19
138106.935281 1.74829577569e-19
139487.507922 1.72586143796e-19
140868.080562 1.70734406438e-19
142248.653203 1.6894171619e-19
143629.225844 1.67149025943e-19
145009.798484 1.65356335695e-19
146390.371125 1.63563645448e-19
147770.943765 1.617709552e-19
149151.516406 1.59978264953e-19
150532.089046 1.58185574705e-19
151912.661687 1.56392884458e-19
153293.234328 1.5460019421e-19
154673.806968 1.52807503963e-19
156054.379609 1.51014813715e-19
157434.952249 1.49425388763e-19
158815.52489 1.48020045843e-19
160196.097531 1.46614702923e-19
161576.670171 1.45209360003e-19
162957.242812 1.43804017083e-19
164337.815452 1.42398674162e-19
165718.388093 1.40993331242e-19
167098.960734 1.39587988322e-19
168479.533374 1.38182645402e-19
169860.106015 1.36777302481e-19
171240.678655 1.35371959561e-19
172621.251296 1.33966616641e-19
174001.823936 1.32561273721e-19
175382.396577 1.311559308e-19
176762.969218 1.29944214644e-19
178143.541858 1.28826024322e-19
179524.114499 1.27707834e-19
180904.687139 1.26589643677e-19
182285.25978 1.25471453355e-19
183665.832421 1.24353263033e-19
185046.405061 1.2323507271e-19
186426.977702 1.22116882388e-19
187807.550342 1.20998692066e-19
189188.122983 1.19880501744e-19
190568.695624 1.18762311421e-19
191949.268264 1.17644121099e-19
193329.840905 1.16525930777e-19
194710.413545 1.15407740454e-19
196090.986186 1.14289550132e-19
197471.558826 1.13202399217e-19
198852.131467 1.12316151048e-19
200232.704108 1.11429902879e-19
201613.276748 1.1054365471e-19
202993.849389 1.09657406541e-19
204374.422029 1.08771158371e-19
205754.99467 1.07884910202e-19
207135.567311 1.06998662033e-19
208516.139951 1.06112413864e-19
209896.712592 1.05226165695e-19
211277.285232 1.04339917525e-19
212657.857873 1.03453669356e-19
214038.430513 1.02567421187e-19
215419.003154 1.01681173018e-19
216799.575795 1.00794924849e-19
218180.148435 9.99086766794e-20
219560.721076 9.90224285102e-20
220941.293716 9.8136180341e-20
222321.866357 9.73820522383e-20
223702.438998 9.66853257191e-20
225083.011638 9.59885991999e-20
226463.584279 9.52918726807e-20
227844.156919 9.45951461615e-20
229224.72956 9.38984196423e-20
230605.302201 9.32016931231e-20
231985.874841 9.25049666039e-20
233366.447482 9.18082400847e-20
234747.020122 9.11115135655e-20
236127.592763 9.04147870463e-20
237508.165403 8.97180605271e-20
238888.738044 8.9021334008e-20
240269.310685 8.83246074888e-20
241649.883325 8.76278809696e-20
243030.455966 8.69311544504e-20
244411.028606 8.62344279312e-20
245791.601247 8.5537701412e-20
247172.173888 8.48409748928e-20
248552.746528 8.41651582363e-20
249933.319169 8.36258562932e-20
251313.891809 8.30865543501e-20
252694.46445 8.2547252407e-20
254075.03709 8.20079504639e-20
255455.609731 8.14686485208e-20
256836.182372 8.09293465777e-20
258216.755012 8.03900446346e-20
259597.327653 7.98507426916e-20
260977.900293 7.93114407485e-20
262358.472934 7.87721388054e-20
263739.045575 7.82328368623e-20
265119.618215 7.76935349192e-20
266500.190856 7.71542329761e-20
267880.763496 7.6614931033e-20
269261.336137 7.60756290899e-20
270641.908778 7.55363271468e-20
272022.481418 7.49970252037e-20
273403.054059 7.44577232606e-20
274783.626699 7.39184213175e-20
276164.19934 7.33791193744e-20
277544.77198 7.28398174313e-20
278925.344621 7.23214229055e-20
280305.917262 7.18974277887e-20
281686.489902 7.1473432672e-20
283067.062543 7.10494375552e-20
284447.635183 7.06254424385e-20
285828.207824 7.02014473217e-20
287208.780465 6.9777452205e-20
288589.353105 6.93534570882e-20
289969.925746 6.89294619715e-20
291350.498386 6.85054668547e-20
292731.071027 6.8081471738e-20
294111.643668 6.76574766212e-20
295492.216308 6.72334815044e-20
296872.788949 6.68094863877e-20
298253.361589 6.63854912709e-20
299633.93423 6.59614961542e-20
301014.50687 6.55375010374e-20
302395.079511 6.51135059207e-20
303775.652152 6.46895108039e-20
305156.224792 6.42655156872e-20
306536.797433 6.38415205704e-20
307917.370073 6.34175254537e-20
309297.942714 6.29935303369e-20
310678.515355 6.25695352202e-20
312059.087995 6.21455401034e-20
313439.660636 6.17720017838e-20
314820.233276 6.14395255895e-20
316200.805917 6.11070493952e-20
317581.378557 6.07745732009e-20
318961.951198 6.04420970067e-20
320342.523839 6.01096208124e-20
321723.096479 5.97771446181e-20
323103.66912 5.94446684238e-20
324484.24176 5.91121922295e-20
325864.814401 5.87797160353e-20
327245.387042 5.8447239841e-20
328625.959682 5.81147636467e-20
330006.532323 5.77822874524e-20
331387.104963 5.74498112581e-20
332767.677604 5.71173350638e-20
334148.250245 5.67848588696e-20
335528.822885 5.64523826753e-20
336909.395526 5.6119906481e-20
338289.968166 5.57874302867e-20
339670.540807 5.54549540924e-20
341051.113447 5.51224778982e-20
342431.686088 5.47900017039e-20
343812.258729 5.44575255096e-20
345192.831369 5.41250493153e-20
346573.40401 5.3792573121e-20
347953.97665 5.34600969267e-20
349334.549291 5.31276207325e-20
350715.121932 5.27951445382e-20
352095.694572 5.25321783369e-20
353476.267213 5.22755848247e-20
354856.839853 5.20189913125e-20
356237.412494 5.17623978003e-20
357617.985134 5.15058042881e-20
358998.557775 5.12492107758e-20
360379.130416 5.09926172636e-20
361759.703056 5.07360237514e-20
363140.275697 5.04794302392e-20
364520.848337 5.0222836727e-20
365901.420978 4.99662432148e-20
367281.993619 4.97096497025e-20
368662.566259 4.94530561903e-20
370043.1389 4.91964626781e-20
371423.71154 4.89398691659e-20
372804.284181 4.86832756537e-20
374184.856822 4.84266821415e-20
375565.429462 4.81700886293e-20
376946.002103 4.7913495117e-20
378326.574743 4.76569016048e-20
379707.147384 4.74003080926e-20
381087.720024 4.71437145804e-20
382468.292665 4.68871210682e-20
383848.865306 4.6630527556e-20
385229.437946 4.63739340438e-20
386610.010587 4.61173405315e-20
387990.583227 4.58607470193e-20
389371.155868 4.56041535071e-20
390751.728509 4.53475599949e-20
392132.301149 4.50909664827e-20
393512.87379 4.48343729705e-20
394893.44643 4.46312146305e-20
396274.019071 4.4433425448e-20
397654.591712 4.42356362655e-20
399035.164352 4.40378470829e-20
400415.736993 4.38400579004e-20
401796.309633 4.36422687178e-20
403176.882274 4.34444795353e-20
404557.454914 4.32466903527e-20
405938.027555 4.30489011702e-20
407318.600196 4.28511119877e-20
408699.172836 4.26533228051e-20
410079.745477 4.24555336226e-20
411460.318117 4.225774444e-20
412840.890758 4.20599552575e-20
414221.463399 4.18621660749e-20
415602.036039 4.16643768924e-20
416982.60868 4.14665877098e-20
418363.18132 4.12687985273e-20
419743.753961 4.10710093448e-20
421124.326601 4.08732201622e-20
422504.899242 4.06754309797e-20
423885.471883 4.04776417971e-20
425266.044523 4.02798526146e-20
426646.617164 4.0082063432e-20
428027.189804 3.98842742495e-20
429407.762445 3.9686485067e-20
430788.335086 3.94886958844e-20
432168.907726 3.92909067019e-20
433549.480367 3.90931175193e-20
434930.053007 3.88953283368e-20
436310.625648 3.86975391542e-20
437691.198289 3.84997499717e-20
439071.770929 3.83019607891e-20
440452.34357 3.81041716066e-20
441832.91621 3.79119847559e-20
443213.488851 3.77617116077e-20
444594.061491 3.76114384596e-20
445974.634132 3.74611653114e-20
447355.206773 3.73108921633e-20
448735.779413 3.71606190151e-20
450116.352054 3.7010345867e-20
451496.924694 3.68600727188e-20
452877.497335 3.67097995707e-20
454258.069976 3.65595264226e-20
455638.642616 3.64092532744e-20
457019.215257 3.62589801263e-20
458399.787897 3.61087069781e-20
459780.360538 3.595843383e-20
461160.933178 3.58081606818e-20
462541.505819 3.56578875337e-20
463922.07846 3.55076143855e-20
465302.6511 3.53573412374e-20
466683.223741 3.52070680892e-20
468063.796381 3.50567949411e-20
469444.369022 3.49065217929e-20
470824.941663 3.47562486448e-20
472205.514303 3.46059754966e-20
473586.086944 3.44557023485e-20
474966.659584 3.43054292003e-20
476347.232225 3.41551560522e-20
477727.804866 3.40048829041e-20
479108.377506 3.38546097559e-20
480488.950147 3.37043366078e-20
481869.522787 3.35540634596e-20
483250.095428 3.34037903115e-20
484630.668068 3.32535171633e-20
486011.240709 3.31032440152e-20
487391.81335 3.2952970867e-20
488772.38599 3.28026977189e-20
490152.958631 3.26524245707e-20
491533.531271 3.25021514226e-20
492914.103912 3.23518782744e-20
494294.676553 3.22016051263e-20
495675.249193 3.20540382179e-20
497055.821834 3.1936769986e-20
498436.394474 3.18195017541e-20
499816.967115 3.17022335222e-20
501197.539756 3.15849652903e-20
502578.112396 3.14676970584e-20
503958.685037 3.13504288265e-20
505339.257677 3.12331605946e-20
506719.830318 3.11158923627e-20
508100.402958 3.09986241308e-20
509480.975599 3.08813558989e-20
510861.54824 3.0764087667e-20
512242.12088 3.06468194351e-20
513622.693521 3.05295512032e-20
515003.266161 3.04122829713e-20
516383.838802 3.02950147394e-20
517764.411443 3.01777465075e-20
519144.984083 3.00604782756e-20
520525.556724 2.99432100437e-20
521906.129364 2.98259418118e-20
523286.702005 2.97086735799e-20
524667.274645 2.9591405348e-20
526047.847286 2.94741371161e-20
527428.419927 2.93568688842e-20
528808.992567 2.92396006523e-20
530189.565208 2.91223324204e-20
531570.137848 2.90050641885e-20
532950.710489 2.88877959566e-20
534331.28313 2.87705277247e-20
535711.85577 2.86532594928e-20
537092.428411 2.85359912609e-20
538473.001051 2.8418723029e-20
539853.573692 2.83014547971e-20
541234.146333 2.81841865652e-20
542614.718973 2.80669183333e-20
543995.291614 2.79496501014e-20
545375.864254 2.78323818695e-20
546756.436895 2.77151136375e-20
548137.009535 2.75978454056e-20
549517.582176 2.74805771737e-20
550898.154817 2.73633089418e-20
552278.727457 2.72460407099e-20
553659.300098 2.7128772478e-20
555039.872738 2.70115042461e-20
556420.445379 2.69017316378e-20
557801.01802 2.68109511312e-20
559181.59066 2.67201706245e-20
560562.163301 2.66293901178e-20
561942.735941 2.65386096111e-20
563323.308582 2.64478291045e-20
564703.881223 2.63570485978e-20
566084.453863 2.62662680911e-20
567465.026504 2.61754875844e-20
568845.599144 2.60847070778e-20
570226.171785 2.59939265711e-20
571606.744425 2.59031460644e-20
572987.317066 2.58123655577e-20
574367.889707 2.57215850511e-20
575748.462347 2.56308045444e-20
577129.034988 2.55400240377e-20
578509.607628 2.5449243531e-20
579890.180269 2.53584630244e-20
581270.75291 2.52676825177e-20
582651.32555 2.5176902011e-20
584031.898191 2.50861215043e-20
585412.470831 2.49953409977e-20
586793.043472 2.4904560491e-20
588173.616112 2.48137799843e-20
589554.188753 2.47229994776e-20
590934.761394 2.4632218971e-20
592315.334034 2.45414384643e-20
593695.906675 2.44506579576e-20
595076.479315 2.43598774509e-20
596457.051956 2.42690969443e-20
597837.624597 2.41783164376e-20
599218.197237 2.40875359309e-20
600598.769878 2.39967554242e-20
601979.342518 2.39059749176e-20
603359.915159 2.38151944109e-20
604740.4878 2.37244139042e-20
606121.06044 2.36336333975e-20
607501.633081 2.35428528909e-20
608882.205721 2.34520723842e-20
610262.778362 2.33612918775e-20
611643.351002 2.32705113708e-20
613023.923643 2.31797308642e-20
614404.496284 2.30889503575e-20
615785.068924 2.29981698508e-20
617165.641565 2.29073893441e-20
618546.214205 2.28166088375e-20
619926.786846 2.27258283308e-20
621307.359487 2.26350478241e-20
622687.932127 2.25442673174e-20
624068.504768 2.24575764227e-20
625449.077408 2.23960728814e-20
626829.650049 2.233456934e-20
628210.222689 2.22730657986e-20
629590.79533 2.22115622573e-20
630971.367971 2.21500587159e-20
632351.940611 2.20885551746e-20
633732.513252 2.20270516332e-20
635113.085892 2.19655480918e-20
636493.658533 2.19040445505e-20
637874.231174 2.18425410091e-20
639254.803814 2.17810374678e-20
640635.376455 2.17195339264e-20
642015.949095 2.1658030385e-20
643396.521736 2.15965268437e-20
644777.094377 2.15350233023e-20
646157.667017 2.14735197609e-20
647538.239658 2.14120162196e-20
648918.812298 2.13505126782e-20
650299.384939 2.12890091369e-20
651679.957579 2.12275055955e-20
653060.53022 2.11660020541e-20
654441.102861 2.11044985128e-20
655821.675501 2.10429949714e-20
657202.248142 2.09814914301e-20
658582.820782 2.09199878887e-20
659963.393423 2.08584843473e-20
661343.966064 2.0796980806e-20
662724.538704 2.07354772646e-20
664105.111345 2.06739737233e-20
665485.683985 2.06124701819e-20
666866.256626 2.05509666405e-20
668246.829267 2.04894630992e-20
669627.401907 2.04279595578e-20
671007.974548 2.03664560164e-20
672388.547188 2.03049524751e-20
673769.119829 2.02434489337e-20
675149.692469 2.01819453924e-20
676530.26511 2.0120441851e-20
677910.837751 2.00589383096e-20
679291.410391 1.99974347683e-20
680671.983032 1.99359312269e-20
682052.555672 1.98744276856e-20
683433.128313 1.98129241442e-20
684813.700954 1.97514206028e-20
686194.273594 1.96899170615e-20
687574.846235 1.96284135201e-20
688955.418875 1.95669099788e-20
690335.991516 1.95054064374e-20
691716.564156 1.9443902896e-20
693097.136797 1.93823993547e-20
694477.709438 1.93208958133e-20
695858.282078 1.92593922719e-20
697238.854719 1.91978887306e-20
698619.427359 1.91363851892e-20
700000.0 1.90748816479e-20
1380661.28395 1e-300
2723179.40144 1e-300
5371126.24118 1e-300
10593865.7892 1e-300
20895057.6321 1e-300
41212852.9981 1e-300
81287129.3367 1e-300
160328560.513 1e-300
316227766.017 1e-300
