10098.1660887 4.03394097941e-18
11881.5364974 3.83580917744e-18
13664.906906 3.66599592497e-18
15448.2773146 3.51697298844e-18
17231.6477233 3.38296188994e-18
19015.0181319 3.26140412999e-18
20798.3885406 3.14893864736e-18
22581.7589492 3.04224157076e-18
24365.1293578 2.94850335522e-18
26148.4997665 2.85887812436e-18
27931.8701751 2.77426959832e-18
29715.2405838 2.69624187973e-18
31498.6109924 2.62098668737e-18
33281.981401 2.55164747803e-18
35065.3518097 2.48421447866e-18
36848.7222183 2.42125933588e-18
38632.092627 2.36166252354e-18
40415.4630356 2.30280652076e-18
42198.8334442 2.2493849885e-18
43982.2038529 2.19596345625e-18
45765.5742615 2.14484756564e-18
47548.9446702 2.09766812851e-18
49332.3150788 2.05048869138e-18
51115.6854874 2.00476463114e-18
52899.0558961 1.96272509444e-18
54682.4263047 1.92068555773e-18
56465.7967134 1.87864602103e-18
58249.167122 1.84048270942e-18
60032.5375306 1.8031682009e-18
61815.9079393 1.76585369237e-18
63599.2783479 1.72853918385e-18
65382.6487566 1.69548537653e-18
67166.0191652 1.66272755775e-18
68949.3895738 1.62996973896e-18
70732.7599825 1.59721192017e-18
72516.1303911 1.5670434776e-18
74299.5007998 1.53878387156e-18
76082.8712084 1.51052426553e-18
77866.241617 1.48226465949e-18
79649.6120257 1.45400505345e-18
81432.9824343 1.42814204041e-18
83216.352843 1.40338458124e-18
84999.7232516 1.37862712207e-18
86783.0936602 1.35386966289e-18
88566.4640689 1.32911220372e-18
90349.8344775 1.30503643005e-18
92133.2048862 1.28375403649e-18
93916.5752948 1.26247164292e-18
95699.9457034 1.24118924935e-18
97483.3161121 1.21990685578e-18
99266.6865207 1.19862446221e-18
101050.056929 1.17745348008e-18
102833.427338 1.15907604773e-18
104616.797747 1.14069861538e-18
106400.168155 1.12232118303e-18
108183.538564 1.10394375068e-18
109966.908973 1.08556631833e-18
111750.279381 1.06718888598e-18
113533.64979 1.04913398902e-18
115317.020198 1.0332534887e-18
117100.390607 1.01737298838e-18
118883.761016 1.00149248806e-18
120667.131424 9.85611987733e-19
122450.501833 9.6973148741e-19
124233.872242 9.53850987087e-19
126017.24265 9.37970486763e-19
127800.613059 9.23014157077e-19
129583.983468 9.09585390022e-19
131367.353876 8.96156622966e-19
133150.724285 8.8272785591e-19
134934.094694 8.69299088855e-19
136717.465102 8.55870321799e-19
138500.835511 8.42441554743e-19
140284.205919 8.29012787688e-19
142067.576328 8.15584020632e-19
143850.946737 8.03621762407e-19
145634.317145 7.92353425001e-19
147417.687554 7.81085087594e-19
149201.057963 7.69816750188e-19
150984.428371 7.58548412781e-19
152767.79878 7.47280075374e-19
154551.169189 7.36011737968e-19
156334.539597 7.24743400561e-19
158117.910006 7.13475063155e-19
159901.280414 7.02206725748e-19
161684.650823 6.92636381736e-19
163468.021232 6.83215036665e-19
165251.39164 6.73793691594e-19
167034.762049 6.64372346523e-19
168818.132458 6.54951001452e-19
170601.502866 6.45529656381e-19
172384.873275 6.3610831131e-19
174168.243684 6.26686966239e-19
175951.614092 6.17265621168e-19
177734.984501 6.07844276097e-19
179518.35491 5.98422931026e-19
181301.725318 5.906430281e-19
183085.095727 5.82915607339e-19
184868.466135 5.75188186578e-19
186651.836544 5.67460765818e-19
188435.206953 5.59733345057e-19
190218.577361 5.52005924296e-19
192001.94777 5.44278503535e-19
193785.318179 5.36551082774e-19
195568.688587 5.28823662014e-19
197352.058996 5.21096241253e-19
199135.429405 5.13368820492e-19
200918.799813 5.05641399731e-19
202702.170222 4.9889992631e-19
204485.54063 4.92616977653e-19
206268.911039 4.86334028996e-19
208052.281448 4.80051080339e-19
209835.651856 4.73768131682e-19
211619.022265 4.67485183025e-19
213402.392674 4.61202234368e-19
215185.763082 4.54919285711e-19
216969.133491 4.48636337055e-19
218752.5039 4.42353388398e-19
220535.874308 4.36070439741e-19
222319.244717 4.29787491084e-19
224102.615125 4.23504542427e-19
225885.985534 4.1722159377e-19
227669.355943 4.1199818593e-19
229452.726351 4.06896520582e-19
231236.09676 4.01794855235e-19
233019.467169 3.96693189888e-19
234802.837577 3.9159152454e-19
236586.207986 3.86489859193e-19
238369.578395 3.81388193845e-19
240152.948803 3.76286528498e-19
241936.319212 3.71184863151e-19
243719.689621 3.66083197803e-19
245503.060029 3.60981532456e-19
247286.430438 3.55879867109e-19
249069.800846 3.50778201761e-19
250853.171255 3.45676536414e-19
252636.541664 3.40574871066e-19
254419.912072 3.35943192918e-19
256203.282481 3.31936521586e-19
257986.65289 3.27929850253e-19
259770.023298 3.23923178921e-19
261553.393707 3.19916507589e-19
263336.764116 3.15909836257e-19
265120.134524 3.11903164925e-19
266903.504933 3.07896493593e-19
268686.875341 3.03889822261e-19
270470.24575 2.99883150929e-19
272253.616159 2.95876479597e-19
274036.986567 2.91869808265e-19
275820.356976 2.87863136933e-19
277603.727385 2.83856465601e-19
279387.097793 2.79849794269e-19
281170.468202 2.75843122937e-19
282953.838611 2.71836451605e-19
284737.209019 2.678973588e-19
286520.579428 2.64802182749e-19
288303.949837 2.61707006698e-19
290087.320245 2.58611830647e-19
291870.690654 2.55516654597e-19
293654.061062 2.52421478546e-19
295437.431471 2.49326302495e-19
297220.80188 2.46231126445e-19
299004.172288 2.43135950394e-19
300787.542697 2.40040774343e-19
302570.913106 2.36945598292e-19
304354.283514 2.33850422242e-19
306137.653923 2.30755246191e-19
307921.024332 2.2766007014e-19
309704.39474 2.2456489409e-19
311487.765149 2.21469718039e-19
313271.135557 2.18374541988e-19
315054.505966 2.15279365937e-19
316837.876375 2.12184189887e-19
318621.246783 2.09089013836e-19
320404.617192 2.06428922542e-19
322187.987601 2.04057167374e-19
323971.358009 2.01685412206e-19
325754.728418 1.99313657039e-19
327538.098827 1.96941901871e-19
329321.469235 1.94570146703e-19
331104.839644 1.92198391535e-19
332888.210053 1.89826636367e-19
334671.580461 1.87454881199e-19
336454.95087 1.85083126031e-19
338238.321278 1.82711370864e-19
340021.691687 1.80339615696e-19
341805.062096 1.77967860528e-19
343588.432504 1.7559610536e-19
345371.802913 1.73224350192e-19
347155.173322 1.70852595024e-19
348938.54373 1.68480839856e-19
350721.914139 1.66109084689e-19
352505.284548 1.63737329521e-19
354288.654956 1.61365574353e-19
356072.025365 1.58993819185e-19
357855.395773 1.56622064017e-19
359638.766182 1.5472672304e-19
361422.136591 1.52987922458e-19
363205.506999 1.51249121876e-19
364988.877408 1.49510321294e-19
366772.247817 1.47771520713e-19
368555.618225 1.46032720131e-19
370338.988634 1.44293919549e-19
372122.359043 1.42555118968e-19
373905.729451 1.40816318386e-19
375689.09986 1.39077517804e-19
377472.470269 1.37338717223e-19
379255.840677 1.35599916641e-19
381039.211086 1.33861116059e-19
382822.581494 1.32122315477e-19
384605.951903 1.30383514896e-19
386389.322312 1.28644714314e-19
388172.69272 1.26905913732e-19
389956.063129 1.25167113151e-19
391739.433538 1.23428312569e-19
393522.803946 1.21689511987e-19
395306.174355 1.19950711405e-19
397089.544764 1.18211910824e-19
398872.915172 1.16473110242e-19
400656.285581 1.1473430966e-19
402439.655989 1.13114827942e-19
404223.026398 1.11877389686e-19
406006.396807 1.10639951431e-19
407789.767215 1.09402513176e-19
409573.137624 1.08165074921e-19
411356.508033 1.06927636665e-19
413139.878441 1.0569019841e-19
414923.24885 1.04452760155e-19
416706.619259 1.03215321899e-19
418489.989667 1.01977883644e-19
420273.360076 1.00740445389e-19
422056.730485 9.95030071335e-20
423840.100893 9.82655688782e-20
425623.471302 9.70281306229e-20
427406.84171 9.57906923677e-20
429190.212119 9.45532541124e-20
430973.582528 9.33158158571e-20
432756.952936 9.20783776018e-20
434540.323345 9.08409393465e-20
436323.693754 8.96035010912e-20
438107.064162 8.83660628359e-20
439890.434571 8.71286245807e-20
441673.80498 8.58911863254e-20
443457.175388 8.46537480701e-20
445240.545797 8.34163098148e-20
447023.916205 8.21788715595e-20
448807.286614 8.09414333042e-20
450590.657023 7.97039950489e-20
452374.027431 7.87431194735e-20
454157.39784 7.78834730328e-20
455940.768249 7.70238265922e-20
457724.138657 7.61641801515e-20
459507.509066 7.53045337108e-20
461290.879475 7.44448872701e-20
463074.249883 7.35852408294e-20
464857.620292 7.27255943887e-20
466640.990701 7.1865947948e-20
468424.361109 7.10063015073e-20
470207.731518 7.01466550667e-20
471991.101926 6.9287008626e-20
473774.472335 6.84273621853e-20
475557.842744 6.75677157446e-20
477341.213152 6.67080693039e-20
479124.583561 6.58484228632e-20
480907.95397 6.49887764225e-20
482691.324378 6.41291299818e-20
484474.694787 6.32694835412e-20
486258.065196 6.24098371005e-20
488041.435604 6.15501906598e-20
489824.806013 6.06905442191e-20
491608.176421 5.98308977784e-20
493391.54683 5.89712513377e-20
495174.917239 5.8111604897e-20
496958.287647 5.72519584563e-20
498741.658056 5.63923120156e-20
500525.028465 5.5532665575e-20
502308.398873 5.46730191343e-20
504091.769282 5.38133726936e-20
505875.139691 5.29537262529e-20
507658.510099 5.23533155149e-20
509441.880508 5.17916824097e-20
511225.250917 5.12300493045e-20
513008.621325 5.06684161993e-20
514791.991734 5.01067830941e-20
516575.362142 4.95451499889e-20
518358.732551 4.89835168837e-20
520142.10296 4.84218837785e-20
521925.473368 4.78602506733e-20
523708.843777 4.72986175681e-20
525492.214186 4.67369844629e-20
527275.584594 4.61753513577e-20
529058.955003 4.56137182525e-20
530842.325412 4.50520851473e-20
532625.69582 4.44904520421e-20
534409.066229 4.39288189369e-20
536192.436637 4.33671858317e-20
537975.807046 4.28055527265e-20
539759.177455 4.22439196213e-20
541542.547863 4.16822865161e-20
543325.918272 4.11206534109e-20
545109.288681 4.05590203057e-20
546892.659089 3.99973872005e-20
548676.029498 3.94357540953e-20
550459.399907 3.887412099e-20
552242.770315 3.83124878848e-20
554026.140724 3.77508547796e-20
555809.511133 3.71892216744e-20
557592.881541 3.66275885692e-20
559376.25195 3.6065955464e-20
561159.622358 3.55043223588e-20
562942.992767 3.49426892536e-20
564726.363176 3.43810561484e-20
566509.733584 3.38194230432e-20
568293.103993 3.33106487205e-20
570076.474402 3.29674816821e-20
571859.84481 3.26243146438e-20
573643.215219 3.22811476054e-20
575426.585628 3.19379805671e-20
577209.956036 3.15948135287e-20
578993.326445 3.12516464904e-20
580776.696853 3.0908479452e-20
582560.067262 3.05653124136e-20
584343.437671 3.02221453753e-20
586126.808079 2.98789783369e-20
587910.178488 2.95358112986e-20
589693.548897 2.91926442602e-20
591476.919305 2.88494772219e-20
593260.289714 2.85063101835e-20
595043.660123 2.81631431452e-20
596827.030531 2.78199761068e-20
598610.40094 2.74768090685e-20
600393.771349 2.71336420301e-20
602177.141757 2.67904749917e-20
603960.512166 2.64473079534e-20
605743.882574 2.6104140915e-20
607527.252983 2.57609738767e-20
609310.623392 2.54178068383e-20
611093.9938 2.50746398e-20
612877.364209 2.47314727616e-20
614660.734618 2.43883057233e-20
616444.105026 2.40451386849e-20
618227.475435 2.37019716466e-20
620010.845844 2.33588046082e-20
621794.216252 2.30156375699e-20
623577.586661 2.26724705315e-20
625360.957069 2.23293034931e-20
627144.327478 2.19861364548e-20
628927.697887 2.16429694164e-20
630711.068295 2.12998023781e-20
632494.438704 2.09566353397e-20
634277.809113 2.06134683014e-20
636061.179521 2.0270301263e-20
637844.54993 1.99850503689e-20
639627.920339 1.97908511447e-20
641411.290747 1.95966519206e-20
643194.661156 1.94024526964e-20
644978.031565 1.92082534723e-20
646761.401973 1.90140542481e-20
648544.772382 1.88198550239e-20
650328.14279 1.86256557998e-20
652111.513199 1.84314565756e-20
653894.883608 1.82372573515e-20
655678.254016 1.80430581273e-20
657461.624425 1.78488589031e-20
659244.994834 1.7654659679e-20
661028.365242 1.74604604548e-20
662811.735651 1.72662612307e-20
664595.10606 1.70720620065e-20
666378.476468 1.68778627823e-20
668161.846877 1.66836635582e-20
669945.217285 1.6489464334e-20
671728.587694 1.62952651099e-20
673511.958103 1.61010658857e-20
675295.328511 1.59068666615e-20
677078.69892 1.57126674374e-20
678862.069329 1.55184682132e-20
680645.439737 1.53242689891e-20
682428.810146 1.51300697649e-20
684212.180555 1.49358705407e-20
685995.550963 1.47416713166e-20
687778.921372 1.45474720924e-20
689562.29178 1.43532728683e-20
691345.662189 1.41590736441e-20
693129.032598 1.39648744199e-20
694912.403006 1.37706751958e-20
696695.773415 1.35764759716e-20
698479.143824 1.33822767475e-20
700262.514232 1.31880775233e-20
702045.884641 1.29938782991e-20
703829.25505 1.2799679075e-20
705612.625458 1.26054798508e-20
707395.995867 1.24112806267e-20
709179.366276 1.22170814025e-20
710962.736684 1.20228821783e-20
712746.107093 1.18286829542e-20
714529.477501 1.163448373e-20
716312.84791 1.15182973902e-20
718096.218319 1.14222513136e-20
719879.588727 1.1326205237e-20
721662.959136 1.12301591605e-20
723446.329545 1.11341130839e-20
725229.699953 1.10380670073e-20
727013.070362 1.09420209307e-20
728796.440771 1.08459748541e-20
730579.811179 1.07499287775e-20
732363.181588 1.06538827009e-20
734146.551996 1.05578366243e-20
735929.922405 1.04617905477e-20
737713.292814 1.03657444711e-20
739496.663222 1.02696983946e-20
741280.033631 1.0173652318e-20
743063.40404 1.00776062414e-20
744846.774448 9.98156016478e-21
746630.144857 9.88551408819e-21
748413.515266 9.7894680116e-21
750196.885674 9.69342193501e-21
751980.256083 9.59737585842e-21
753763.626492 9.50132978183e-21
755546.9969 9.40528370524e-21
757330.367309 9.30923762865e-21
759113.737717 9.21319155205e-21
760897.108126 9.11714547546e-21
762680.478535 9.02109939887e-21
764463.848943 8.92505332228e-21
766247.219352 8.82900724569e-21
768030.589761 8.7329611691e-21
769813.960169 8.63691509251e-21
771597.330578 8.54086901592e-21
773380.700987 8.44482293933e-21
775164.071395 8.34877686274e-21
776947.441804 8.25273078615e-21
778730.812212 8.15668470956e-21
780514.182621 8.06063863297e-21
782297.55303 7.96459255638e-21
784080.923438 7.86854647979e-21
785864.293847 7.7725004032e-21
787647.664256 7.67645432661e-21
789431.034664 7.58040825002e-21
791214.405073 7.48436217343e-21
792997.775482 7.38831609684e-21
794781.14589 7.29227002025e-21
796564.516299 7.19622394366e-21
798347.886708 7.10017786706e-21
800131.257116 7.00413179047e-21
801914.627525 6.90808571388e-21
803697.997933 6.86231808323e-21
805481.368342 6.82330529647e-21
807264.738751 6.7842925097e-21
809048.109159 6.74527972294e-21
810831.479568 6.70626693618e-21
812614.849977 6.66725414942e-21
814398.220385 6.62824136266e-21
816181.590794 6.5892285759e-21
817964.961203 6.55021578914e-21
819748.331611 6.51120300238e-21
821531.70202 6.47219021562e-21
823315.072428 6.43317742885e-21
825098.442837 6.39416464209e-21
826881.813246 6.35515185533e-21
828665.183654 6.31613906857e-21
830448.554063 6.27712628181e-21
832231.924472 6.23811349505e-21
834015.29488 6.19910070829e-21
835798.665289 6.16008792153e-21
837582.035698 6.12107513477e-21
839365.406106 6.082062348e-21
841148.776515 6.04304956124e-21
842932.146924 6.00403677448e-21
844715.517332 5.96502398772e-21
846498.887741 5.92601120096e-21
848282.258149 5.8869984142e-21
850065.628558 5.84798562744e-21
851848.998967 5.80897284068e-21
853632.369375 5.76996005392e-21
855415.739784 5.73094726715e-21
857199.110193 5.69193448039e-21
858982.480601 5.65292169363e-21
860765.85101 5.61390890687e-21
862549.221419 5.57489612011e-21
864332.591827 5.53588333335e-21
866115.962236 5.49687054659e-21
867899.332644 5.45785775983e-21
869682.703053 5.41884497307e-21
871466.073462 5.3798321863e-21
873249.44387 5.34081939954e-21
875032.814279 5.30180661278e-21
876816.184688 5.26279382602e-21
878599.555096 5.22378103926e-21
880382.925505 5.1847682525e-21
882166.295914 5.14575546574e-21
883949.666322 5.10674267898e-21
885733.036731 5.06772989222e-21
887516.40714 5.02871710545e-21
889299.777548 4.98970431869e-21
891083.147957 4.95069153193e-21
892866.518365 4.91167874517e-21
894649.888774 4.87266595841e-21
896433.259183 4.83365317165e-21
898216.629591 4.79464038489e-21
900000.0 4.75562759813e-21
1726253.02584 1e-300
3311055.01025 1e-300
6350798.58908 1e-300
12181205.8677 1e-300
23364270.5416 1e-300
44814047.4656 1e-300
85955983.3751 1e-300
164868640.434 1e-300
316227766.017 1e-300
