10644.401677 1.25645454946e-21
70743.3106917 2.72195242321e-22
130842.219706 1.8819949046e-22
190941.128721 1.56600888016e-22
251040.037736 1.39286733585e-22
311138.94675 1.27712361762e-22
371237.855765 1.19055135705e-22
431336.76478 1.12222120915e-22
491435.673794 1.0663843694e-22
551534.582809 1.0170155999e-22
611633.491824 9.73652889063e-23
671732.400838 9.34727380642e-23
731831.309853 9.00229954431e-23
791930.218868 8.68141823227e-23
852029.127882 8.37837122694e-23
912128.036897 8.10974793258e-23
972226.945912 7.85223140232e-23
1032325.85493 7.61195989136e-23
1092424.76394 7.38668858902e-23
1152523.67296 7.17863109198e-23
1212622.58197 6.97846580228e-23
1272721.49099 6.79632553534e-23
1332820.4 6.6141852684e-23
1392919.30901 6.44954375846e-23
1453018.21803 6.28729540365e-23
1513117.12704 6.12830186152e-23
1573216.03606 5.98652467011e-23
1633314.94507 5.84474747871e-23
1693413.85409 5.70475011824e-23
1753512.7631 5.57971282216e-23
1813611.67212 5.45467552609e-23
1873710.58113 5.32963823001e-23
1933809.49015 5.21454846635e-23
1993908.39916 5.10411480944e-23
2054007.30818 4.99368115252e-23
2114106.21719 4.8832474956e-23
2174205.12621 4.78488219312e-23
2234304.03522 4.68884851643e-23
2294402.94423 4.59281483973e-23
2354501.85325 4.49678116304e-23
2414600.76226 4.40742800285e-23
2474699.67128 4.3240933082e-23
2534798.58029 4.24075861355e-23
2594897.48931 4.15742391889e-23
2654996.39832 4.07408922424e-23
2715095.30734 3.99880032267e-23
2775194.21635 3.92716166645e-23
2835293.12537 3.85552301023e-23
2895392.03438 3.78388435401e-23
2955490.9434 3.71224569779e-23
3015589.85241 3.6433716362e-23
3075688.76143 3.58239049721e-23
3135787.67044 3.52140935822e-23
3195886.57945 3.46042821923e-23
3255985.48847 3.39944708024e-23
3316084.39748 3.33846594125e-23
3376183.3065 3.27891255333e-23
3436282.21551 3.22640364571e-23
3496381.12453 3.1738947381e-23
3556480.03354 3.12138583048e-23
3616578.94256 3.06887692286e-23
3676677.85157 3.01636801524e-23
3736776.76059 2.96385910763e-23
3796875.6696 2.91389107256e-23
3856974.57862 2.86897957621e-23
3917073.48763 2.82406807987e-23
3977172.39665 2.77915658353e-23
4037271.30566 2.73424508718e-23
4097370.21467 2.68933359084e-23
4157469.12369 2.6444220945e-23
4217568.0327 2.59951059815e-23
4277666.94172 2.55917960821e-23
4337765.85073 2.5211408667e-23
4397864.75975 2.48310212518e-23
4457963.66876 2.44506338367e-23
4518062.57778 2.40702464215e-23
4578161.48679 2.36898590064e-23
4638260.39581 2.33094715912e-23
4698359.30482 2.29290841761e-23
4758458.21384 2.25525958767e-23
4818557.12285 2.22342235843e-23
4878656.03187 2.1915851292e-23
4938754.94088 2.15974789997e-23
4998853.8499 2.12791067073e-23
5058952.75891 2.0960734415e-23
5119051.66792 2.06423621227e-23
5179150.57694 2.03239898304e-23
5239249.48595 2.0005617538e-23
5299348.39497 1.96872452457e-23
5359447.30398 1.93906632833e-23
5419546.213 1.91255061205e-23
5479645.12201 1.88603489577e-23
5539744.03103 1.85951917949e-23
5599842.94004 1.83300346322e-23
5659941.84906 1.80648774694e-23
5720040.75807 1.77997203066e-23
5780139.66709 1.75345631439e-23
5840238.5761 1.72694059811e-23
5900337.48512 1.70042488183e-23
5960436.39413 1.67390916555e-23
6020535.30314 1.6501346541e-23
6080634.21216 1.62835997963e-23
6140733.12117 1.60658530516e-23
6200832.03019 1.58481063069e-23
6260930.9392 1.56303595622e-23
6321029.84822 1.54126128176e-23
6381128.75723 1.51948660729e-23
6441227.66625 1.49771193282e-23
6501326.57526 1.47593725835e-23
6561425.48428 1.45416258388e-23
6621524.39329 1.43238790941e-23
6681623.30231 1.41061323495e-23
6741722.21132 1.3906044313e-23
6801821.12034 1.3729820225e-23
6861920.02935 1.35535961371e-23
6922018.93836 1.33773720491e-23
6982117.84738 1.32011479612e-23
7042216.75639 1.30249238733e-23
7102315.66541 1.28486997853e-23
7162414.57442 1.26724756974e-23
7222513.48344 1.24962516094e-23
7282612.39245 1.23200275215e-23
7342711.30147 1.21438034335e-23
7402810.21048 1.19675793456e-23
7462909.1195 1.17913552576e-23
7523008.02851 1.16151311697e-23
7583106.93753 1.14658992631e-23
7643205.84654 1.1323864453e-23
7703304.75556 1.11818296429e-23
7763403.66457 1.10397948328e-23
7823502.57358 1.08977600227e-23
7883601.4826 1.07557252127e-23
7943700.39161 1.06136904026e-23
8003799.30063 1.04716555925e-23
8063898.20964 1.03296207824e-23
8123997.11866 1.01875859723e-23
8184096.02767 1.00455511622e-23
8244194.93669 9.90351635216e-24
8304293.8457 9.76148154207e-24
8364392.75472 9.61944673199e-24
8424491.66373 9.4774119219e-24
8484590.57275 9.35023738834e-24
8544689.48176 9.23853656072e-24
8604788.39078 9.1268357331e-24
8664887.29979 9.01513490548e-24
8724986.2088 8.90343407786e-24
8785085.11782 8.79173325023e-24
8845184.02683 8.68003242261e-24
8905282.93585 8.56833159499e-24
8965381.84486 8.45663076737e-24
9025480.75388 8.34492993975e-24
9085579.66289 8.23322911213e-24
9145678.57191 8.12152828451e-24
9205777.48092 8.00982745689e-24
9265876.38994 7.89812662927e-24
9325975.29895 7.78642580165e-24
9386074.20797 7.67472497403e-24
9446173.11698 7.56302414641e-24
9506272.026 7.45965535142e-24
9566370.93501 7.37371433136e-24
9626469.84403 7.28777331131e-24
9686568.75304 7.20183229125e-24
9746667.66205 7.11589127119e-24
9806766.57107 7.02995025114e-24
9866865.48008 6.94400923108e-24
9926964.3891 6.85806821102e-24
9987063.29811 6.77212719097e-24
10047162.2071 6.68618617091e-24
10107261.1161 6.60024515085e-24
10167360.0252 6.5143041308e-24
10227458.9342 6.42836311074e-24
10287557.8432 6.34242209068e-24
10347656.7522 6.25648107062e-24
10407755.6612 6.17054005057e-24
10467854.5702 6.08459903051e-24
10527953.4792 5.99865801045e-24
10588052.3883 5.9127169904e-24
10648151.2973 5.82802352309e-24
10708250.2063 5.76207827701e-24
10768349.1153 5.69613303092e-24
10828448.0243 5.63018778484e-24
10888546.9333 5.56424253875e-24
10948645.8423 5.49829729267e-24
11008744.7514 5.43235204658e-24
11068843.6604 5.3664068005e-24
11128942.5694 5.30046155441e-24
11189041.4784 5.23451630833e-24
11249140.3874 5.16857106224e-24
11309239.2964 5.10262581616e-24
11369338.2055 5.03668057007e-24
11429437.1145 4.97073532399e-24
11489536.0235 4.9047900779e-24
11549634.9325 4.83884483182e-24
11609733.8415 4.77289958573e-24
11669832.7505 4.70695433965e-24
11729931.6595 4.64100909356e-24
11790030.5686 4.57506384748e-24
11850129.4776 4.50911860139e-24
11910228.3866 4.44317335531e-24
11970327.2956 4.38512187152e-24
12030426.2046 4.33667453668e-24
12090525.1136 4.28822720185e-24
12150624.0226 4.23977986702e-24
12210722.9317 4.19133253218e-24
12270821.8407 4.14288519735e-24
12330920.7497 4.09443786251e-24
12391019.6587 4.04599052768e-24
12451118.5677 3.99754319285e-24
12511217.4767 3.94909585801e-24
12571316.3857 3.90064852318e-24
12631415.2948 3.85220118835e-24
12691514.2038 3.80375385351e-24
12751613.1128 3.75530651868e-24
12811712.0218 3.70685918385e-24
12871810.9308 3.65841184901e-24
12931909.8398 3.60996451418e-24
12992008.7488 3.56151717935e-24
13052107.6579 3.51306984451e-24
13112206.5669 3.46462250968e-24
13172305.4759 3.41617517485e-24
13232404.3849 3.36772784001e-24
13292503.2939 3.31928050518e-24
13352602.2029 3.27083317035e-24
13412701.1119 3.22520378296e-24
13472800.021 3.19064562568e-24
13532898.93 3.15608746839e-24
13592997.839 3.12152931111e-24
13653096.748 3.08697115383e-24
13713195.657 3.05241299655e-24
13773294.566 3.01785483926e-24
13833393.4751 2.98329668198e-24
13893492.3841 2.9487385247e-24
13953591.2931 2.91418036742e-24
14013690.2021 2.87962221013e-24
14073789.1111 2.84506405285e-24
14133888.0201 2.81050589557e-24
14193986.9291 2.77594773829e-24
14254085.8382 2.741389581e-24
14314184.7472 2.70683142372e-24
14374283.6562 2.67227326644e-24
14434382.5652 2.63771510916e-24
14494481.4742 2.60315695187e-24
14554580.3832 2.56859879459e-24
14614679.2922 2.53404063731e-24
14674778.2013 2.49948248003e-24
14734877.1103 2.46492432274e-24
14794976.0193 2.43036616546e-24
14855074.9283 2.39580800818e-24
14915173.8373 2.3612498509e-24
14975272.7463 2.32669169361e-24
15035371.6553 2.29213353633e-24
15095470.5644 2.26807304824e-24
15155569.4734 2.24405559251e-24
15215668.3824 2.22003813679e-24
15275767.2914 2.19602068106e-24
15335866.2004 2.17200322533e-24
15395965.1094 2.1479857696e-24
15456064.0184 2.12396831387e-24
15516162.9275 2.09995085814e-24
15576261.8365 2.07593340241e-24
15636360.7455 2.05191594668e-24
15696459.6545 2.02789849095e-24
15756558.5635 2.00388103523e-24
15816657.4725 1.9798635795e-24
15876756.3816 1.95584612377e-24
15936855.2906 1.93182866804e-24
15996954.1996 1.90781121231e-24
16057053.1086 1.88379375658e-24
16117152.0176 1.85977630085e-24
16177250.9266 1.83575884512e-24
16237349.8356 1.81174138939e-24
16297448.7447 1.78772393367e-24
16357547.6537 1.76370647794e-24
16417646.5627 1.73968902221e-24
16477745.4717 1.71567156648e-24
16537844.3807 1.69165411075e-24
16597943.2897 1.66763665502e-24
16658042.1987 1.64361919929e-24
16718141.1078 1.61960174356e-24
16778240.0168 1.59558428783e-24
16838338.9258 1.5715668321e-24
16898437.8348 1.55144642957e-24
16958536.7438 1.53573481071e-24
17018635.6528 1.52002319185e-24
17078734.5618 1.504311573e-24
17138833.4709 1.48859995414e-24
17198932.3799 1.47288833529e-24
17259031.2889 1.45717671643e-24
17319130.1979 1.44146509758e-24
17379229.1069 1.42575347872e-24
17439328.0159 1.41004185986e-24
17499426.9249 1.39433024101e-24
17559525.834 1.37861862215e-24
17619624.743 1.3629070033e-24
17679723.652 1.34719538444e-24
17739822.561 1.33148376559e-24
17799921.47 1.31577214673e-24
17860020.379 1.30006052787e-24
17920119.2881 1.28434890902e-24
17980218.1971 1.26863729016e-24
18040317.1061 1.25292567131e-24
18100416.0151 1.23721405245e-24
18160514.9241 1.2215024336e-24
18220613.8331 1.20579081474e-24
18280712.7421 1.19007919589e-24
18340811.6512 1.17436757703e-24
18400910.5602 1.15865595817e-24
18461009.4692 1.14294433932e-24
18521108.3782 1.12723272046e-24
18581207.2872 1.11152110161e-24
18641306.1962 1.09580948275e-24
18701405.1052 1.0800978639e-24
18761504.0143 1.06438624504e-24
18821602.9233 1.04867462618e-24
18881701.8323 1.03296300733e-24
18941800.7413 1.01854587905e-24
19001899.6503 1.00878189411e-24
19061998.5593 9.99017909172e-25
19122097.4683 9.8925392423e-25
19182196.3774 9.79489939289e-25
19242295.2864 9.69725954348e-25
19302394.1954 9.59961969407e-25
19362493.1044 9.50197984466e-25
19422592.0134 9.40433999524e-25
19482690.9224 9.30670014583e-25
19542789.8314 9.20906029642e-25
19602888.7405 9.11142044701e-25
19662987.6495 9.0137805976e-25
19723086.5585 8.91614074818e-25
19783185.4675 8.81850089877e-25
19843284.3765 8.72086104936e-25
19903383.2855 8.62322119995e-25
19963482.1945 8.52558135054e-25
20023581.1036 8.42794150112e-25
20083680.0126 8.33030165171e-25
20143778.9216 8.2326618023e-25
20203877.8306 8.13502195289e-25
20263976.7396 8.03738210348e-25
20324075.6486 7.93974225406e-25
20384174.5577 7.84210240465e-25
20444273.4667 7.74446255524e-25
20504372.3757 7.64682270583e-25
20564471.2847 7.54918285642e-25
20624570.1937 7.451543007e-25
20684669.1027 7.35390315759e-25
20744768.0117 7.25626330818e-25
20804866.9208 7.15862345877e-25
20864965.8298 7.06098360936e-25
20925064.7388 6.96334375994e-25
20985163.6478 6.86570391053e-25
21045262.5568 6.76806406112e-25
21105361.4658 6.67042421171e-25
21165460.3748 6.5727843623e-25
21225559.2839 6.47514451289e-25
21285658.1929 6.41067237863e-25
21345757.1019 6.35518876844e-25
21405856.0109 6.29970515825e-25
21465954.9199 6.24422154807e-25
21526053.8289 6.18873793788e-25
21586152.7379 6.13325432769e-25
21646251.647 6.0777707175e-25
21706350.556 6.02228710731e-25
21766449.465 5.96680349713e-25
21826548.374 5.91131988694e-25
21886647.283 5.85583627675e-25
21946746.192 5.80035266656e-25
22006845.101 5.74486905637e-25
22066944.0101 5.68938544619e-25
22127042.9191 5.633901836e-25
22187141.8281 5.57841822581e-25
22247240.7371 5.52293461562e-25
22307339.6461 5.46745100543e-25
22367438.5551 5.41196739524e-25
22427537.4642 5.35648378506e-25
22487636.3732 5.30100017487e-25
22547735.2822 5.24551656468e-25
22607834.1912 5.19003295449e-25
22667933.1002 5.1345493443e-25
22728032.0092 5.07906573412e-25
22788130.9182 5.02358212393e-25
22848229.8273 4.96809851374e-25
22908328.7363 4.91261490355e-25
22968427.6453 4.85713129336e-25
23028526.5543 4.80164768318e-25
23088625.4633 4.74616407299e-25
23148724.3723 4.6906804628e-25
23208823.2813 4.63519685261e-25
23268922.1904 4.57971324242e-25
23329021.0994 4.52422963224e-25
23389120.0084 4.46874602205e-25
23449218.9174 4.41326241186e-25
23509317.8264 4.35777880167e-25
23569416.7354 4.30229519148e-25
23629515.6444 4.2468115813e-25
23689614.5535 4.19132797111e-25
23749713.4625 4.13584436092e-25
23809812.3715 4.08036075073e-25
23869911.2805 4.04282886509e-25
23930010.1895 4.01427398469e-25
23990109.0985 3.98571910429e-25
24050208.0075 3.95716422389e-25
24110306.9166 3.92860934349e-25
24170405.8256 3.90005446309e-25
24230504.7346 3.87149958269e-25
24290603.6436 3.84294470229e-25
24350702.5526 3.81438982189e-25
24410801.4616 3.7858349415e-25
24470900.3706 3.7572800611e-25
24530999.2797 3.7287251807e-25
24591098.1887 3.7001703003e-25
24651197.0977 3.6716154199e-25
24711296.0067 3.6430605395e-25
24771394.9157 3.6145056591e-25
24831493.8247 3.5859507787e-25
24891592.7338 3.5573958983e-25
24951691.6428 3.5288410179e-25
25011790.5518 3.5002861375e-25
25071889.4608 3.4717312571e-25
25131988.3698 3.4431763767e-25
25192087.2788 3.4146214963e-25
25252186.1878 3.3860666159e-25
25312285.0969 3.3575117355e-25
25372384.0059 3.32895685511e-25
25432482.9149 3.30040197471e-25
25492581.8239 3.27184709431e-25
25552680.7329 3.24329221391e-25
25612779.6419 3.21473733351e-25
25672878.5509 3.18618245311e-25
25732977.46 3.15762757271e-25
25793076.369 3.12907269231e-25
25853175.278 3.10051781191e-25
25913274.187 3.07196293151e-25
25973373.096 3.04340805111e-25
26033472.005 3.01485317071e-25
26093570.914 2.98629829031e-25
26153669.8231 2.95774340991e-25
26213768.7321 2.92918852951e-25
26273867.6411 2.90063364911e-25
26333966.5501 2.87207876871e-25
26394065.4591 2.84352388832e-25
26454164.3681 2.81496900792e-25
26514263.2771 2.78641412752e-25
26574362.1862 2.75785924712e-25
26634461.0952 2.72930436672e-25
26694560.0042 2.70074948632e-25
26754658.9132 2.67672111985e-25
26814757.8222 2.66404635234e-25
26874856.7312 2.65137158482e-25
26934955.6403 2.63869681731e-25
26995054.5493 2.6260220498e-25
27055153.4583 2.61334728229e-25
27115252.3673 2.60067251478e-25
27175351.2763 2.58799774727e-25
27235450.1853 2.57532297976e-25
27295549.0943 2.56264821224e-25
27355648.0034 2.54997344473e-25
27415746.9124 2.53729867722e-25
27475845.8214 2.52462390971e-25
27535944.7304 2.5119491422e-25
27596043.6394 2.49927437469e-25
27656142.5484 2.48659960718e-25
27716241.4574 2.47392483967e-25
27776340.3665 2.46125007215e-25
27836439.2755 2.44857530464e-25
27896538.1845 2.43590053713e-25
27956637.0935 2.42322576962e-25
28016736.0025 2.41055100211e-25
28076834.9115 2.3978762346e-25
28136933.8205 2.38520146709e-25
28197032.7296 2.37252669958e-25
28257131.6386 2.35985193206e-25
28317230.5476 2.34717716455e-25
28377329.4566 2.33450239704e-25
28437428.3656 2.32182762953e-25
28497527.2746 2.30915286202e-25
28557626.1836 2.29647809451e-25
28617725.0927 2.283803327e-25
28677824.0017 2.27112855949e-25
28737922.9107 2.25845379197e-25
28798021.8197 2.24577902446e-25
28858120.7287 2.23310425695e-25
28918219.6377 2.22042948944e-25
28978318.5468 2.20775472193e-25
29038417.4558 2.19507995442e-25
29098516.3648 2.18240518691e-25
29158615.2738 2.16973041939e-25
29218714.1828 2.15705565188e-25
29278813.0918 2.14438088437e-25
29338912.0008 2.13170611686e-25
29399010.9099 2.11903134935e-25
29459109.8189 2.10635658184e-25
29519208.7279 2.09368181433e-25
29579307.6369 2.08100704682e-25
29639406.5459 2.0683322793e-25
29699505.4549 2.05565751179e-25
29759604.3639 2.04298274428e-25
29819703.273 2.03030797677e-25
29879802.182 2.01763320926e-25
29939901.091 2.00495844175e-25
30000000.0 1.99228367424e-25
38973952.2417 1e-300
50632298.4447 1e-300
65778026.0491 1e-300
85454321.5265 1e-300
111016421.534 1e-300
144224957.031 1e-300
187367219.579 1e-300
243414702.252 1e-300
316227766.017 1e-300
