10023.7446725 2.86377076057e-21
50083.8173285 6.20023405992e-22
90143.8899845 3.53310583724e-22
130203.96264 2.48021378748e-22
170264.035296 1.91351515988e-22
210324.107952 1.5554240265e-22
250384.180608 1.30947769149e-22
290444.253264 1.13557630064e-22
330504.32592 1.00150552288e-22
370564.398576 8.95068017372e-23
410624.471232 8.07833366137e-23
450684.543888 7.34823560837e-23
490744.616544 6.75913479201e-23
530804.6892 6.25282327005e-23
570864.761856 5.79805454341e-23
610924.834512 5.4240683232e-23
650984.907168 5.08456475338e-23
691044.979824 4.78512921121e-23
731105.05248 4.51801368635e-23
771165.125136 4.27885962866e-23
811225.197792 4.0594713296e-23
851285.270448 3.87306694128e-23
891345.343104 3.68666255295e-23
931405.41576 3.53240582012e-23
971465.488416 3.37985782747e-23
1011525.56107 3.23470669238e-23
1051585.63373 3.11453938087e-23
1091645.70638 2.99437206936e-23
1131705.77904 2.87836958584e-23
1171765.8517 2.78195854021e-23
1211825.92435 2.68554749457e-23
1251885.99701 2.58913644894e-23
1291946.06966 2.50799233864e-23
1332006.14232 2.43194647517e-23
1372066.21498 2.3559006117e-23
1412126.28763 2.27985474823e-23
1452186.36029 2.21741158102e-23
1492246.43294 2.1563795798e-23
1532306.5056 2.09534757859e-23
1572366.57826 2.03431557737e-23
1612426.65091 1.98084153289e-23
1652486.72357 1.93254701526e-23
1692546.79622 1.88425249762e-23
1732606.86888 1.83595797998e-23
1772666.94154 1.78766346235e-23
1812727.01419 1.74699410833e-23
1852787.08685 1.70880590053e-23
1892847.1595 1.67061769273e-23
1932907.23216 1.63242948493e-23
1972967.30481 1.59424127713e-23
2013027.37747 1.55841555532e-23
2053087.45013 1.52749215278e-23
2093147.52278 1.49656875023e-23
2133207.59544 1.46564534769e-23
2173267.66809 1.43472194514e-23
2213327.74075 1.4037985426e-23
2253387.81341 1.374310136e-23
2293447.88606 1.34953437832e-23
2333507.95872 1.32475862065e-23
2373568.03137 1.29998286297e-23
2413628.10403 1.2752071053e-23
2453688.17669 1.25043134763e-23
2493748.24934 1.22565558995e-23
2533808.322 1.20304584834e-23
2573868.39465 1.18370770742e-23
2613928.46731 1.16436956651e-23
2653988.53997 1.1450314256e-23
2694048.61262 1.12569328469e-23
2734108.68528 1.10635514377e-23
2774168.75793 1.08701700286e-23
2814228.83059 1.06767886195e-23
2854288.90325 1.05113554713e-23
2894348.9759 1.03562987179e-23
2934409.04856 1.02012419645e-23
2974469.12121 1.0046185211e-23
3014529.19387 9.89112845763e-24
3054589.26653 9.73607170421e-24
3094649.33918 9.5810149508e-24
3134709.41184 9.42595819738e-24
3174769.48449 9.27497755525e-24
3214829.55715 9.15268942545e-24
3254889.62981 9.03040129565e-24
3294949.70246 8.90811316585e-24
3335009.77512 8.78582503604e-24
3375069.84777 8.66353690624e-24
3415129.92043 8.54124877644e-24
3455189.99309 8.41896064664e-24
3495250.06574 8.29667251684e-24
3535310.1384 8.17438438704e-24
3575370.21105 8.06403097381e-24
3615430.28371 7.96715859416e-24
3655490.35637 7.8702862145e-24
3695550.42902 7.77341383485e-24
3735610.50168 7.6765414552e-24
3775670.57433 7.57966907555e-24
3815730.64699 7.4827966959e-24
3855790.71965 7.38592431625e-24
3895850.7923 7.2890519366e-24
3935910.86496 7.19217955695e-24
3975970.93761 7.0953071773e-24
4016031.01027 7.01186224602e-24
4056091.08293 6.93607888607e-24
4096151.15558 6.86029552612e-24
4136211.22824 6.78451216618e-24
4176271.30089 6.70872880623e-24
4216331.37355 6.63294544628e-24
4256391.44621 6.55716208634e-24
4296451.51886 6.48137872639e-24
4336511.59152 6.40559536645e-24
4376571.66417 6.3298120065e-24
4416631.73683 6.25402864655e-24
4456691.80948 6.17824528661e-24
4496751.88214 6.10987095484e-24
4536811.9548 6.04945850524e-24
4576872.02745 5.98904605563e-24
4616932.10011 5.92863360603e-24
4656992.17276 5.86822115642e-24
4697052.24542 5.80780870682e-24
4737112.31808 5.74739625721e-24
4777172.39073 5.68698380761e-24
4817232.46339 5.62657135801e-24
4857292.53604 5.5661589084e-24
4897352.6087 5.5057464588e-24
4937412.68136 5.44533400919e-24
4977472.75401 5.38492155959e-24
5017532.82667 5.32450910998e-24
5057592.89932 5.27472828888e-24
5097652.97198 5.22690907857e-24
5137713.04464 5.17908986826e-24
5177773.11729 5.13127065795e-24
5217833.18995 5.08345144764e-24
5257893.2626 5.03563223734e-24
5297953.33526 4.98781302703e-24
5338013.40792 4.93999381672e-24
5378073.48057 4.89217460641e-24
5418133.55323 4.8443553961e-24
5458193.62588 4.79653618579e-24
5498253.69854 4.74871697548e-24
5538313.7712 4.70089776517e-24
5578373.84385 4.65307855486e-24
5618433.91651 4.60525934455e-24
5658493.98916 4.56302542485e-24
5698554.06182 4.52550379569e-24
5738614.13448 4.48798216653e-24
5778674.20713 4.45046053737e-24
5818734.27979 4.41293890821e-24
5858794.35244 4.37541727905e-24
5898854.4251 4.33789564989e-24
5938914.49776 4.30037402073e-24
5978974.57041 4.26285239157e-24
6019034.64307 4.22533076241e-24
6059094.71572 4.18780913325e-24
6099154.78838 4.15028750409e-24
6139214.86104 4.11276587493e-24
6179274.93369 4.07524424577e-24
6219335.00635 4.03772261661e-24
6259395.079 4.00020098745e-24
6299455.15166 3.96267935829e-24
6339515.22432 3.92826011097e-24
6379575.29697 3.89904613149e-24
6419635.36963 3.86983215202e-24
6459695.44228 3.84061817255e-24
6499755.51494 3.81140419308e-24
6539815.5876 3.7821902136e-24
6579875.66025 3.75297623413e-24
6619935.73291 3.72376225466e-24
6659995.80556 3.69454827519e-24
6700055.87822 3.66533429572e-24
6740115.95087 3.63612031624e-24
6780176.02353 3.60690633677e-24
6820236.09619 3.5776923573e-24
6860296.16884 3.54847837783e-24
6900356.2415 3.51926439835e-24
6940416.31415 3.49005041888e-24
6980476.38681 3.46083643941e-24
7020536.45947 3.43162245994e-24
7060596.53212 3.40240848047e-24
7100656.60478 3.37392049032e-24
7140716.67743 3.35133316317e-24
7180776.75009 3.32874583602e-24
7220836.82275 3.30615850888e-24
7260896.8954 3.28357118173e-24
7300956.96806 3.26098385459e-24
7341017.04071 3.23839652744e-24
7381077.11337 3.21580920029e-24
7421137.18603 3.19322187315e-24
7461197.25868 3.170634546e-24
7501257.33134 3.14804721886e-24
7541317.40399 3.12545989171e-24
7581377.47665 3.10287256456e-24
7621437.54931 3.08028523742e-24
7661497.62196 3.05769791027e-24
7701557.69462 3.03511058313e-24
7741617.76727 3.01252325598e-24
7781677.83993 2.98993592883e-24
7821737.91259 2.96734860169e-24
7861797.98524 2.94476127454e-24
7901858.0579 2.9221739474e-24
7941918.13055 2.89958662025e-24
7981978.20321 2.87940725447e-24
8022038.27587 2.86168325569e-24
8062098.34852 2.8439592569e-24
8102158.42118 2.82623525812e-24
8142218.49383 2.80851125934e-24
8182278.56649 2.79078726056e-24
8222338.63915 2.77306326177e-24
8262398.7118 2.75533926299e-24
8302458.78446 2.73761526421e-24
8342518.85711 2.71989126543e-24
8382578.92977 2.70216726664e-24
8422639.00243 2.68444326786e-24
8462699.07508 2.66671926908e-24
8502759.14774 2.6489952703e-24
8542819.22039 2.63127127151e-24
8582879.29305 2.61354727273e-24
8622939.36571 2.59582327395e-24
8662999.43836 2.57809927517e-24
8703059.51102 2.56037527638e-24
8743119.58367 2.5426512776e-24
8783179.65633 2.52492727882e-24
8823239.72899 2.50720328003e-24
8863299.80164 2.48947928125e-24
8903359.8743 2.47175528247e-24
8943419.94695 2.4549708572e-24
8983480.01961 2.44110805884e-24
9023540.09227 2.42724526048e-24
9063600.16492 2.41338246213e-24
9103660.23758 2.39951966377e-24
9143720.31023 2.38565686541e-24
9183780.38289 2.37179406706e-24
9223840.45554 2.3579312687e-24
9263900.5282 2.34406847035e-24
9303960.60086 2.33020567199e-24
9344020.67351 2.31634287363e-24
9384080.74617 2.30248007528e-24
9424140.81882 2.28861727692e-24
9464200.89148 2.27475447856e-24
9504260.96414 2.26089168021e-24
9544321.03679 2.24702888185e-24
9584381.10945 2.23316608349e-24
9624441.1821 2.21930328514e-24
9664501.25476 2.20544048678e-24
9704561.32742 2.19157768842e-24
9744621.40007 2.17771489007e-24
9784681.47273 2.16385209171e-24
9824741.54538 2.14998929336e-24
9864801.61804 2.136126495e-24
9904861.6907 2.12226369664e-24
9944921.76335 2.10840089829e-24
9984981.83601 2.09453809993e-24
10025041.9087 2.08078347006e-24
10065101.9813 2.07026103302e-24
10105162.054 2.05973859599e-24
10145222.1266 2.04921615895e-24
10185282.1993 2.03869372192e-24
10225342.2719 2.02817128488e-24
10265402.3446 2.01764884784e-24
10305462.4173 2.00712641081e-24
10345522.4899 1.99660397377e-24
10385582.5626 1.98608153674e-24
10425642.6352 1.9755590997e-24
10465702.7079 1.96503666267e-24
10505762.7805 1.95451422563e-24
10545822.8532 1.94399178859e-24
10585882.9258 1.93346935156e-24
10625942.9985 1.92294691452e-24
10666003.0712 1.91242447749e-24
10706063.1438 1.90190204045e-24
10746123.2165 1.89137960342e-24
10786183.2891 1.88085716638e-24
10826243.3618 1.87033472934e-24
10866303.4344 1.85981229231e-24
10906363.5071 1.84928985527e-24
10946423.5798 1.83876741824e-24
10986483.6524 1.8282449812e-24
11026543.7251 1.81772254417e-24
11066603.7977 1.80720010713e-24
11106663.8704 1.7966776701e-24
11146723.943 1.78615523306e-24
11186784.0157 1.77563279602e-24
11226844.0883 1.76511035899e-24
11266904.161 1.75584814051e-24
11306964.2337 1.74784016253e-24
11347024.3063 1.73983218456e-24
11387084.379 1.73182420658e-24
11427144.4516 1.7238162286e-24
11467204.5243 1.71580825062e-24
11507264.5969 1.70780027265e-24
11547324.6696 1.69979229467e-24
11587384.7422 1.69178431669e-24
11627444.8149 1.68377633872e-24
11667504.8876 1.67576836074e-24
11707564.9602 1.66776038276e-24
11747625.0329 1.65975240478e-24
11787685.1055 1.65174442681e-24
11827745.1782 1.64373644883e-24
11867805.2508 1.63572847085e-24
11907865.3235 1.62772049287e-24
11947925.3962 1.6197125149e-24
11987985.4688 1.61170453692e-24
12028045.5415 1.60369655894e-24
12068105.6141 1.59568858097e-24
12108165.6868 1.58768060299e-24
12148225.7594 1.57967262501e-24
12188285.8321 1.57166464703e-24
12228345.9047 1.56365666906e-24
12268405.9774 1.55564869108e-24
12308466.0501 1.5476407131e-24
12348526.1227 1.53963273513e-24
12388586.1954 1.53162475715e-24
12428646.268 1.52361677917e-24
12468706.3407 1.51560880119e-24
12508766.4133 1.50760082322e-24
12548826.486 1.49959284524e-24
12588886.5586 1.49158486726e-24
12628946.6313 1.48402635785e-24
12669006.704 1.47785574906e-24
12709066.7766 1.47168514026e-24
12749126.8493 1.46551453147e-24
12789186.9219 1.45934392268e-24
12829246.9946 1.45317331388e-24
12869307.0672 1.44700270509e-24
12909367.1399 1.4408320963e-24
12949427.2125 1.4346614875e-24
12989487.2852 1.42849087871e-24
13029547.3579 1.42232026991e-24
13069607.4305 1.41614966112e-24
13109667.5032 1.40997905233e-24
13149727.5758 1.40380844353e-24
13189787.6485 1.39763783474e-24
13229847.7211 1.39146722595e-24
13269907.7938 1.38529661715e-24
13309967.8665 1.37912600836e-24
13350027.9391 1.37295539957e-24
13390088.0118 1.36678479077e-24
13430148.0844 1.36061418198e-24
13470208.1571 1.35444357318e-24
13510268.2297 1.34827296439e-24
13550328.3024 1.3421023556e-24
13590388.375 1.3359317468e-24
13630448.4477 1.32976113801e-24
13670508.5204 1.32359052922e-24
13710568.593 1.31741992042e-24
13750628.6657 1.31124931163e-24
13790688.7383 1.30507870284e-24
13830748.811 1.29890809404e-24
13870808.8836 1.29273748525e-24
13910868.9563 1.28656687646e-24
13950929.0289 1.28039626766e-24
13990989.1016 1.27422565887e-24
14031049.1743 1.26805505007e-24
14071109.2469 1.26188444128e-24
14111169.3196 1.25571383249e-24
14151229.3922 1.24954322369e-24
14191289.4649 1.24451395196e-24
14231349.5375 1.23975566046e-24
14271409.6102 1.23499736895e-24
14311469.6829 1.23023907745e-24
14351529.7555 1.22548078595e-24
14391589.8282 1.22072249445e-24
14431649.9008 1.21596420295e-24
14471709.9735 1.21120591145e-24
14511770.0461 1.20644761995e-24
14551830.1188 1.20168932845e-24
14591890.1914 1.19693103695e-24
14631950.2641 1.19217274545e-24
14672010.3368 1.18741445395e-24
14712070.4094 1.18265616245e-24
14752130.4821 1.17789787095e-24
14792190.5547 1.17313957945e-24
14832250.6274 1.16838128795e-24
14872310.7 1.16362299644e-24
14912370.7727 1.15886470494e-24
14952430.8453 1.15410641344e-24
14992490.918 1.14934812194e-24
15032550.9907 1.14458983044e-24
15072611.0633 1.13983153894e-24
15112671.136 1.13507324744e-24
15152731.2086 1.13031495594e-24
15192791.2813 1.12555666444e-24
15232851.3539 1.12079837294e-24
15272911.4266 1.11604008144e-24
15312971.4993 1.11128178994e-24
15353031.5719 1.10652349844e-24
15393091.6446 1.10176520694e-24
15433151.7172 1.09700691544e-24
15473211.7899 1.09224862394e-24
15513271.8625 1.08749033243e-24
15553331.9352 1.08273204093e-24
15593392.0078 1.07797374943e-24
15633452.0805 1.07321545793e-24
15673512.1532 1.06845716643e-24
15713572.2258 1.06369887493e-24
15753632.2985 1.05894058343e-24
15793692.3711 1.05418229193e-24
15833752.4438 1.04942400043e-24
15873812.5164 1.04466570893e-24
15913872.5891 1.04066320393e-24
15953932.6617 1.03701363438e-24
15993992.7344 1.03336406483e-24
16034052.8071 1.02971449527e-24
16074112.8797 1.02606492572e-24
16114172.9524 1.02241535617e-24
16154233.025 1.01876578662e-24
16194293.0977 1.01511621707e-24
16234353.1703 1.01146664752e-24
16274413.243 1.00781707796e-24
16314473.3157 1.00416750841e-24
16354533.3883 1.00051793886e-24
16394593.461 9.9686836931e-25
16434653.5336 9.93218799758e-25
16474713.6063 9.89569230207e-25
16514773.6789 9.85919660655e-25
16554833.7516 9.82270091103e-25
16594893.8242 9.78620521552e-25
16634953.8969 9.74970952e-25
16675013.9696 9.71321382449e-25
16715074.0422 9.67671812897e-25
16755134.1149 9.64022243345e-25
16795194.1875 9.60372673794e-25
16835254.2602 9.56723104242e-25
16875314.3328 9.53073534691e-25
16915374.4055 9.49423965139e-25
16955434.4781 9.45774395587e-25
16995494.5508 9.42124826036e-25
17035554.6235 9.38475256484e-25
17075614.6961 9.34825686933e-25
17115674.7688 9.31176117381e-25
17155734.8414 9.27526547829e-25
17195794.9141 9.23876978278e-25
17235854.9867 9.20227408726e-25
17275915.0594 9.16577839175e-25
17315975.1321 9.12928269623e-25
17356035.2047 9.09278700071e-25
17396095.2774 9.0562913052e-25
17436155.35 9.01979560968e-25
17476215.4227 8.98329991417e-25
17516275.4953 8.94680421865e-25
17556335.568 8.91030852313e-25
17596395.6406 8.87381282762e-25
17636455.7133 8.8373171321e-25
17676515.786 8.80082143659e-25
17716575.8586 8.76432574107e-25
17756635.9313 8.72783004555e-25
17796696.0039 8.69133435004e-25
17836756.0766 8.65837488619e-25
17876816.1492 8.63394853626e-25
17916876.2219 8.60952218633e-25
17956936.2945 8.5850958364e-25
17996996.3672 8.56066948647e-25
18037056.4399 8.53624313653e-25
18077116.5125 8.5118167866e-25
18117176.5852 8.48739043667e-25
18157236.6578 8.46296408674e-25
18197296.7305 8.4385377368e-25
18237356.8031 8.41411138687e-25
18277416.8758 8.38968503694e-25
18317476.9484 8.36525868701e-25
18357537.0211 8.34083233708e-25
18397597.0938 8.31640598714e-25
18437657.1664 8.29197963721e-25
18477717.2391 8.26755328728e-25
18517777.3117 8.24312693735e-25
18557837.3844 8.21870058741e-25
18597897.457 8.19427423748e-25
18637957.5297 8.16984788755e-25
18678017.6024 8.14542153762e-25
18718077.675 8.12099518769e-25
18758137.7477 8.09656883775e-25
18798197.8203 8.07214248782e-25
18838257.893 8.04771613789e-25
18878317.9656 8.02328978796e-25
18918378.0383 7.99886343802e-25
18958438.1109 7.97443708809e-25
18998498.1836 7.95001073816e-25
19038558.2563 7.92558438823e-25
19078618.3289 7.9011580383e-25
19118678.4016 7.87673168836e-25
19158738.4742 7.85230533843e-25
19198798.5469 7.8278789885e-25
19238858.6195 7.80345263857e-25
19278918.6922 7.77902628863e-25
19318978.7648 7.7545999387e-25
19359038.8375 7.73017358877e-25
19399098.9102 7.70574723884e-25
19439158.9828 7.68132088891e-25
19479219.0555 7.65689453897e-25
19519279.1281 7.63246818904e-25
19559339.2008 7.60804183911e-25
19599399.2734 7.58361548918e-25
19639459.3461 7.55918913924e-25
19679519.4188 7.53476278931e-25
19719579.4914 7.51033643938e-25
19759639.5641 7.48591008945e-25
19799699.6367 7.46148373952e-25
19839759.7094 7.43705738958e-25
19879819.782 7.41263103965e-25
19919879.8547 7.38820468972e-25
19959939.9273 7.36377833979e-25
20000000.0 7.33935198986e-25
27179964.4921 1e-300
36937523.4896 1e-300
50198028.8437 1e-300
68219032.0772 1e-300
92709543.4772 1e-300
125992104.989 1e-300
171223046.995 1e-300
232691816.878 1e-300
316227766.017 1e-300
