10098.1660887 1.45791855919e-20
28114.0014272 5.49080437118e-21
46129.8367657 3.4146117985e-21
64145.6721042 2.48299026218e-21
82161.5074427 1.95860577543e-21
100177.342781 1.61332593386e-21
118193.17812 1.3760071845e-21
136209.013458 1.19837872842e-21
154224.848797 1.05933092201e-21
172240.684135 9.50398907315e-22
190256.519474 8.62869991206e-22
208272.354812 7.89777665181e-22
226288.190151 7.26734620668e-22
244304.025489 6.75997808062e-22
262319.860828 6.30009725911e-22
280335.696166 5.891457842e-22
298351.531505 5.54065861768e-22
316367.366843 5.2078229469e-22
334383.202182 4.93825515599e-22
352399.03752 4.68114948354e-22
370414.872859 4.4563217722e-22
388430.708197 4.24720209652e-22
406446.543536 4.04867538468e-22
424462.378874 3.88262222124e-22
442478.214213 3.7165690578e-22
460494.049551 3.56822036945e-22
478509.88489 3.43600727588e-22
496525.720228 3.30379418231e-22
514541.555567 3.18433247509e-22
532557.390905 3.0793563975e-22
550573.226244 2.9743803199e-22
568589.061582 2.87024045013e-22
586604.896921 2.78597363131e-22
604620.732259 2.70170681249e-22
622636.567598 2.61743999367e-22
640652.402936 2.53655008837e-22
658668.238275 2.46965958917e-22
676684.073613 2.40276908996e-22
694699.908952 2.33587859075e-22
712715.74429 2.26898809154e-22
730731.579629 2.21373005586e-22
748747.414967 2.16007309538e-22
766763.250306 2.10641613489e-22
784779.085644 2.05275917441e-22
802794.920983 1.99952869142e-22
820810.756321 1.95735524033e-22
838826.59166 1.91518178925e-22
856842.426998 1.87300833817e-22
874858.262337 1.83083488709e-22
892874.097675 1.788661436e-22
910889.933014 1.75183239427e-22
928905.768352 1.71850050343e-22
946921.603691 1.6851686126e-22
964937.439029 1.65183672176e-22
982953.274368 1.61850483092e-22
1000969.10971 1.58517294009e-22
1018984.94504 1.55489187204e-22
1037000.78038 1.52755486621e-22
1055016.61572 1.50021786038e-22
1073032.45106 1.47288085455e-22
1091048.2864 1.44554384872e-22
1109064.12174 1.41820684289e-22
1127079.95708 1.39086983706e-22
1145095.79241 1.36756434729e-22
1163111.62775 1.34624836445e-22
1181127.46309 1.32493238161e-22
1199143.29843 1.30361639878e-22
1217159.13377 1.28230041594e-22
1235174.96911 1.2609844331e-22
1253190.80445 1.23966845026e-22
1271206.63978 1.21835246743e-22
1289222.47512 1.20138376653e-22
1307238.31046 1.18443376234e-22
1325254.1458 1.16748375815e-22
1343269.98114 1.15053375396e-22
1361285.81648 1.13358374977e-22
1379301.65181 1.11663374558e-22
1397317.48715 1.09968374139e-22
1415333.32249 1.0827337372e-22
1433349.15783 1.06707272261e-22
1451364.99317 1.05346631419e-22
1469380.82851 1.03985990578e-22
1487396.66385 1.02625349736e-22
1505412.49918 1.01264708895e-22
1523428.33452 9.99040680532e-23
1541444.16986 9.85434272117e-23
1559460.0052 9.71827863702e-23
1577475.84054 9.58221455287e-23
1595491.67588 9.44615046871e-23
1613507.51122 9.33040593177e-23
1631523.34655 9.2223804838e-23
1649539.18189 9.11435503582e-23
1667555.01723 9.00632958785e-23
1685570.85257 8.89830413988e-23
1703586.68791 8.79027869191e-23
1721602.52325 8.68225324393e-23
1739618.35858 8.57422779596e-23
1757634.19392 8.46620234799e-23
1775650.02926 8.35817690002e-23
1793665.8646 8.25015145204e-23
1811681.69994 8.16109144174e-23
1829697.53528 8.07449371359e-23
1847713.37062 7.98789598544e-23
1865729.20595 7.9012982573e-23
1883745.04129 7.81470052915e-23
1901760.87663 7.728102801e-23
1919776.71197 7.64150507286e-23
1937792.54731 7.55490734471e-23
1955808.38265 7.46830961656e-23
1973824.21799 7.38171188842e-23
1991840.05332 7.29511416027e-23
2009855.88866 7.20851643212e-23
2027871.724 7.13539811978e-23
2045887.55934 7.06744805676e-23
2063903.39468 6.99949799375e-23
2081919.23002 6.93154793074e-23
2099935.06535 6.86359786773e-23
2117950.90069 6.79564780471e-23
2135966.73603 6.7276977417e-23
2153982.57137 6.65974767869e-23
2171998.40671 6.59179761567e-23
2190014.24205 6.52384755266e-23
2208030.07739 6.45589748965e-23
2226045.91272 6.38794742664e-23
2244061.74806 6.31999736362e-23
2262077.5834 6.25309779313e-23
2280093.41874 6.19886389787e-23
2298109.25408 6.14463000261e-23
2316125.08942 6.09039610735e-23
2334140.92476 6.03616221209e-23
2352156.76009 5.98192831683e-23
2370172.59543 5.92769442157e-23
2388188.43077 5.87346052631e-23
2406204.26611 5.81922663106e-23
2424220.10145 5.7649927358e-23
2442235.93679 5.71075884054e-23
2460251.77212 5.65652494528e-23
2478267.60746 5.60229105002e-23
2496283.4428 5.54805715476e-23
2514299.27814 5.4938232595e-23
2532315.11348 5.43958936424e-23
2550330.94882 5.39413536344e-23
2568346.78416 5.35137496074e-23
2586362.61949 5.30861455804e-23
2604378.45483 5.26585415533e-23
2622394.29017 5.22309375263e-23
2640410.12551 5.18033334992e-23
2658425.96085 5.13757294722e-23
2676441.79619 5.09481254452e-23
2694457.63153 5.05205214181e-23
2712473.46686 5.00929173911e-23
2730489.3022 4.96653133641e-23
2748505.13754 4.9237709337e-23
2766520.97288 4.881010531e-23
2784536.80822 4.83825012829e-23
2802552.64356 4.79548972559e-23
2820568.47889 4.75272932289e-23
2838584.31423 4.70996892018e-23
2856600.14957 4.67264465747e-23
2874615.98491 4.63916712036e-23
2892631.82025 4.60568958325e-23
2910647.65559 4.57221204614e-23
2928663.49093 4.53873450903e-23
2946679.32626 4.50525697192e-23
2964695.1616 4.47177943481e-23
2982710.99694 4.4383018977e-23
3000726.83228 4.40482436059e-23
3018742.66762 4.37134682348e-23
3036758.50296 4.33786928636e-23
3054774.3383 4.30439174925e-23
3072790.17363 4.27091421214e-23
3090806.00897 4.23743667503e-23
3108821.84431 4.20395913792e-23
3126837.67965 4.17048160081e-23
3144853.51499 4.1370040637e-23
3162869.35033 4.10352652659e-23
3180885.18566 4.07004898948e-23
3198901.021 4.03872975495e-23
3216916.85634 4.01221996252e-23
3234932.69168 3.9857101701e-23
3252948.52702 3.95920037767e-23
3270964.36236 3.93269058524e-23
3288980.1977 3.90618079282e-23
3306996.03303 3.87967100039e-23
3325011.86837 3.85316120797e-23
3343027.70371 3.82665141554e-23
3361043.53905 3.80014162311e-23
3379059.37439 3.77363183069e-23
3397075.20973 3.74712203826e-23
3415091.04507 3.72061224584e-23
3433106.8804 3.69410245341e-23
3451122.71574 3.66759266098e-23
3469138.55108 3.64108286856e-23
3487154.38642 3.61457307613e-23
3505170.22176 3.5880632837e-23
3523186.0571 3.56155349128e-23
3541201.89243 3.53504369885e-23
3559217.72777 3.50853390643e-23
3577233.56311 3.482024114e-23
3595249.39845 3.45959374819e-23
3613265.23379 3.43906646248e-23
3631281.06913 3.41853917678e-23
3649296.90447 3.39801189107e-23
3667312.7398 3.37748460536e-23
3685328.57514 3.35695731965e-23
3703344.41048 3.33643003394e-23
3721360.24582 3.31590274824e-23
3739376.08116 3.29537546253e-23
3757391.9165 3.27484817682e-23
3775407.75184 3.25432089111e-23
3793423.58717 3.23379360541e-23
3811439.42251 3.2132663197e-23
3829455.25785 3.19273903399e-23
3847471.09319 3.17221174828e-23
3865486.92853 3.15168446257e-23
3883502.76387 3.13115717687e-23
3901518.5992 3.11062989116e-23
3919534.43454 3.09010260545e-23
3937550.26988 3.06957531974e-23
3955566.10522 3.04904803404e-23
3973581.94056 3.02852074833e-23
3991597.7759 3.00799346262e-23
4009613.61124 2.98746617691e-23
4027629.44657 2.96872338833e-23
4045645.28191 2.95249578196e-23
4063661.11725 2.93626817559e-23
4081676.95259 2.92004056921e-23
4099692.78793 2.90381296284e-23
4117708.62327 2.88758535647e-23
4135724.45861 2.8713577501e-23
4153740.29394 2.85513014372e-23
4171756.12928 2.83890253735e-23
4189771.96462 2.82267493098e-23
4207787.79996 2.80644732461e-23
4225803.6353 2.79021971824e-23
4243819.47064 2.77399211186e-23
4261835.30597 2.75776450549e-23
4279851.14131 2.74153689912e-23
4297866.97665 2.72530929275e-23
4315882.81199 2.70908168638e-23
4333898.64733 2.69285408e-23
4351914.48267 2.67662647363e-23
4369930.31801 2.66039886726e-23
4387946.15334 2.64417126089e-23
4405961.98868 2.62794365451e-23
4423977.82402 2.61171604814e-23
4441993.65936 2.59548844177e-23
4460009.4947 2.5792608354e-23
4478025.33004 2.56303322903e-23
4496041.16538 2.54680562265e-23
4514057.00071 2.53131147399e-23
4532072.83605 2.51900268514e-23
4550088.67139 2.5066938963e-23
4568104.50673 2.49438510745e-23
4586120.34207 2.48207631861e-23
4604136.17741 2.46976752976e-23
4622152.01274 2.45745874092e-23
4640167.84808 2.44514995207e-23
4658183.68342 2.43284116323e-23
4676199.51876 2.42053237438e-23
4694215.3541 2.40822358554e-23
4712231.18944 2.39591479669e-23
4730247.02478 2.38360600785e-23
4748262.86011 2.371297219e-23
4766278.69545 2.35898843016e-23
4784294.53079 2.34667964132e-23
4802310.36613 2.33437085247e-23
4820326.20147 2.32206206363e-23
4838342.03681 2.30975327478e-23
4856357.87215 2.29744448594e-23
4874373.70748 2.28513569709e-23
4892389.54282 2.27282690825e-23
4910405.37816 2.2605181194e-23
4928421.2135 2.24820933056e-23
4946437.04884 2.23590054171e-23
4964452.88418 2.22359175287e-23
4982468.71951 2.21128296402e-23
5000484.55485 2.19897417518e-23
5018500.39019 2.18666538633e-23
5036516.22553 2.17435659749e-23
5054532.06087 2.16204780864e-23
5072547.89621 2.1515685598e-23
5090563.73155 2.14213191969e-23
5108579.56688 2.13269527959e-23
5126595.40222 2.12325863949e-23
5144611.23756 2.11382199939e-23
5162627.0729 2.10438535929e-23
5180642.90824 2.09494871918e-23
5198658.74358 2.08551207908e-23
5216674.57892 2.07607543898e-23
5234690.41425 2.06663879888e-23
5252706.24959 2.05720215877e-23
5270722.08493 2.04776551867e-23
5288737.92027 2.03832887857e-23
5306753.75561 2.02889223847e-23
5324769.59095 2.01945559837e-23
5342785.42628 2.01001895826e-23
5360801.26162 2.00058231816e-23
5378817.09696 1.99114567806e-23
5396832.9323 1.98170903796e-23
5414848.76764 1.97227239785e-23
5432864.60298 1.96283575775e-23
5450880.43832 1.95339911765e-23
5468896.27365 1.94396247755e-23
5486912.10899 1.93452583745e-23
5504927.94433 1.92508919734e-23
5522943.77967 1.91565255724e-23
5540959.61501 1.90621591714e-23
5558975.45035 1.89677927704e-23
5576991.28569 1.88734263693e-23
5595007.12102 1.87790599683e-23
5613022.95636 1.86846935673e-23
5631038.7917 1.85903271663e-23
5649054.62704 1.84959607652e-23
5667070.46238 1.84015943642e-23
5685086.29772 1.83148113716e-23
5703102.13305 1.82415604679e-23
5721117.96839 1.81683095643e-23
5739133.80373 1.80950586606e-23
5757149.63907 1.8021807757e-23
5775165.47441 1.79485568533e-23
5793181.30975 1.78753059497e-23
5811197.14509 1.7802055046e-23
5829212.98042 1.77288041424e-23
5847228.81576 1.76555532387e-23
5865244.6511 1.75823023351e-23
5883260.48644 1.75090514314e-23
5901276.32178 1.74358005278e-23
5919292.15712 1.73625496241e-23
5937307.99246 1.72892987205e-23
5955323.82779 1.72160478168e-23
5973339.66313 1.71427969132e-23
5991355.49847 1.70695460095e-23
6009371.33381 1.69962951059e-23
6027387.16915 1.69230442022e-23
6045403.00449 1.68497932986e-23
6063418.83982 1.67765423949e-23
6081434.67516 1.67032914913e-23
6099450.5105 1.66300405876e-23
6117466.34584 1.6556789684e-23
6135482.18118 1.64835387803e-23
6153498.01652 1.64102878767e-23
6171513.85186 1.6337036973e-23
6189529.68719 1.62637860694e-23
6207545.52253 1.61905351657e-23
6225561.35787 1.61172842621e-23
6243577.19321 1.60440333584e-23
6261593.02855 1.59707824548e-23
6279608.86389 1.58975315512e-23
6297624.69923 1.58242806475e-23
6315640.53456 1.57510297439e-23
6333656.3699 1.56777788402e-23
6351672.20524 1.56045279366e-23
6369688.04058 1.55312770329e-23
6387703.87592 1.54747206464e-23
6405719.71126 1.54200449083e-23
6423735.54659 1.53653691702e-23
6441751.38193 1.53106934321e-23
6459767.21727 1.5256017694e-23
6477783.05261 1.52013419559e-23
6495798.88795 1.51466662178e-23
6513814.72329 1.50919904797e-23
6531830.55863 1.50373147416e-23
6549846.39396 1.49826390035e-23
6567862.2293 1.49279632654e-23
6585878.06464 1.48732875273e-23
6603893.89998 1.48186117892e-23
6621909.73532 1.47639360511e-23
6639925.57066 1.4709260313e-23
6657941.406 1.46545845749e-23
6675957.24133 1.45999088368e-23
6693973.07667 1.45452330987e-23
6711988.91201 1.44905573606e-23
6730004.74735 1.44358816225e-23
6748020.58269 1.43812058844e-23
6766036.41803 1.43265301463e-23
6784052.25336 1.42718544082e-23
6802068.0887 1.42171786701e-23
6820083.92404 1.4162502932e-23
6838099.75938 1.41078271939e-23
6856115.59472 1.40531514558e-23
6874131.43006 1.39984757177e-23
6892147.2654 1.39437999796e-23
6910163.10073 1.38891242415e-23
6928178.93607 1.38344485034e-23
6946194.77141 1.37797727653e-23
6964210.60675 1.37250970272e-23
6982226.44209 1.36704212891e-23
7000242.27743 1.3615745551e-23
7018258.11277 1.35610698129e-23
7036273.9481 1.35063940748e-23
7054289.78344 1.34517183367e-23
7072305.61878 1.33970425986e-23
7090321.45412 1.33423668605e-23
7108337.28946 1.32876911224e-23
7126353.1248 1.32330153843e-23
7144368.96013 1.31783396462e-23
7162384.79547 1.31342231824e-23
7180400.63081 1.30937115898e-23
7198416.46615 1.30531999973e-23
7216432.30149 1.30126884047e-23
7234448.13683 1.29721768122e-23
7252463.97217 1.29316652196e-23
7270479.8075 1.2891153627e-23
7288495.64284 1.28506420345e-23
7306511.47818 1.28101304419e-23
7324527.31352 1.27696188493e-23
7342543.14886 1.27291072568e-23
7360558.9842 1.26885956642e-23
7378574.81954 1.26480840717e-23
7396590.65487 1.26075724791e-23
7414606.49021 1.25670608865e-23
7432622.32555 1.2526549294e-23
7450638.16089 1.24860377014e-23
7468653.99623 1.24455261088e-23
7486669.83157 1.24050145163e-23
7504685.6669 1.23645029237e-23
7522701.50224 1.23239913311e-23
7540717.33758 1.22834797386e-23
7558733.17292 1.2242968146e-23
7576749.00826 1.22024565535e-23
7594764.8436 1.21619449609e-23
7612780.67894 1.21214333683e-23
7630796.51427 1.20809217758e-23
7648812.34961 1.20404101832e-23
7666828.18495 1.19998985906e-23
7684844.02029 1.19593869981e-23
7702859.85563 1.19188754055e-23
7720875.69097 1.1878363813e-23
7738891.52631 1.18378522204e-23
7756907.36164 1.17973406278e-23
7774923.19698 1.17568290353e-23
7792939.03232 1.17163174427e-23
7810954.86766 1.16758058501e-23
7828970.703 1.16352942576e-23
7846986.53834 1.1594782665e-23
7865002.37367 1.15542710724e-23
7883018.20901 1.15137594799e-23
7901034.04435 1.14732478873e-23
7919049.87969 1.14327362948e-23
7937065.71503 1.13922247022e-23
7955081.55037 1.13517131096e-23
7973097.38571 1.13112015171e-23
7991113.22104 1.12706899245e-23
8009129.05638 1.12301783319e-23
8027144.89172 1.11937468591e-23
8045160.72706 1.11657227222e-23
8063176.5624 1.11376985853e-23
8081192.39774 1.11096744485e-23
8099208.23308 1.10816503116e-23
8117224.06841 1.10536261747e-23
8135239.90375 1.10256020378e-23
8153255.73909 1.09975779009e-23
8171271.57443 1.0969553764e-23
8189287.40977 1.09415296272e-23
8207303.24511 1.09135054903e-23
8225319.08044 1.08854813534e-23
8243334.91578 1.08574572165e-23
8261350.75112 1.08294330796e-23
8279366.58646 1.08014089428e-23
8297382.4218 1.07733848059e-23
8315398.25714 1.0745360669e-23
8333414.09248 1.07173365321e-23
8351429.92781 1.06893123952e-23
8369445.76315 1.06612882584e-23
8387461.59849 1.06332641215e-23
8405477.43383 1.06052399846e-23
8423493.26917 1.05772158477e-23
8441509.10451 1.05491917108e-23
8459524.93985 1.0521167574e-23
8477540.77518 1.04931434371e-23
8495556.61052 1.04651193002e-23
8513572.44586 1.04370951633e-23
8531588.2812 1.04090710264e-23
8549604.11654 1.03810468895e-23
8567619.95188 1.03530227527e-23
8585635.78721 1.03249986158e-23
8603651.62255 1.02969744789e-23
8621667.45789 1.0268950342e-23
8639683.29323 1.02409262051e-23
8657699.12857 1.02129020683e-23
8675714.96391 1.01848779314e-23
8693730.79925 1.01568537945e-23
8711746.63458 1.01288296576e-23
8729762.46992 1.01008055207e-23
8747778.30526 1.00727813839e-23
8765794.1406 1.0044757247e-23
8783809.97594 1.00167331101e-23
8801825.81128 9.98870897321e-24
8819841.64662 9.96068483633e-24
8837857.48195 9.93266069945e-24
8855873.31729 9.90463656257e-24
8873889.15263 9.87661242569e-24
8891904.98797 9.84858828881e-24
8909920.82331 9.82056415193e-24
8927936.65865 9.79254001505e-24
8945952.49398 9.76451587817e-24
8963968.32932 9.73649174129e-24
8981984.16466 9.7084676044e-24
9000000.0 9.68044346752e-24
13365750.2503 1e-300
19849253.3058 1e-300
29477795.8156 1e-300
43776984.0888 1e-300
65012470.6713 1e-300
96548938.4606 1e-300
143383222.044 1e-300
212936037.324 1e-300
316227766.017 1e-300
