111936.056928 2.89531181617e-19
125594.321575 2.32308485697e-19
140919.146563 1.86939767527e-19
158113.883008 1.51813188626e-19
177406.694617 1.20679715798e-19
199053.585277 9.51811195998e-20
223341.796075 7.27616235716e-20
250593.616814 5.58013914641e-20
281170.662595 4.35242030944e-20
315478.67224 3.23213801338e-20
353972.892192 2.3923244837e-20
397164.117362 1.77291383054e-20
445625.469067 1.29966132829e-20
500000.0 9.50817783093e-21
561009.227151 6.36402024492e-21
629462.705897 4.53880695424e-21
706268.772311 3.13619305288e-21
792446.596231 1.98721899792e-21
889139.705019 1.33255933869e-21
997631.157484 8.81249639709e-22
1119360.56928 5.55020388546e-22
1255943.21575 3.37812411076e-22
1409191.46563 2.05753096564e-22
1581138.83008 1.24918439945e-22
1774066.94617 7.14407562279e-23
1990535.85277 4.22521632815e-23
2233417.96075 2.50639811873e-23
2505936.16814 1.51918962753e-23
2811706.62595 9.67781522319e-24
3154786.7224 6.31711088596e-24
3539728.92192 4.36297055896e-24
3971641.17362 3.10912970786e-24
4456254.69067 2.05637974366e-24
5000000.0 1.5763229969e-24
7926554.46867 1e-300
12566053.149 1e-300
19921100.9483 1e-300
31581138.3485 1e-300
50065922.6604 1e-300
79370052.5984 1e-300
125826209.021 1e-300
199473659.878 1e-300
316227766.017 1e-300
