100000.0 1.29485245555e-18
112201.84543 9.22813906906e-19
125892.541179 6.40343836544e-19
141253.754462 4.49602176797e-19
158489.319246 2.97239252447e-19
177827.941004 2.00990015261e-19
199526.231497 1.25640247943e-19
223872.113857 7.9197014595e-20
251188.643151 4.90085109656e-20
281838.293126 2.97720046089e-20
316227.766017 1.77419271001e-20
354813.389234 1.0046465979e-20
398107.170553 5.90427054119e-21
446683.592151 3.33886840784e-21
501187.233627 1.93324124195e-21
562341.32519 1.12016874319e-21
630957.34448 6.81871158638e-22
707945.784384 4.66393581716e-22
794328.234724 3.08457844841e-22
891250.938134 2.07756273627e-22
1000000.0 1.62912297093e-22
1895735.65241 1e-300
3593813.6638 1e-300
6812920.69058 1e-300
12915496.6501 1e-300
24484367.4682 1e-300
46415888.3361 1e-300
87992254.3569 1e-300
166810053.72 1e-300
316227766.017 1e-300
