80000.0 7.669294997413389e-21
89761.47634415704 6.605461589416157e-21
100714.0329435334 5.6812163365754166e-21
113003.00356982033 4.8791040493162746e-21
126791.45539688913 4.1828441566471885e-21
142262.35280311384 3.580048400259201e-21
159620.9851975103 3.05925544839856e-21
179097.6910854672 2.6099714870276235e-21
200950.91452076635 2.2228197335866865e-21
225470.6345011564 1.889559358789816e-21
252982.21281347034 1.6026306771727112e-21
283850.7113868603 1.356626038714881e-21
318485.7364427979 1.1457873897422468e-21
357346.8737207704 9.653430803395343e-22
400949.78690181795 8.111688494612695e-22
449873.0601522793 6.796118693970578e-22
504765.8755841544 5.671708492907325e-22
566356.6275073105 4.717762095696423e-22
635462.5877794251 3.9092761583592006e-22
713000.7505069968 3.226530264718346e-22
800000.0 2.652759147901917e-22
897614.7634415708 2.172999366570373e-22
1007140.3294353341 1.7727704607848922e-22
1130030.0356982031 1.4403225506123837e-22
1267914.5539688906 1.1648580303543572e-22
1422623.5280311385 9.374406001271669e-23
1596209.8519751038 7.50495784444717e-23
1790976.9108546718 5.975200296441578e-23
2009509.1452076635 4.7207163452971317e-23
2254706.345011563 3.7047298681371217e-23
2529822.1281347033 2.886886005435868e-23
2838507.113868604 2.2326384057265836e-23
3184857.3644279786 1.7128109567267444e-23
3573468.737207704 1.302928072759319e-23
4009497.8690181775 9.801171894617202e-24
4498730.601522793 7.29930022133849e-24
5047658.755841547 5.383123813263049e-24
5663566.275073105 3.929254657456465e-24
6354625.877794251 2.837263839991923e-24
7130007.505069965 2.0275059135146172e-24
8000000.0 1.4287961723441714e-24
8976147.634415708 9.957071595934416e-25
10071403.294353338 6.867032730723372e-25
11300300.356982036 4.688791123780194e-25
12679145.539688908 3.1703696702245923e-25
14226235.280311383 2.123306306327247e-25
15962098.519751038 1.4092616205587295e-25
17909769.108546715 9.342168279139245e-26
20095091.452076644 6.202296712443074e-26
22547063.450115632 4.137162819456998e-26
25298221.281347036 2.785419111323434e-26
28385071.13868604 1.9058985086331814e-26
31848573.644279774 1.3448355441620157e-26
35734687.372077055 9.754966914358341e-27
40094978.69018178 7.252177153722337e-27
44987306.01522793 5.493262668359737e-27
50476587.55841546 4.2278182499853375e-27
56635662.750731036 3.287829548295576e-27
63546258.777942516 2.4982059375134236e-27
71300075.05069964 1.8048417087509033e-27
80000000.0 1.3600742329085373e-27
93199444.06005707 1e-300
108576704.66379629 1e-300
126491106.40673521 1e-300
147361259.9456155 1e-300
171674843.78651142 1e-300
200000000.00000003 1e-300
232998610.1501426 1e-300
271441761.65949064 1e-300
316227766.01683795 1e-300
