0.0897614763442 2.82592289194e-20
0.100714032944 3.26694635778e-20
0.11300300357 3.7148880424e-20
0.126791455397 4.06511733593e-20
0.142262352803 4.5401927555e-20
0.159620985198 5.07710295188e-20
0.179097691085 5.69241574323e-20
0.200950914521 6.38809178084e-20
0.225470634501 7.31802255407e-20
0.252982212813 8.46027288128e-20
0.283850711387 9.64726396625e-20
0.318485736443 1.08373627416e-19
0.357346873721 1.2192007749e-19
0.400949786902 1.37423501862e-19
0.449873060152 1.54724316451e-19
0.504765875584 1.7394213694e-19
0.566356627507 1.93231710929e-19
0.635462587779 2.16458468413e-19
0.713000750507 2.41884478896e-19
0.8 2.70961310754e-19
0.897614763442 3.02635576159e-19
1.00714032944 3.36736874828e-19
1.1300300357 3.7555510061e-19
1.26791455397 4.15977832295e-19
1.42262352803 4.5998931571e-19
1.59620985198 5.06405479729e-19
1.79097691085 5.56476626142e-19
2.00950914521 6.12329247129e-19
2.25470634501 6.7299569008e-19
2.52982212813 7.38516792798e-19
2.83850711387 8.06515835682e-19
3.18485736443 8.786788161e-19
3.57346873721 9.55131321349e-19
4.00949786902 1.03762121399e-18
4.49873060152 1.12413367765e-18
5.04765875584 1.21299995769e-18
5.66356627507 1.30568057931e-18
6.35462587779 1.40156635118e-18
7.13000750507 1.4987983408e-18
8.0 1.59927650353e-18
8.97614763442 1.70090041739e-18
10.0714032944 1.80255776957e-18
11.300300357 1.90344408854e-18
12.6791455397 2.00206581376e-18
14.2262352803 2.0994933656e-18
15.9620985198 2.19216968102e-18
17.9097691085 2.28084691394e-18
20.0950914521 2.36498893426e-18
22.5470634501 2.44182967393e-18
25.2982212813 2.51082351226e-18
28.3850711387 2.57166022059e-18
31.8485736443 2.62239521375e-18
35.7346873721 2.66363687331e-18
40.0949786902 2.69496522055e-18
44.9873060152 2.71442133074e-18
50.4765875584 2.72297151523e-18
56.6356627507 2.72059059178e-18
63.5462587779 2.7055195362e-18
71.3000750507 2.67998159472e-18
80.0 2.64348428446e-18
89.7614763442 2.59593249397e-18
100.714032944 2.53951947182e-18
113.00300357 2.47439018018e-18
126.791455397 2.40064296243e-18
142.262352803 2.32033597468e-18
159.620985198 2.23394692728e-18
179.097691085 2.14168115018e-18
200.950914521 2.04620565167e-18
225.470634501 1.94801213583e-18
252.982212813 1.84729017246e-18
283.850711387 1.74586207665e-18
318.485736443 1.6446350645e-18
357.346873721 1.54368997257e-18
400.949786902 1.44452749354e-18
449.873060152 1.34771694416e-18
504.765875584 1.2534121235e-18
566.356627507 1.16249764155e-18
635.462587779 1.07529346299e-18
713.000750507 9.91859234559e-19
800.0 9.12655507398e-19
897.614763442 8.37944100479e-19
1007.14032944 7.67400863396e-19
1130.0300357 7.01273952593e-19
1267.91455397 6.39377026619e-19
1422.62352803 5.81671346457e-19
1596.20985198 5.28116994631e-19
1790.97691085 4.78570382654e-19
2009.50914521 4.32744726728e-19
2254.70634501 3.90592994842e-19
2529.82212813 3.5189761212e-19
2838.50711387 3.16406720939e-19
3184.85736443 2.84013780618e-19
3573.46873721 2.54492874126e-19
4009.49786902 2.27609127214e-19
4498.73060152 2.03234102393e-19
5047.65875584 1.81160963607e-19
5663.56627507 1.61177122851e-19
6354.62587779 1.43191305561e-19
7130.00750507 1.27013027252e-19
8000.0 1.12447874219e-19
8976.14763442 9.94049092222e-20
10071.4032944 8.77415507301e-20
11300.300357 7.73004345709e-20
12679.1455397 6.80066441483e-20
14226.2352803 5.97331872635e-20
15962.0985198 5.2380550865e-20
17909.7691085 4.58651153877e-20
20095.0914521 4.00978464311e-20
22547.0634501 3.49956802754e-20
25298.2212813 3.04963891128e-20
28385.0711387 2.65344021142e-20
31848.5736443 2.3046284198e-20
35734.6873721 1.99869586051e-20
40094.9786902 1.73089561554e-20
44987.3060152 1.4963473491e-20
50476.5875584 1.29151555021e-20
56635.6627507 1.11284746602e-20
63546.2587779 9.57348262211e-21
71300.0750507 8.22271902059e-21
80000.0 7.05147352755e-21
89761.4763442 6.03613915569e-21
100714.032944 5.15831131655e-21
113003.00357 4.40128596966e-21
126791.455397 3.74863893904e-21
142262.352803 3.18701479393e-21
159620.985198 2.70519819078e-21
179097.691085 2.29165349915e-21
200950.914521 1.93817063869e-21
225470.634501 1.63632350148e-21
252982.212813 1.37901740006e-21
283850.711387 1.16006245011e-21
318485.736443 9.74133818569e-22
357346.873721 8.16444171595e-22
400949.786902 6.82993086209e-22
449873.060152 5.70273928894e-22
504765.875584 4.7516236259e-22
566356.627507 3.95235918311e-22
635462.587779 3.2809046086e-22
713000.750507 2.71786485734e-22
800000.0 2.24751598398e-22
897614.763442 1.85488712261e-22
1007140.32944 1.5275801821e-22
1130030.0357 1.25504731447e-22
1267914.55397 1.0293184535e-22
1422623.52803 8.42320998428e-23
1596209.85198 6.8788830173e-23
1790976.91085 5.60521861298e-23
2009509.14521 4.55397545445e-23
2254706.34501 3.69144133121e-23
2529822.12813 2.98513633007e-23
2838507.11387 2.40686473818e-23
3184857.36443 1.93490971604e-23
3573468.73721 1.55129872883e-23
4009497.86902 1.23865871985e-23
4498730.60152 9.84956551944e-24
5047658.75584 7.80139796196e-24
5663566.27507 6.15262989318e-24
6354625.87779 4.82705190244e-24
7130007.50507 3.76679523492e-24
8000000.0 2.91678890202e-24
8976147.63442 2.24263705858e-24
10071403.2944 1.71084267624e-24
11300300.357 1.29207965642e-24
12679145.5397 9.65433408813e-25
14226235.2803 7.1298230003e-25
15962098.5198 5.18441767697e-25
17909769.1085 3.71167678825e-25
20095091.4521 2.6088539347e-25
22547063.4501 1.79338278652e-25
25298221.2813 1.20423863756e-25
28385071.1387 7.87992175246e-26
31848573.6443 4.98378734261e-26
35734687.3721 3.03922532453e-26
40094978.6902 1.78822357064e-26
44987306.0152 1.01149963543e-26
50476587.5584 5.54241878281e-27
56635662.7507 2.99921257485e-27
63546258.7779 1.6659382389e-27
71300075.0507 9.70902316024e-28
80000000.0 6.5086227815e-28
93199444.0601 1e-300
108576704.664 1e-300
126491106.407 1e-300
147361259.946 1e-300
171674843.787 1e-300
200000000.0 1e-300
232998610.15 1e-300
271441761.659 1e-300
316227766.017 1e-300
