110942.523472 5.96155550853e-21
124479.558703 5.09802493756e-21
139668.362048 4.35445877098e-21
156710.4797 3.71509653471e-21
175832.050206 3.16599314324e-21
197286.805189 2.69478773669e-21
221359.436212 2.29037319751e-21
248369.372464 1.94424109799e-21
278675.019387 1.6483040594e-21
312678.514506 1.3956052644e-21
350831.063539 1.17995814148e-21
393638.927633 9.95791394535e-22
441670.141136 8.38338623098e-22
495562.049069 7.03964356963e-22
556029.764307 5.89304717526e-22
623875.656694 4.91529955454e-22
700000.0 4.08251445457e-22
785412.918011 3.37445296816e-22
881247.788256 2.77219152209e-22
988776.281236 2.26897108311e-22
1109425.23472 1.85249952632e-22
1244795.58703 1.50815710704e-22
1396683.62048 1.22304015113e-22
1567104.797 9.87209759716e-23
1758320.50206 7.91375313586e-23
1972868.05189 6.30263320343e-23
2213594.36212 4.98605300006e-23
2483693.72464 3.91539172013e-23
2786750.19387 3.0497265145e-23
3126785.14506 2.35575148411e-23
3508310.63539 1.80027006079e-23
3936389.27633 1.36163800833e-23
4416701.41136 1.01832046126e-23
4955620.49069 7.52457146138e-24
5560297.64307 5.48995196174e-24
6238756.56694 3.95226063579e-24
7000000.0 2.79584129375e-24
7854129.18011 1.94939721342e-24
8812477.88256 1.33805955097e-24
9887762.81236 9.03648646884e-25
11094252.3472 6.00586847029e-25
12447955.8703 3.93275575116e-25
13966836.2048 2.52795699788e-25
15671047.97 1.60422236917e-25
17583205.0206 1.00631041504e-25
19728680.5189 6.247109068e-26
22135943.6212 3.85188693036e-26
24836937.2464 2.37914297957e-26
27867501.9387 1.48529594415e-26
31267851.4506 9.52814799677e-27
35083106.3539 6.34257837758e-27
39363892.7633 4.37823996885e-27
44167014.1136 3.14383277678e-27
49556204.9069 2.30084920081e-27
55602976.4307 1.66380813556e-27
62387565.6694 1.12555644237e-27
70000000.0 7.46694403878e-28
82768469.4755 1e-300
97865993.4188 1e-300
115717406.985 1e-300
136825038.112 1e-300
161782842.721 1e-300
191293118.277 1e-300
226186266.014 1e-300
267444157.92 1e-300
316227766.017 1e-300
