11094.2523472 1.90500387431e-16
12474.8249878 1.58444180524e-16
13855.3976284 1.34112275253e-16
15235.970269 1.15165335269e-16
16616.5429096 9.96944342082e-17
17997.1155502 8.66463021505e-17
19377.6881907 7.6028938436e-17
20758.2608313 6.73912989539e-17
22138.8334719 5.9432748913e-17
23519.4061125 5.3469462739e-17
24899.9787531 4.75765306648e-17
26280.5513937 4.31539587009e-17
27661.1240343 3.87313867369e-17
29041.6966749 3.53051064672e-17
30422.2693154 3.20539356456e-17
31802.841956 2.91410427904e-17
33183.4145966 2.67628170034e-17
34563.9872372 2.43845912165e-17
35944.5598778 2.24198914155e-17
37325.1325184 2.07043858412e-17
38705.705159 1.89888802668e-17
40086.2777995 1.75289034639e-17
41466.8504401 1.63017469182e-17
42847.4230807 1.50745903725e-17
44227.9957213 1.38629716113e-17
45608.5683619 1.29875775232e-17
46989.1410025 1.2112183435e-17
48369.7136431 1.12367893469e-17
49750.2862837 1.03982949696e-17
51130.8589242 9.78538217759e-18
52511.4315648 9.17246938554e-18
53892.0042054 8.55955659349e-18
55272.576846 7.94664380144e-18
56653.1494866 7.47791590003e-18
58033.7221272 7.05455064406e-18
59414.2947678 6.63118538809e-18
60794.8674083 6.20782013212e-18
62175.4400489 5.78445487615e-18
63556.0126895 5.47381550139e-18
64936.5853301 5.18364093768e-18
66317.1579707 4.89346637397e-18
67697.7306113 4.60329181026e-18
69078.3032519 4.31311724655e-18
70458.8758925 4.05497133267e-18
71839.448533 3.86115806924e-18
73220.0211736 3.66734480582e-18
74600.5938142 3.47353154239e-18
75981.1664548 3.27971827896e-18
77361.7390954 3.08590501553e-18
78742.311736 2.90174296892e-18
80122.8843766 2.77421271317e-18
81503.4570172 2.64668245742e-18
82884.0296577 2.51915220167e-18
84264.6022983 2.39162194592e-18
85645.1749389 2.26409169017e-18
87025.7475795 2.13656143442e-18
88406.3202201 2.0181555655e-18
89786.8928607 1.93536785584e-18
91167.4655013 1.85258014617e-18
92548.0381418 1.76979243651e-18
93928.6107824 1.68700472685e-18
95309.183423 1.60421701718e-18
96689.7560636 1.52142930752e-18
98070.3287042 1.43864159786e-18
99450.9013448 1.36850083596e-18
100831.473985 1.31616986041e-18
102212.046626 1.26383888485e-18
103592.619267 1.2115079093e-18
104973.191907 1.15917693375e-18
106353.764548 1.10684595819e-18
107734.337188 1.05451498264e-18
109114.909829 1.00218400709e-18
110495.482469 9.49853031532e-19
111876.05511 9.1096481318e-19
113256.627751 8.78513938155e-19
114637.200391 8.46063063131e-19
116017.773032 8.13612188106e-19
117398.345672 7.81161313081e-19
118778.918313 7.48710438057e-19
120159.490954 7.16259563032e-19
121540.063594 6.83808688007e-19
122920.636235 6.51357812983e-19
124301.208875 6.18906937958e-19
125681.781516 5.97413772171e-19
127062.354157 5.77546183216e-19
128442.926797 5.5767859426e-19
129823.499438 5.37811005305e-19
131204.072078 5.17943416349e-19
132584.644719 4.98075827393e-19
133965.217359 4.78208238438e-19
135345.79 4.58340649482e-19
136726.362641 4.38473060527e-19
138106.935281 4.18605471571e-19
139487.507922 3.98737882616e-19
140868.080562 3.85892995922e-19
142248.653203 3.74106761457e-19
143629.225844 3.62320526992e-19
145009.798484 3.50534292528e-19
146390.371125 3.38748058063e-19
147770.943765 3.26961823598e-19
149151.516406 3.15175589133e-19
150532.089046 3.03389354669e-19
151912.661687 2.91603120204e-19
153293.234328 2.79816885739e-19
154673.806968 2.68030651274e-19
156054.379609 2.5624441681e-19
157434.952249 2.47027987729e-19
158815.52489 2.40138837365e-19
160196.097531 2.33249687002e-19
161576.670171 2.26360536639e-19
162957.242812 2.19471386275e-19
164337.815452 2.12582235912e-19
165718.388093 2.05693085549e-19
167098.960734 1.98803935185e-19
168479.533374 1.91914784822e-19
169860.106015 1.85025634459e-19
171240.678655 1.78136484095e-19
172621.251296 1.71247333732e-19
174001.823936 1.64358183369e-19
175382.396577 1.57469033005e-19
176762.969218 1.52573197718e-19
178143.541858 1.48640175894e-19
179524.114499 1.4470715407e-19
180904.687139 1.40774132245e-19
182285.25978 1.36841110421e-19
183665.832421 1.32908088596e-19
185046.405061 1.28975066772e-19
186426.977702 1.25042044947e-19
187807.550342 1.21109023123e-19
189188.122983 1.17176001298e-19
190568.695624 1.13242979474e-19
191949.268264 1.0930995765e-19
193329.840905 1.05376935825e-19
194710.413545 1.01443914001e-19
196090.986186 9.75108921763e-20
197471.558826 9.3810288808e-20
198852.131467 9.16140152572e-20
200232.704108 8.94177417065e-20
201613.276748 8.72214681557e-20
202993.849389 8.50251946049e-20
204374.422029 8.28289210541e-20
205754.99467 8.06326475034e-20
207135.567311 7.84363739526e-20
208516.139951 7.62401004018e-20
209896.712592 7.40438268511e-20
211277.285232 7.18475533003e-20
212657.857873 6.96512797495e-20
214038.430513 6.74550061987e-20
215419.003154 6.5258732648e-20
216799.575795 6.30624590972e-20
218180.148435 6.08661855464e-20
219560.721076 5.86699119957e-20
220941.293716 5.64736384449e-20
222321.866357 5.497372558e-20
223702.438998 5.37763572647e-20
225083.011638 5.25789889494e-20
226463.584279 5.13816206341e-20
227844.156919 5.01842523189e-20
229224.72956 4.89868840036e-20
230605.302201 4.77895156883e-20
231985.874841 4.65921473731e-20
233366.447482 4.53947790578e-20
234747.020122 4.41974107425e-20
236127.592763 4.30000424273e-20
237508.165403 4.1802674112e-20
238888.738044 4.06053057967e-20
240269.310685 3.94079374814e-20
241649.883325 3.82105691662e-20
243030.455966 3.70132008509e-20
244411.028606 3.58158325356e-20
245791.601247 3.46184642204e-20
247172.173888 3.34210959051e-20
248552.746528 3.22977548607e-20
249933.319169 3.16577174041e-20
251313.891809 3.10176799474e-20
252694.46445 3.03776424907e-20
254075.03709 2.9737605034e-20
255455.609731 2.90975675774e-20
256836.182372 2.84575301207e-20
258216.755012 2.7817492664e-20
259597.327653 2.71774552073e-20
260977.900293 2.65374177507e-20
262358.472934 2.5897380294e-20
263739.045575 2.52573428373e-20
265119.618215 2.46173053806e-20
266500.190856 2.3977267924e-20
267880.763496 2.33372304673e-20
269261.336137 2.26971930106e-20
270641.908778 2.20571555539e-20
272022.481418 2.14171180973e-20
273403.054059 2.07770806406e-20
274783.626699 2.01370431839e-20
276164.19934 1.94970057272e-20
277544.77198 1.88569682705e-20
278925.344621 1.82734192527e-20
280305.917262 1.79449220749e-20
281686.489902 1.76164248971e-20
283067.062543 1.72879277193e-20
284447.635183 1.69594305415e-20
285828.207824 1.66309333637e-20
287208.780465 1.63024361859e-20
288589.353105 1.59739390082e-20
289969.925746 1.56454418304e-20
291350.498386 1.53169446526e-20
292731.071027 1.49884474748e-20
294111.643668 1.4659950297e-20
295492.216308 1.43314531192e-20
296872.788949 1.40029559414e-20
298253.361589 1.36744587637e-20
299633.93423 1.33459615859e-20
301014.50687 1.30174644081e-20
302395.079511 1.26889672303e-20
303775.652152 1.23604700525e-20
305156.224792 1.20319728747e-20
306536.797433 1.17034756969e-20
307917.370073 1.13749785192e-20
309297.942714 1.10464813414e-20
310678.515355 1.07179841636e-20
312059.087995 1.03894869858e-20
313439.660636 1.01520361919e-20
314820.233276 9.98867963782e-21
316200.805917 9.82532308372e-21
317581.378557 9.66196652963e-21
318961.951198 9.49860997553e-21
320342.523839 9.33525342144e-21
321723.096479 9.17189686734e-21
323103.66912 9.00854031325e-21
324484.24176 8.84518375915e-21
325864.814401 8.68182720506e-21
327245.387042 8.51847065096e-21
328625.959682 8.35511409687e-21
330006.532323 8.19175754277e-21
331387.104963 8.02840098868e-21
332767.677604 7.86504443458e-21
334148.250245 7.70168788049e-21
335528.822885 7.53833132639e-21
336909.395526 7.3749747723e-21
338289.968166 7.2116182182e-21
339670.540807 7.04826166411e-21
341051.113447 6.88490511002e-21
342431.686088 6.72154855592e-21
343812.258729 6.55819200183e-21
345192.831369 6.39483544773e-21
346573.40401 6.23147889364e-21
347953.97665 6.06812233954e-21
349334.549291 5.90476578545e-21
350715.121932 5.74140923135e-21
352095.694572 5.65425412421e-21
353476.267213 5.57408517984e-21
354856.839853 5.49391623547e-21
356237.412494 5.41374729111e-21
357617.985134 5.33357834674e-21
358998.557775 5.25340940238e-21
360379.130416 5.17324045801e-21
361759.703056 5.09307151364e-21
363140.275697 5.01290256928e-21
364520.848337 4.93273362491e-21
365901.420978 4.85256468055e-21
367281.993619 4.77239573618e-21
368662.566259 4.69222679182e-21
370043.1389 4.61205784745e-21
371423.71154 4.53188890308e-21
372804.284181 4.45171995872e-21
374184.856822 4.37155101435e-21
375565.429462 4.29138206999e-21
376946.002103 4.21121312562e-21
378326.574743 4.13104418125e-21
379707.147384 4.05087523689e-21
381087.720024 3.97070629252e-21
382468.292665 3.89053734816e-21
383848.865306 3.81036840379e-21
385229.437946 3.73019945943e-21
386610.010587 3.65003051506e-21
387990.583227 3.56986157069e-21
389371.155868 3.48969262633e-21
390751.728509 3.40952368196e-21
392132.301149 3.3293547376e-21
393512.87379 3.24918579323e-21
394893.44643 3.2078510127e-21
396274.019071 3.1704182826e-21
397654.591712 3.13298555251e-21
399035.164352 3.09555282241e-21
400415.736993 3.05812009231e-21
401796.309633 3.02068736221e-21
403176.882274 2.98325463211e-21
404557.454914 2.94582190201e-21
405938.027555 2.90838917191e-21
407318.600196 2.87095644182e-21
408699.172836 2.83352371172e-21
410079.745477 2.79609098162e-21
411460.318117 2.75865825152e-21
412840.890758 2.72122552142e-21
414221.463399 2.68379279132e-21
415602.036039 2.64636006123e-21
416982.60868 2.60892733113e-21
418363.18132 2.57149460103e-21
419743.753961 2.53406187093e-21
421124.326601 2.49662914083e-21
422504.899242 2.45919641073e-21
423885.471883 2.42176368063e-21
425266.044523 2.38433095054e-21
426646.617164 2.34689822044e-21
428027.189804 2.30946549034e-21
429407.762445 2.27203276024e-21
430788.335086 2.23460003014e-21
432168.907726 2.19716730004e-21
433549.480367 2.15973456994e-21
434930.053007 2.12230183985e-21
436310.625648 2.08486910975e-21
437691.198289 2.04743637965e-21
439071.770929 2.01000364955e-21
440452.34357 1.97257091945e-21
441832.91621 1.9374610753e-21
443213.488851 1.91972984311e-21
444594.061491 1.90199861092e-21
445974.634132 1.88426737872e-21
447355.206773 1.86653614653e-21
448735.779413 1.84880491434e-21
450116.352054 1.83107368215e-21
451496.924694 1.81334244996e-21
452877.497335 1.79561121777e-21
454258.069976 1.77787998558e-21
455638.642616 1.76014875338e-21
457019.215257 1.74241752119e-21
458399.787897 1.724686289e-21
459780.360538 1.70695505681e-21
461160.933178 1.68922382462e-21
462541.505819 1.67149259243e-21
463922.07846 1.65376136024e-21
465302.6511 1.63603012804e-21
466683.223741 1.61829889585e-21
468063.796381 1.60056766366e-21
469444.369022 1.58283643147e-21
470824.941663 1.56510519928e-21
472205.514303 1.54737396709e-21
473586.086944 1.5296427349e-21
474966.659584 1.51191150271e-21
476347.232225 1.49418027051e-21
477727.804866 1.47644903832e-21
479108.377506 1.45871780613e-21
480488.950147 1.44098657394e-21
481869.522787 1.42325534175e-21
483250.095428 1.40552410956e-21
484630.668068 1.38779287737e-21
486011.240709 1.37006164517e-21
487391.81335 1.35233041298e-21
488772.38599 1.33459918079e-21
490152.958631 1.3168679486e-21
491533.531271 1.29913671641e-21
492914.103912 1.28140548422e-21
494294.676553 1.26367425203e-21
495675.249193 1.24662369217e-21
497055.821834 1.23719384316e-21
498436.394474 1.22776399415e-21
499816.967115 1.21833414514e-21
501197.539756 1.20890429613e-21
502578.112396 1.19947444712e-21
503958.685037 1.1900445981e-21
505339.257677 1.18061474909e-21
506719.830318 1.17118490008e-21
508100.402958 1.16175505107e-21
509480.975599 1.15232520206e-21
510861.54824 1.14289535305e-21
512242.12088 1.13346550404e-21
513622.693521 1.12403565503e-21
515003.266161 1.11460580601e-21
516383.838802 1.105175957e-21
517764.411443 1.09574610799e-21
519144.984083 1.08631625898e-21
520525.556724 1.07688640997e-21
521906.129364 1.06745656096e-21
523286.702005 1.05802671195e-21
524667.274645 1.04859686293e-21
526047.847286 1.03916701392e-21
527428.419927 1.02973716491e-21
528808.992567 1.0203073159e-21
530189.565208 1.01087746689e-21
531570.137848 1.00144761788e-21
532950.710489 9.92017768867e-22
534331.28313 9.82587919856e-22
535711.85577 9.73158070844e-22
537092.428411 9.63728221833e-22
538473.001051 9.54298372822e-22
539853.573692 9.44868523811e-22
541234.146333 9.35438674799e-22
542614.718973 9.26008825788e-22
543995.291614 9.16578976777e-22
545375.864254 9.07149127765e-22
546756.436895 8.97719278754e-22
548137.009535 8.88289429743e-22
549517.582176 8.78859580731e-22
550898.154817 8.6942973172e-22
552278.727457 8.59999882709e-22
553659.300098 8.50570033698e-22
555039.872738 8.41140184686e-22
556420.445379 8.32818773438e-22
557801.01802 8.27305876027e-22
559181.59066 8.21792978616e-22
560562.163301 8.16280081204e-22
561942.735941 8.10767183793e-22
563323.308582 8.05254286382e-22
564703.881223 7.9974138897e-22
566084.453863 7.94228491559e-22
567465.026504 7.88715594148e-22
568845.599144 7.83202696736e-22
570226.171785 7.77689799325e-22
571606.744425 7.72176901914e-22
572987.317066 7.66664004503e-22
574367.889707 7.61151107091e-22
575748.462347 7.5563820968e-22
577129.034988 7.50125312269e-22
578509.607628 7.44612414857e-22
579890.180269 7.39099517446e-22
581270.75291 7.33586620035e-22
582651.32555 7.28073722623e-22
584031.898191 7.22560825212e-22
585412.470831 7.17047927801e-22
586793.043472 7.11535030389e-22
588173.616112 7.06022132978e-22
589554.188753 7.00509235567e-22
590934.761394 6.94996338155e-22
592315.334034 6.89483440744e-22
593695.906675 6.83970543333e-22
595076.479315 6.78457645921e-22
596457.051956 6.7294474851e-22
597837.624597 6.67431851099e-22
599218.197237 6.61918953687e-22
600598.769878 6.56406056276e-22
601979.342518 6.50893158865e-22
603359.915159 6.45380261454e-22
604740.4878 6.39867364042e-22
606121.06044 6.34354466631e-22
607501.633081 6.2884156922e-22
608882.205721 6.23328671808e-22
610262.778362 6.17815774397e-22
611643.351002 6.12302876986e-22
613023.923643 6.06789979574e-22
614404.496284 6.01277082163e-22
615785.068924 5.95764184752e-22
617165.641565 5.9025128734e-22
618546.214205 5.84738389929e-22
619926.786846 5.79225492518e-22
621307.359487 5.73712595106e-22
622687.932127 5.68199697695e-22
624068.504768 5.63055332577e-22
625449.077408 5.60180706785e-22
626829.650049 5.57306080994e-22
628210.222689 5.54431455203e-22
629590.79533 5.51556829411e-22
630971.367971 5.4868220362e-22
632351.940611 5.45807577829e-22
633732.513252 5.42932952037e-22
635113.085892 5.40058326246e-22
636493.658533 5.37183700454e-22
637874.231174 5.34309074663e-22
639254.803814 5.31434448872e-22
640635.376455 5.2855982308e-22
642015.949095 5.25685197289e-22
643396.521736 5.22810571498e-22
644777.094377 5.19935945706e-22
646157.667017 5.17061319915e-22
647538.239658 5.14186694123e-22
648918.812298 5.11312068332e-22
650299.384939 5.08437442541e-22
651679.957579 5.05562816749e-22
653060.53022 5.02688190958e-22
654441.102861 4.99813565167e-22
655821.675501 4.96938939375e-22
657202.248142 4.94064313584e-22
658582.820782 4.91189687792e-22
659963.393423 4.88315062001e-22
661343.966064 4.8544043621e-22
662724.538704 4.82565810418e-22
664105.111345 4.79691184627e-22
665485.683985 4.76816558836e-22
666866.256626 4.73941933044e-22
668246.829267 4.71067307253e-22
669627.401907 4.68192681461e-22
671007.974548 4.6531805567e-22
672388.547188 4.62443429879e-22
673769.119829 4.59568804087e-22
675149.692469 4.56694178296e-22
676530.26511 4.53819552505e-22
677910.837751 4.50944926713e-22
679291.410391 4.48070300922e-22
680671.983032 4.4519567513e-22
682052.555672 4.42321049339e-22
683433.128313 4.39446423548e-22
684813.700954 4.36571797756e-22
686194.273594 4.33697171965e-22
687574.846235 4.30822546174e-22
688955.418875 4.27947920382e-22
690335.991516 4.25073294591e-22
691716.564156 4.22198668799e-22
693097.136797 4.19324043008e-22
694477.709438 4.16449417217e-22
695858.282078 4.13574791425e-22
697238.854719 4.10700165634e-22
698619.427359 4.07825539842e-22
700000.0 4.04950914051e-22
1380661.28395 1e-300
2723179.40144 1e-300
5371126.24118 1e-300
10593865.7892 1e-300
20895057.6321 1e-300
41212852.9981 1e-300
81287129.3367 1e-300
160328560.513 1e-300
316227766.017 1e-300
