4000.0 9.068131345959816e-19
4488.073817207853 8.394829193210243e-19
5035.70164717667 7.417686999992449e-19
5650.150178491016 6.273817671574025e-19
6339.572769844456 4.922494045593532e-19
7113.117640155691 4.840513119258189e-19
7981.049259875515 4.2345516244904534e-19
8954.88455427336 3.8379660632467433e-19
10047.545726038317 3.3387684323467016e-19
11273.53172505782 2.67452302242117e-19
12649.110640673518 2.419626511679777e-19
14192.535569343014 2.0890303592204895e-19
15924.286822139895 1.7274842725872018e-19
17867.34368603852 1.486116844547783e-19
20047.4893450909 1.3270012735077778e-19
22493.653007613964 1.1357575468344734e-19
25238.293779207725 9.692234404208974e-20
28317.83137536552 8.494891854840154e-20
31773.129388971254 7.217319376566427e-20
35650.037525349835 6.124718233624337e-20
40000.0 4.872862534853037e-20
44880.73817207854 3.935800947768259e-20
50357.0164717667 3.606444848344664e-20
56501.501784910164 3.0432936571186466e-20
63395.72769844454 2.4862615561393564e-20
71131.17640155692 2.2198204364913287e-20
79810.49259875518 1.823459802737674e-20
89548.8455427336 1.494685385032622e-20
100475.45726038318 1.217054083991587e-20
112735.31725057815 1.0940199305011926e-20
126491.10640673517 9.248599891056514e-21
141925.3556934302 7.824727639710152e-21
159242.86822139894 6.460869756081315e-21
178673.4368603852 5.3499146860189625e-21
200474.8934509089 4.773727420357911e-21
224936.53007613964 3.8894764040163736e-21
252382.9377920773 3.324751262563185e-21
283178.31375365524 2.9659236047421236e-21
317731.29388971254 2.5467340565262692e-21
356500.3752534982 2.213730024328742e-21
400000.0 1.87882717032971e-21
448807.3817207854 1.6174968694930515e-21
503570.1647176669 1.350391472320745e-21
565015.0178491018 1.2190111075580607e-21
633957.2769844453 1.0531006043416919e-21
711311.7640155692 9.103992234686189e-22
798104.9259875519 7.840102995113898e-22
895488.4554273358 6.470240462306178e-22
1004754.572603832 5.814195939439589e-22
1127353.1725057815 4.871502660288238e-22
1264911.0640673519 4.106035353394354e-22
1419253.556934302 3.6721615079258917e-22
1592428.6822139889 3.0488333508874256e-22
1786734.3686038526 2.5916725043609257e-22
2004748.934509089 2.191467258170972e-22
2249365.300761396 1.8125064669428366e-22
2523829.377920773 1.5222650312589141e-22
2831783.137536552 1.3365384128867997e-22
3177312.938897126 1.0856362064622633e-22
3565003.7525349823 8.785722563950929e-23
4000000.0 7.742840003607773e-23
6500431.924421637 1e-300
10563903.801010016 1e-300
17167484.378651142 1e-300
27899015.879248403 1e-300
45338913.370353214 1e-300
73680629.97280774 1e-300
119738979.82168451 1e-300
194588771.7576386 1e-300
316227766.01683795 1e-300
