11094.2523472 2.4975642028e-20
25100.0754888 1.50202950344e-20
39105.8986304 1.211886048e-20
53111.721772 1.07104254806e-20
67117.5449136 9.80284147756e-21
81123.3680552 9.14754331757e-21
95129.1911968 8.64823838929e-21
109135.014338 8.22273458257e-21
123140.83748 7.84943452242e-21
137146.660622 7.52265418542e-21
151152.483763 7.22848407696e-21
165158.306905 6.96372787882e-21
179164.130046 6.71973545552e-21
193169.953188 6.49337194869e-21
207175.776329 6.28650994115e-21
221181.599471 6.08776655235e-21
235187.422613 5.91058150549e-21
249193.245754 5.73477273257e-21
263199.068896 5.57654824737e-21
277204.892037 5.41832376217e-21
291210.715179 5.27710057136e-21
305216.538321 5.13787121228e-21
319222.361462 5.00663517005e-21
333228.184604 4.88451394063e-21
347234.007745 4.76239271121e-21
361239.830887 4.65093236713e-21
375245.654029 4.54315620563e-21
389251.47717 4.43538004413e-21
403257.300312 4.33690021539e-21
417263.123453 4.24266093763e-21
431268.946595 4.14842165986e-21
445274.769736 4.05713754524e-21
459280.592878 3.97438058562e-21
473286.41602 3.891623626e-21
487292.239161 3.80886666638e-21
501298.062303 3.73040837803e-21
515303.885444 3.65814763363e-21
529309.708586 3.58588688924e-21
543315.531728 3.51362614484e-21
557321.354869 3.44220296034e-21
571327.178011 3.37902459548e-21
585333.001152 3.31584623062e-21
599338.824294 3.25266786576e-21
613344.647436 3.1894895009e-21
627350.470577 3.12831713077e-21
641356.293719 3.07322426585e-21
655362.11686 3.01813140092e-21
669367.940002 2.963038536e-21
683373.763143 2.90794567108e-21
697379.586285 2.85285280615e-21
711385.409427 2.80413708583e-21
725391.232568 2.75688909992e-21
739397.05571 2.70964111401e-21
753402.878851 2.66239312809e-21
767408.701993 2.61514514218e-21
781414.525135 2.56789715627e-21
795420.348276 2.52533197198e-21
809426.171418 2.48463776557e-21
823431.994559 2.44394355916e-21
837437.817701 2.40324935276e-21
851443.640843 2.36255514635e-21
865449.463984 2.32186093994e-21
879455.287126 2.28116673353e-21
893461.110267 2.24543488936e-21
907466.933409 2.21043135153e-21
921472.75655 2.17542781371e-21
935478.579692 2.14042427588e-21
949484.402834 2.10542073805e-21
963490.225975 2.07041720023e-21
977496.049117 2.0354136624e-21
991501.872258 2.0014955669e-21
1005507.6954 1.97206972328e-21
1019513.51854 1.94264387965e-21
1033519.34168 1.91321803603e-21
1047525.16482 1.88379219241e-21
1061530.98797 1.85436634878e-21
1075536.81111 1.82494050516e-21
1089542.63425 1.79551466153e-21
1103548.45739 1.76608881791e-21
1117554.28053 1.73948362663e-21
1131560.10367 1.7149175856e-21
1145565.92682 1.69035154456e-21
1159571.74996 1.66578550353e-21
1173577.5731 1.6412194625e-21
1187583.39624 1.61665342146e-21
1201589.21938 1.59208738043e-21
1215595.04252 1.56752133939e-21
1229600.86567 1.54295529836e-21
1243606.68881 1.51838925733e-21
1257612.51195 1.49749264787e-21
1271618.33509 1.47693641496e-21
1285624.15823 1.45638018206e-21
1299629.98137 1.43582394915e-21
1313635.80451 1.41526771624e-21
1327641.62766 1.39471148334e-21
1341647.4508 1.37415525043e-21
1355653.27394 1.35359901752e-21
1369659.09708 1.33304278462e-21
1383664.92022 1.31248655171e-21
1397670.74336 1.29218291379e-21
1411676.56651 1.27521063256e-21
1425682.38965 1.25823835132e-21
1439688.21279 1.24126607009e-21
1453694.03593 1.22429378885e-21
1467699.85907 1.20732150762e-21
1481705.68221 1.19034922638e-21
1495711.50536 1.17337694514e-21
1509717.3285 1.15640466391e-21
1523723.15164 1.13943238267e-21
1537728.97478 1.12246010144e-21
1551734.79792 1.1054878202e-21
1565740.62106 1.08851553897e-21
1579746.44421 1.07448439792e-21
1593752.26735 1.06077063897e-21
1607758.09049 1.04705688003e-21
1621763.91363 1.03334312109e-21
1635769.73677 1.01962936214e-21
1649775.55991 1.0059156032e-21
1663781.38305 9.92201844255e-22
1677787.2062 9.78488085311e-22
1691793.02934 9.64774326368e-22
1705798.85248 9.51060567424e-22
1719804.67562 9.37346808481e-22
1733810.49876 9.23633049537e-22
1747816.3219 9.09919290594e-22
1761822.14505 8.96862981641e-22
1775827.96819 8.85778882065e-22
1789833.79133 8.7469478249e-22
1803839.61447 8.63610682915e-22
1817845.43761 8.5252658334e-22
1831851.26075 8.41442483765e-22
1845857.0839 8.30358384189e-22
1859862.90704 8.19274284614e-22
1873868.73018 8.08190185039e-22
1887874.55332 7.97106085464e-22
1901880.37646 7.86021985889e-22
1915886.1996 7.74937886313e-22
1929892.02274 7.63853786738e-22
1943897.84589 7.52769687163e-22
1957903.66903 7.41685587588e-22
1971909.49217 7.30601488013e-22
1985915.31531 7.21737843826e-22
1999921.13845 7.13037332629e-22
2013926.96159 7.04336821432e-22
2027932.78474 6.95636310235e-22
2041938.60788 6.86935799038e-22
2055944.43102 6.7823528784e-22
2069950.25416 6.69534776643e-22
2083956.0773 6.60834265446e-22
2097961.90044 6.52133754249e-22
2111967.72359 6.43433243052e-22
2125973.54673 6.34732731855e-22
2139979.36987 6.26032220658e-22
2153985.19301 6.1733170946e-22
2167991.01615 6.08631198263e-22
2181996.83929 5.99930687066e-22
2196002.66244 5.91230175869e-22
2210008.48558 5.82529664672e-22
2224014.30872 5.75327246068e-22
2238020.13186 5.6864037474e-22
2252025.955 5.61953503412e-22
2266031.77814 5.55266632084e-22
2280037.60128 5.48579760756e-22
2294043.42443 5.41892889428e-22
2308049.24757 5.352060181e-22
2322055.07071 5.28519146772e-22
2336060.89385 5.21832275444e-22
2350066.71699 5.15145404116e-22
2364072.54013 5.08458532789e-22
2378078.36328 5.01771661461e-22
2392084.18642 4.95084790133e-22
2406090.00956 4.88397918805e-22
2420095.8327 4.81711047477e-22
2434101.65584 4.75024176149e-22
2448107.47898 4.68337304821e-22
2462113.30213 4.61650433493e-22
2476119.12527 4.54963562165e-22
2490124.94841 4.48993078985e-22
2504130.77155 4.43866347073e-22
2518136.59469 4.38739615161e-22
2532142.41783 4.33612883249e-22
2546148.24097 4.28486151338e-22
2560154.06412 4.23359419426e-22
2574159.88726 4.18232687514e-22
2588165.7104 4.13105955602e-22
2602171.53354 4.0797922369e-22
2616177.35668 4.02852491778e-22
2630183.17982 3.97725759866e-22
2644189.00297 3.92599027954e-22
2658194.82611 3.87472296042e-22
2672200.64925 3.8234556413e-22
2686206.47239 3.77218832218e-22
2700212.29553 3.72092100306e-22
2714218.11867 3.66965368395e-22
2728223.94182 3.61838636483e-22
2742229.76496 3.56711904571e-22
2756235.5881 3.51585172659e-22
2770241.41124 3.46458440747e-22
2784247.23438 3.41331708835e-22
2798253.05752 3.37319405056e-22
2812258.88066 3.33549594674e-22
2826264.70381 3.29779784292e-22
2840270.52695 3.26009973909e-22
2854276.35009 3.22240163527e-22
2868282.17323 3.18470353145e-22
2882287.99637 3.14700542763e-22
2896293.81951 3.1093073238e-22
2910299.64266 3.07160921998e-22
2924305.4658 3.03391111616e-22
2938311.28894 2.99621301234e-22
2952317.11208 2.95851490851e-22
2966322.93522 2.92081680469e-22
2980328.75836 2.88311870087e-22
2994334.58151 2.84542059705e-22
3008340.40465 2.80772249322e-22
3022346.22779 2.7700243894e-22
3036352.05093 2.73232628558e-22
3050357.87407 2.69462818176e-22
3064363.69721 2.65693007793e-22
3078369.52036 2.61923197411e-22
3092375.3435 2.58153387029e-22
3106381.16664 2.54383576646e-22
3120386.98978 2.50613766264e-22
3134392.81292 2.47426324113e-22
3148398.63606 2.44728661806e-22
3162404.4592 2.42030999498e-22
3176410.28235 2.39333337191e-22
3190416.10549 2.36635674883e-22
3204421.92863 2.33938012575e-22
3218427.75177 2.31240350268e-22
3232433.57491 2.2854268796e-22
3246439.39805 2.25845025652e-22
3260445.2212 2.23147363345e-22
3274451.04434 2.20449701037e-22
3288456.86748 2.1775203873e-22
3302462.69062 2.15054376422e-22
3316468.51376 2.12356714114e-22
3330474.3369 2.09659051807e-22
3344480.16005 2.06961389499e-22
3358485.98319 2.04263727191e-22
3372491.80633 2.01566064884e-22
3386497.62947 1.98868402576e-22
3400503.45261 1.96170740269e-22
3414509.27575 1.93473077961e-22
3428515.09889 1.90775415653e-22
3442520.92204 1.88077753346e-22
3456526.74518 1.85380091038e-22
3470532.56832 1.8268242873e-22
3484538.39146 1.79984766423e-22
3498544.2146 1.77287104115e-22
3512550.03774 1.74839270394e-22
3526555.86089 1.72966973245e-22
3540561.68403 1.71094676097e-22
3554567.50717 1.69222378948e-22
3568573.33031 1.67350081799e-22
3582579.15345 1.65477784651e-22
3596584.97659 1.63605487502e-22
3610590.79974 1.61733190353e-22
3624596.62288 1.59860893205e-22
3638602.44602 1.57988596056e-22
3652608.26916 1.56116298908e-22
3666614.0923 1.54244001759e-22
3680619.91544 1.5237170461e-22
3694625.73859 1.50499407462e-22
3708631.56173 1.48627110313e-22
3722637.38487 1.46754813164e-22
3736643.20801 1.44882516016e-22
3750649.03115 1.43010218867e-22
3764654.85429 1.41137921719e-22
3778660.67743 1.3926562457e-22
3792666.50058 1.37393327421e-22
3806672.32372 1.35521030273e-22
3820678.14686 1.33648733124e-22
3834683.97 1.31776435975e-22
3848689.79314 1.29904138827e-22
3862695.61628 1.28031841678e-22
3876701.43943 1.26159544529e-22
3890707.26257 1.24287247381e-22
3904713.08571 1.22414950232e-22
3918718.90885 1.20542653084e-22
3932724.73199 1.18670355935e-22
3946730.55513 1.17281155918e-22
3960736.37828 1.1606314661e-22
3974742.20142 1.14845137303e-22
3988748.02456 1.13627127996e-22
4002753.8477 1.12409118688e-22
4016759.67084 1.11191109381e-22
4030765.49398 1.09973100073e-22
4044771.31712 1.08755090766e-22
4058777.14027 1.07537081459e-22
4072782.96341 1.06319072151e-22
4086788.78655 1.05101062844e-22
4100794.60969 1.03883053536e-22
4114800.43283 1.02665044229e-22
4128806.25597 1.01447034922e-22
4142812.07912 1.00229025614e-22
4156817.90226 9.9011016307e-23
4170823.7254 9.77930069996e-23
4184829.54854 9.65749976922e-23
4198835.37168 9.53569883848e-23
4212841.19482 9.41389790774e-23
4226847.01797 9.292096977e-23
4240852.84111 9.17029604627e-23
4254858.66425 9.04849511553e-23
4268864.48739 8.92669418479e-23
4282870.31053 8.80489325405e-23
4296876.13367 8.68309232331e-23
4310881.95681 8.56129139257e-23
4324887.77996 8.43949046184e-23
4338893.6031 8.3176895311e-23
4352899.42624 8.19588860036e-23
4366905.24938 8.07408766962e-23
4380911.07252 7.95228673888e-23
4394916.89566 7.83048580815e-23
4408922.71881 7.70868487741e-23
4422928.54195 7.60760666034e-23
4436934.36509 7.53241446193e-23
4450940.18823 7.45722226352e-23
4464946.01137 7.38203006511e-23
4478951.83451 7.3068378667e-23
4492957.65766 7.23164566829e-23
4506963.4808 7.15645346988e-23
4520969.30394 7.08126127148e-23
4534975.12708 7.00606907307e-23
4548980.95022 6.93087687466e-23
4562986.77336 6.85568467625e-23
4576992.59651 6.78049247784e-23
4590998.41965 6.70530027943e-23
4605004.24279 6.63010808102e-23
4619010.06593 6.55491588261e-23
4633015.88907 6.4797236842e-23
4647021.71221 6.40453148579e-23
4661027.53535 6.32933928738e-23
4675033.3585 6.25414708897e-23
4689039.18164 6.17895489057e-23
4703045.00478 6.10376269216e-23
4717050.82792 6.02857049375e-23
4731056.65106 5.95337829534e-23
4745062.4742 5.87818609693e-23
4759068.29735 5.80299389852e-23
4773074.12049 5.72780170011e-23
4787079.94363 5.6526095017e-23
4801085.76677 5.57741730329e-23
4815091.58991 5.50222510488e-23
4829097.41305 5.42703290647e-23
4843103.2362 5.35184070807e-23
4857109.05934 5.27664850966e-23
4871114.88248 5.20145631125e-23
4885120.70562 5.12626411284e-23
4899126.52876 5.05107191443e-23
4913132.3519 4.97587971602e-23
4927138.17504 4.90068751761e-23
4941143.99819 4.8254953192e-23
4955149.82133 4.75030312079e-23
4969155.64447 4.70627727814e-23
4983161.46761 4.66333520957e-23
4997167.29075 4.62039314099e-23
5011173.11389 4.57745107241e-23
5025178.93704 4.53450900384e-23
5039184.76018 4.49156693526e-23
5053190.58332 4.44862486669e-23
5067196.40646 4.40568279811e-23
5081202.2296 4.36274072953e-23
5095208.05274 4.31979866096e-23
5109213.87589 4.27685659238e-23
5123219.69903 4.2339145238e-23
5137225.52217 4.19097245523e-23
5151231.34531 4.14803038665e-23
5165237.16845 4.10508831807e-23
5179242.99159 4.0621462495e-23
5193248.81474 4.01920418092e-23
5207254.63788 3.97626211235e-23
5221260.46102 3.93332004377e-23
5235266.28416 3.89037797519e-23
5249272.1073 3.84743590662e-23
5263277.93044 3.80449383804e-23
5277283.75358 3.76155176946e-23
5291289.57673 3.71860970089e-23
5305295.39987 3.67566763231e-23
5319301.22301 3.63272556374e-23
5333307.04615 3.58978349516e-23
5347312.86929 3.54684142658e-23
5361318.69243 3.50389935801e-23
5375324.51558 3.46095728943e-23
5389330.33872 3.41801522085e-23
5403336.16186 3.37507315228e-23
5417341.985 3.3321310837e-23
5431347.80814 3.28918901513e-23
5445353.63128 3.24624694655e-23
5459359.45443 3.20330487797e-23
5473365.27757 3.1603628094e-23
5487371.10071 3.11742074082e-23
5501376.92385 3.07447867224e-23
5515382.74699 3.03153660367e-23
5529388.57013 2.98859453509e-23
5543394.39327 2.94565246651e-23
5557400.21642 2.90271039794e-23
5571406.03956 2.87670141781e-23
5585411.8627 2.85510913112e-23
5599417.68584 2.83351684443e-23
5613423.50898 2.81192455773e-23
5627429.33212 2.79033227104e-23
5641435.15527 2.76873998435e-23
5655440.97841 2.74714769766e-23
5669446.80155 2.72555541096e-23
5683452.62469 2.70396312427e-23
5697458.44783 2.68237083758e-23
5711464.27097 2.66077855088e-23
5725470.09412 2.63918626419e-23
5739475.91726 2.6175939775e-23
5753481.7404 2.59600169081e-23
5767487.56354 2.57440940411e-23
5781493.38668 2.55281711742e-23
5795499.20982 2.53122483073e-23
5809505.03296 2.50963254403e-23
5823510.85611 2.48804025734e-23
5837516.67925 2.46644797065e-23
5851522.50239 2.44485568396e-23
5865528.32553 2.42326339726e-23
5879534.14867 2.40167111057e-23
5893539.97181 2.38007882388e-23
5907545.79496 2.35848653718e-23
5921551.6181 2.33689425049e-23
5935557.44124 2.3153019638e-23
5949563.26438 2.2937096771e-23
5963569.08752 2.27211739041e-23
5977574.91066 2.25052510372e-23
5991580.73381 2.22893281703e-23
6005586.55695 2.20734053033e-23
6019592.38009 2.18574824364e-23
6033598.20323 2.16415595695e-23
6047604.02637 2.14256367025e-23
6061609.84951 2.12097138356e-23
6075615.67266 2.09937909687e-23
6089621.4958 2.07778681018e-23
6103627.31894 2.05619452348e-23
6117633.14208 2.03460223679e-23
6131638.96522 2.0130099501e-23
6145644.78836 1.9914176634e-23
6159650.6115 1.96982537671e-23
6173656.43465 1.94823309002e-23
6187662.25779 1.92664080333e-23
6201668.08093 1.90504851663e-23
6215673.90407 1.88345622994e-23
6229679.72721 1.86186394325e-23
6243685.55035 1.84463229211e-23
6257691.3735 1.83543085463e-23
6271697.19664 1.82622941715e-23
6285703.01978 1.81702797967e-23
6299708.84292 1.8078265422e-23
6313714.66606 1.79862510472e-23
6327720.4892 1.78942366724e-23
6341726.31235 1.78022222977e-23
6355732.13549 1.77102079229e-23
6369737.95863 1.76181935481e-23
6383743.78177 1.75261791734e-23
6397749.60491 1.74341647986e-23
6411755.42805 1.73421504238e-23
6425761.25119 1.72501360491e-23
6439767.07434 1.71581216743e-23
6453772.89748 1.70661072995e-23
6467778.72062 1.69740929247e-23
6481784.54376 1.688207855e-23
6495790.3669 1.67900641752e-23
6509796.19004 1.66980498004e-23
6523802.01319 1.66060354257e-23
6537807.83633 1.65140210509e-23
6551813.65947 1.64220066761e-23
6565819.48261 1.63299923014e-23
6579825.30575 1.62379779266e-23
6593831.12889 1.61459635518e-23
6607836.95204 1.60539491771e-23
6621842.77518 1.59619348023e-23
6635848.59832 1.58699204275e-23
6649854.42146 1.57779060527e-23
6663860.2446 1.5685891678e-23
6677866.06774 1.55938773032e-23
6691871.89089 1.55018629284e-23
6705877.71403 1.54098485537e-23
6719883.53717 1.53178341789e-23
6733889.36031 1.52258198041e-23
6747895.18345 1.51338054294e-23
6761901.00659 1.50417910546e-23
6775906.82973 1.49497766798e-23
6789912.65288 1.48577623051e-23
6803918.47602 1.47657479303e-23
6817924.29916 1.46737335555e-23
6831930.1223 1.45817191807e-23
6845935.94544 1.4489704806e-23
6859941.76858 1.43976904312e-23
6873947.59173 1.43056760564e-23
6887953.41487 1.42136616817e-23
6901959.23801 1.41216473069e-23
6915965.06115 1.40296329321e-23
6929970.88429 1.39376185574e-23
6943976.70743 1.38456041826e-23
6957982.53058 1.37535898078e-23
6971988.35372 1.36615754331e-23
6985994.17686 1.35695610583e-23
7000000.0 1.34775466835e-23
10689958.9025 1e-300
16325031.6196 1e-300
24930559.585 1e-300
38072379.6256 1e-300
58141739.074 1e-300
88790400.1743 1e-300
135595104.114 1e-300
207072298.622 1e-300
316227766.017 1e-300
