10644.401677 1.26060171084e-19
16635.0942588 8.38493431332e-20
22625.7868406 6.29542663681e-20
28616.4794224 5.02024394113e-20
34607.1720042 4.1690285015e-20
40597.8645861 3.58051073138e-20
46588.5571679 3.13254850596e-20
52579.2497497 2.78196437523e-20
58569.9423315 2.50500069667e-20
64560.6349133 2.27860027624e-20
70551.3274951 2.08805952952e-20
76542.0200769 1.92299839398e-20
82532.7126587 1.7851403389e-20
88523.4052405 1.66539839232e-20
94514.0978223 1.55486417822e-20
100504.790404 1.46622463753e-20
106495.482986 1.37911239055e-20
112486.175568 1.30945902517e-20
118476.86815 1.23980565979e-20
124467.560731 1.1827709646e-20
130458.253313 1.1281301961e-20
136448.945895 1.07785573184e-20
142439.638477 1.03391815342e-20
148430.331059 9.89980574993e-21
154421.02364 9.52055200658e-21
160411.716222 9.16978277598e-21
166402.408804 8.81901354538e-21
172393.101386 8.51071584422e-21
178383.793968 8.22888573421e-21
184374.486549 7.9470556242e-21
190365.179131 7.67607892926e-21
196355.871713 7.45456508414e-21
202346.564295 7.23305123901e-21
208337.256877 7.01153739389e-21
214327.949459 6.80386601474e-21
220318.64204 6.62500485709e-21
226309.334622 6.44614369944e-21
232300.027204 6.26728254179e-21
238290.719786 6.08842138413e-21
244281.412368 5.94329124116e-21
250272.104949 5.7982047952e-21
256262.797531 5.65311834924e-21
262253.490113 5.50803190328e-21
268244.182695 5.36744770069e-21
274234.875277 5.2534022457e-21
280225.567858 5.13935679071e-21
286216.26044 5.02531133572e-21
292206.953022 4.91126588073e-21
298197.645604 4.79722042574e-21
304188.338186 4.69999705512e-21
310179.030767 4.61001267915e-21
316169.723349 4.52002830318e-21
322160.415931 4.43004392721e-21
328151.108513 4.34005955124e-21
334141.801095 4.25007517527e-21
340132.493677 4.1703672269e-21
346123.186258 4.09783781618e-21
352113.87884 4.02530840547e-21
358104.571422 3.95277899475e-21
364095.264004 3.88024958403e-21
370085.956586 3.80772017331e-21
376076.649167 3.73519076259e-21
382067.341749 3.67312391168e-21
388058.034331 3.61487286153e-21
394048.726913 3.55662181138e-21
400039.419495 3.49837076123e-21
406030.112076 3.44011971108e-21
412020.804658 3.38186866093e-21
418011.49724 3.32361761078e-21
424002.189822 3.26587429565e-21
429992.882404 3.2202481962e-21
435983.574985 3.17462209675e-21
441974.267567 3.1289959973e-21
447964.960149 3.08336989785e-21
453955.652731 3.0377437984e-21
459946.345313 2.99211769895e-21
465937.037895 2.9464915995e-21
471927.730476 2.90086550005e-21
477918.423058 2.85889128703e-21
483909.11564 2.82219301395e-21
489899.808222 2.78549474088e-21
495890.500804 2.74879646781e-21
501881.193385 2.71209819474e-21
507871.885967 2.67539992167e-21
513862.578549 2.6387016486e-21
519853.271131 2.60200337553e-21
525843.963713 2.56530510246e-21
531834.656294 2.52860682939e-21
537825.348876 2.49762393476e-21
543816.041458 2.46881207681e-21
549806.73404 2.44000021886e-21
555797.426622 2.41118836092e-21
561788.119203 2.38237650297e-21
567778.811785 2.35356464502e-21
573769.504367 2.32475278707e-21
579760.196949 2.29594092913e-21
585750.889531 2.26712907118e-21
591741.582113 2.23831721323e-21
597732.274694 2.20950535528e-21
603722.967276 2.18581745879e-21
609713.659858 2.16297264014e-21
615704.35244 2.1401278215e-21
621695.045022 2.11728300285e-21
627685.737603 2.0944381842e-21
633676.430185 2.07159336555e-21
639667.122767 2.0487485469e-21
645657.815349 2.02590372826e-21
651648.507931 2.00305890961e-21
657639.200512 1.98021409096e-21
663629.893094 1.95736927231e-21
669620.585676 1.93452445366e-21
675611.278258 1.91492363258e-21
681601.97084 1.89694341974e-21
687592.663421 1.87896320689e-21
693583.356003 1.86098299404e-21
699574.048585 1.84300278119e-21
705564.741167 1.82502256834e-21
711555.433749 1.80704235549e-21
717546.126331 1.78906214264e-21
723536.818912 1.77108192979e-21
729527.511494 1.75310171694e-21
735518.204076 1.73512150409e-21
741508.896658 1.71714129124e-21
747499.58924 1.69916107839e-21
753490.281821 1.68118086554e-21
759480.974403 1.66672128506e-21
765471.666985 1.65230673002e-21
771462.359567 1.63789217498e-21
777453.052149 1.62347761994e-21
783443.74473 1.6090630649e-21
789434.437312 1.59464850985e-21
795425.129894 1.58023395481e-21
801415.822476 1.56581939977e-21
807406.515058 1.55140484473e-21
813397.207639 1.53699028969e-21
819387.900221 1.52257573465e-21
825378.592803 1.5081611796e-21
831369.285385 1.49374662456e-21
837359.977967 1.47933206952e-21
843350.670549 1.46491751448e-21
849341.36313 1.45243494898e-21
855332.055712 1.44104509134e-21
861322.748294 1.4296552337e-21
867313.440876 1.41826537606e-21
873304.133458 1.40687551841e-21
879294.826039 1.39548566077e-21
885285.518621 1.38409580313e-21
891276.211203 1.37270594548e-21
897266.903785 1.36131608784e-21
903257.596367 1.3499262302e-21
909248.288948 1.33853637255e-21
915238.98153 1.32714651491e-21
921229.674112 1.31575665727e-21
927220.366694 1.30436679962e-21
933211.059276 1.29297694198e-21
939201.751857 1.28158708434e-21
945192.444439 1.2701972267e-21
951183.137021 1.25976880492e-21
957173.829603 1.25068296238e-21
963164.522185 1.24159711984e-21
969155.214767 1.23251127729e-21
975145.907348 1.22342543475e-21
981136.59993 1.21433959221e-21
987127.292512 1.20525374966e-21
993117.985094 1.19616790712e-21
999108.677676 1.18708206457e-21
1005099.37026 1.17799622203e-21
1011090.06284 1.16891037949e-21
1017080.75542 1.15982453694e-21
1023071.448 1.1507386944e-21
1029062.14058 1.14165285186e-21
1035052.83317 1.13256700931e-21
1041043.52575 1.12348116677e-21
1047034.21833 1.11439532423e-21
1053024.91091 1.10530948168e-21
1059015.60349 1.09622363914e-21
1065006.29608 1.08732172881e-21
1070996.98866 1.08018223168e-21
1076987.68124 1.07304273454e-21
1082978.37382 1.0659032374e-21
1088969.0664 1.05876374027e-21
1094959.75898 1.05162424313e-21
1100950.45157 1.04448474599e-21
1106941.14415 1.03734524886e-21
1112931.83673 1.03020575172e-21
1118922.52931 1.02306625459e-21
1124913.22189 1.01592675745e-21
1130903.91448 1.00878726031e-21
1136894.60706 1.00164776318e-21
1142885.29964 9.94508266042e-22
1148875.99222 9.87368768906e-22
1154866.6848 9.8022927177e-22
1160857.37738 9.73089774634e-22
1166848.06997 9.65950277498e-22
1172838.76255 9.58810780361e-22
1178829.45513 9.51671283225e-22
1184820.14771 9.44531786089e-22
1190810.84029 9.37392288953e-22
1196801.53288 9.30922680454e-22
1202792.22546 9.25401353704e-22
1208782.91804 9.19880026954e-22
1214773.61062 9.14358700204e-22
1220764.3032 9.08837373455e-22
1226754.99578 9.03316046705e-22
1232745.68837 8.97794719955e-22
1238736.38095 8.92273393205e-22
1244727.07353 8.86752066455e-22
1250717.76611 8.81230739705e-22
1256708.45869 8.75709412956e-22
1262699.15128 8.70188086206e-22
1268689.84386 8.64666759456e-22
1274680.53644 8.59145432706e-22
1280671.22902 8.53624105956e-22
1286661.9216 8.48102779207e-22
1292652.61418 8.42581452457e-22
1298643.30677 8.37060125707e-22
1304633.99935 8.31538798957e-22
1310624.69193 8.26017472207e-22
1316615.38451 8.20496145458e-22
1322606.07709 8.14974818708e-22
1328596.76968 8.09453491958e-22
1334587.46226 8.03932165208e-22
1340578.15484 7.98516213855e-22
1346568.84742 7.94191886496e-22
1352559.54 7.89867559138e-22
1358550.23258 7.8554323178e-22
1364540.92517 7.81218904421e-22
1370531.61775 7.76894577063e-22
1376522.31033 7.72570249704e-22
1382513.00291 7.68245922346e-22
1388503.69549 7.63921594988e-22
1394494.38808 7.59597267629e-22
1400485.08066 7.55272940271e-22
1406475.77324 7.50948612912e-22
1412466.46582 7.46624285554e-22
1418457.1584 7.42299958196e-22
1424447.85098 7.37975630837e-22
1430438.54357 7.33651303479e-22
1436429.23615 7.2932697612e-22
1442419.92873 7.25002648762e-22
1448410.62131 7.20678321403e-22
1454401.31389 7.16353994045e-22
1460392.00647 7.12029666687e-22
1466382.69906 7.07705339328e-22
1472373.39164 7.0338101197e-22
1478364.08422 6.99056684611e-22
1484354.7768 6.94732357253e-22
1490345.46938 6.90408029895e-22
1496336.16197 6.86083702536e-22
1502326.85455 6.81759375178e-22
1508317.54713 6.78197488449e-22
1514308.23971 6.74833567964e-22
1520298.93229 6.71469647478e-22
1526289.62487 6.68105726993e-22
1532280.31746 6.64741806508e-22
1538271.01004 6.61377886023e-22
1544261.70262 6.58013965538e-22
1550252.3952 6.54650045052e-22
1556243.08778 6.51286124567e-22
1562233.78037 6.47922204082e-22
1568224.47295 6.44558283597e-22
1574215.16553 6.41194363111e-22
1580205.85811 6.37830442626e-22
1586196.55069 6.34466522141e-22
1592187.24327 6.31102601656e-22
1598177.93586 6.2773868117e-22
1604168.62844 6.24374760685e-22
1610159.32102 6.210108402e-22
1616150.0136 6.17646919715e-22
1622140.70618 6.14282999229e-22
1628131.39877 6.10919078744e-22
1634122.09135 6.07555158259e-22
1640112.78393 6.04191237774e-22
1646103.47651 6.00827317288e-22
1652094.16909 5.97463396803e-22
1658084.86167 5.94099476318e-22
1664075.55426 5.90735555833e-22
1670066.24684 5.87371635347e-22
1676056.93942 5.84007714862e-22
1682047.632 5.80643794377e-22
1688038.32458 5.7742159424e-22
1694029.01717 5.74894666773e-22
1700019.70975 5.72367739306e-22
1706010.40233 5.69840811838e-22
1712001.09491 5.67313884371e-22
1717991.78749 5.64786956904e-22
1723982.48007 5.62260029436e-22
1729973.17266 5.59733101969e-22
1735963.86524 5.57206174502e-22
1741954.55782 5.54679247034e-22
1747945.2504 5.52152319567e-22
1753935.94298 5.496253921e-22
1759926.63557 5.47098464632e-22
1765917.32815 5.44571537165e-22
1771908.02073 5.42044609698e-22
1777898.71331 5.3951768223e-22
1783889.40589 5.36990754763e-22
1789880.09847 5.34463827296e-22
1795870.79106 5.31936899828e-22
1801861.48364 5.29409972361e-22
1807852.17622 5.26883044894e-22
1813842.8688 5.24356117426e-22
1819833.56138 5.21829189959e-22
1825824.25397 5.19302262492e-22
1831814.94655 5.16775335024e-22
1837805.63913 5.14248407557e-22
1843796.33171 5.1172148009e-22
1849787.02429 5.09194552622e-22
1855777.71687 5.06667625155e-22
1861768.40946 5.04140697688e-22
1867759.10204 5.0161377022e-22
1873749.79462 4.99086842753e-22
1879740.4872 4.96559915286e-22
1885731.17978 4.94032987818e-22
1891721.87237 4.91506060351e-22
1897712.56495 4.89483369508e-22
1903703.25753 4.87580490577e-22
1909693.95011 4.85677611647e-22
1915684.64269 4.83774732717e-22
1921675.33527 4.81871853786e-22
1927666.02786 4.79968974856e-22
1933656.72044 4.78066095925e-22
1939647.41302 4.76163216995e-22
1945638.1056 4.74260338064e-22
1951628.79818 4.72357459134e-22
1957619.49077 4.70454580203e-22
1963610.18335 4.68551701273e-22
1969600.87593 4.66648822343e-22
1975591.56851 4.64745943412e-22
1981582.26109 4.62843064482e-22
1987572.95367 4.60940185551e-22
1993563.64626 4.59037306621e-22
1999554.33884 4.5713442769e-22
2005545.03142 4.5523154876e-22
2011535.724 4.5332866983e-22
2017526.41658 4.51425790899e-22
2023517.10917 4.49522911969e-22
2029507.80175 4.47620033038e-22
2035498.49433 4.45717154108e-22
2041489.18691 4.43814275177e-22
2047479.87949 4.41911396247e-22
2053470.57207 4.40008517316e-22
2059461.26466 4.38105638386e-22
2065451.95724 4.36202759456e-22
2071442.64982 4.34299880525e-22
2077433.3424 4.32397001595e-22
2083424.03498 4.30494122664e-22
2089414.72756 4.28591243734e-22
2095405.42015 4.26688364803e-22
2101396.11273 4.24785485873e-22
2107386.80531 4.22882606942e-22
2113377.49789 4.20979728012e-22
2119368.19047 4.19076849082e-22
2125358.88306 4.17285550833e-22
2131349.57564 4.15821996536e-22
2137340.26822 4.14358442238e-22
2143330.9608 4.1289488794e-22
2149321.65338 4.11431333642e-22
2155312.34596 4.09967779345e-22
2161303.03855 4.08504225047e-22
2167293.73113 4.07040670749e-22
2173284.42371 4.05577116451e-22
2179275.11629 4.04113562154e-22
2185265.80887 4.02650007856e-22
2191256.50146 4.01186453558e-22
2197247.19404 3.9972289926e-22
2203237.88662 3.98259344962e-22
2209228.5792 3.96795790665e-22
2215219.27178 3.95332236367e-22
2221209.96436 3.93868682069e-22
2227200.65695 3.92405127771e-22
2233191.34953 3.90941573474e-22
2239182.04211 3.89478019176e-22
2245172.73469 3.88014464878e-22
2251163.42727 3.8655091058e-22
2257154.11986 3.85087356283e-22
2263144.81244 3.83623801985e-22
2269135.50502 3.82160247687e-22
2275126.1976 3.80696693389e-22
2281116.89018 3.79233139091e-22
2287107.58276 3.77769584794e-22
2293098.27535 3.76306030496e-22
2299088.96793 3.74842476198e-22
2305079.66051 3.733789219e-22
2311070.35309 3.71915367603e-22
2317061.04567 3.70451813305e-22
2323051.73826 3.68988259007e-22
2329042.43084 3.67524704709e-22
2335033.12342 3.66061150412e-22
2341023.816 3.64597596114e-22
2347014.50858 3.63134041816e-22
2353005.20116 3.61670487518e-22
2358995.89375 3.6020693322e-22
2364986.58633 3.58743378923e-22
2370977.27891 3.57279824625e-22
2376967.97149 3.55816270327e-22
2382958.66407 3.54352716029e-22
2388949.35666 3.53270338046e-22
2394940.04924 3.52189624178e-22
2400930.74182 3.51108910311e-22
2406921.4344 3.50028196443e-22
2412912.12698 3.48947482575e-22
2418902.81956 3.47866768707e-22
2424893.51215 3.46786054839e-22
2430884.20473 3.45705340971e-22
2436874.89731 3.44624627103e-22
2442865.58989 3.43543913236e-22
2448856.28247 3.42463199368e-22
2454846.97506 3.413824855e-22
2460837.66764 3.40301771632e-22
2466828.36022 3.39221057764e-22
2472819.0528 3.38140343896e-22
2478809.74538 3.37059630028e-22
2484800.43796 3.35978916161e-22
2490791.13055 3.34898202293e-22
2496781.82313 3.33817488425e-22
2502772.51571 3.32736774557e-22
2508763.20829 3.31656060689e-22
2514753.90087 3.30575346821e-22
2520744.59346 3.29494632953e-22
2526735.28604 3.28413919086e-22
2532725.97862 3.27333205218e-22
2538716.6712 3.2625249135e-22
2544707.36378 3.25171777482e-22
2550698.05636 3.24091063614e-22
2556688.74895 3.23010349746e-22
2562679.44153 3.21929635878e-22
2568670.13411 3.20848922011e-22
2574660.82669 3.19768208143e-22
2580651.51927 3.18687494275e-22
2586642.21186 3.17606780407e-22
2592632.90444 3.16526066539e-22
2598623.59702 3.15445352671e-22
2604614.2896 3.14364638803e-22
2610604.98218 3.13283924936e-22
2616595.67476 3.12203211068e-22
2622586.36735 3.111224972e-22
2628577.05993 3.10041783332e-22
2634567.75251 3.08961069464e-22
2640558.44509 3.07880355596e-22
2646549.13767 3.06799641728e-22
2652539.83026 3.05718927861e-22
2658530.52284 3.04638213993e-22
2664521.21542 3.03557500125e-22
2670511.908 3.02476786257e-22
2676502.60058 3.01542898036e-22
2682493.29316 3.00782058972e-22
2688483.98575 3.00021219908e-22
2694474.67833 2.99260380843e-22
2700465.37091 2.98499541779e-22
2706456.06349 2.97738702715e-22
2712446.75607 2.96977863651e-22
2718437.44865 2.96217024587e-22
2724428.14124 2.95456185522e-22
2730418.83382 2.94695346458e-22
2736409.5264 2.93934507394e-22
2742400.21898 2.9317366833e-22
2748390.91156 2.92412829265e-22
2754381.60415 2.91651990201e-22
2760372.29673 2.90891151137e-22
2766362.98931 2.90130312073e-22
2772353.68189 2.89369473008e-22
2778344.37447 2.88608633944e-22
2784335.06705 2.8784779488e-22
2790325.75964 2.87086955816e-22
2796316.45222 2.86326116751e-22
2802307.1448 2.85565277687e-22
2808297.83738 2.84804438623e-22
2814288.52996 2.84043599559e-22
2820279.22255 2.83282760495e-22
2826269.91513 2.8252192143e-22
2832260.60771 2.81761082366e-22
2838251.30029 2.81000243302e-22
2844241.99287 2.80239404238e-22
2850232.68545 2.79478565173e-22
2856223.37804 2.78717726109e-22
2862214.07062 2.77956887045e-22
2868204.7632 2.77196047981e-22
2874195.45578 2.76435208916e-22
2880186.14836 2.75674369852e-22
2886176.84095 2.74913530788e-22
2892167.53353 2.74152691724e-22
2898158.22611 2.73391852659e-22
2904148.91869 2.72631013595e-22
2910139.61127 2.71870174531e-22
2916130.30385 2.71109335467e-22
2922120.99644 2.70348496403e-22
2928111.68902 2.69587657338e-22
2934102.3816 2.68826818274e-22
2940093.07418 2.6806597921e-22
2946083.76676 2.67305140146e-22
2952074.45935 2.66544301081e-22
2958065.15193 2.65783462017e-22
2964055.84451 2.65022622953e-22
2970046.53709 2.64261783889e-22
2976037.22967 2.63500944824e-22
2982027.92225 2.6274010576e-22
2988018.61484 2.61979266696e-22
2994009.30742 2.61218427632e-22
3000000.0 2.60457588567e-22
5033679.49621 1e-300
8445976.42353 1e-300
14171446.1162 1e-300
23778172.5823 1e-300
39897233.2616 1e-300
66943295.0082 1e-300
112323697.164 1e-300
188467163.784 1e-300
316227766.017 1e-300
