11193.6056928 2.67661166056e-18
21191.2136975 1.588636804e-18
31188.8217021 1.0713174109e-18
41186.4297067 7.80298853739e-19
51184.0377113 5.9514827734e-19
61181.645716 4.7101364411e-19
71179.2537206 3.81445535224e-19
81176.8617252 3.16762684487e-19
91174.4697298 2.66808822113e-19
101172.077734 2.27491562003e-19
111169.685739 1.96310957667e-19
121167.293744 1.71860748632e-19
131164.901748 1.51147888821e-19
141162.509753 1.33069262683e-19
151160.117758 1.1932552528e-19
161157.725762 1.06602957026e-19
171155.333767 9.62132854168e-20
181152.941771 8.68181611497e-20
191150.549776 7.90826375609e-20
201148.157781 7.17632863984e-20
211145.765785 6.60141962091e-20
221143.37379 6.02651060199e-20
231140.981795 5.56713267241e-20
241138.589799 5.14032046579e-20
251136.197804 4.71968134982e-20
261133.805808 4.40661463271e-20
271131.413813 4.0935479156e-20
281129.021818 3.78048119849e-20
291126.629822 3.55187439756e-20
301124.237827 3.32362084976e-20
311121.845832 3.09536730196e-20
321119.453836 2.90191798215e-20
331117.061841 2.73535074899e-20
341114.669845 2.56878351583e-20
351112.27785 2.40221628267e-20
361109.885855 2.26872762386e-20
371107.493859 2.14849735487e-20
381105.101864 2.02826708589e-20
391102.709869 1.9080368169e-20
401100.317873 1.80130257209e-20
411097.925878 1.71535103432e-20
421095.533882 1.62939949655e-20
431093.141887 1.54344795877e-20
441090.749892 1.457496421e-20
451088.357896 1.3850190845e-20
461085.965901 1.32372662122e-20
471083.573906 1.26243415793e-20
481081.18191 1.20114169464e-20
491078.789915 1.13984923135e-20
501076.397919 1.08051952665e-20
511074.005924 1.03745720913e-20
521071.613929 9.94394891614e-21
531069.221933 9.51332574097e-21
541066.829938 9.08270256581e-21
551064.437943 8.65207939064e-21
561062.045947 8.22214165465e-21
571059.653952 7.9212592657e-21
581057.261956 7.62037687676e-21
591054.869961 7.31949448781e-21
601052.477966 7.01861209886e-21
611050.08597 6.71772970992e-21
621047.693975 6.41684732097e-21
631045.30198 6.13053286562e-21
641042.909984 5.92167932166e-21
651040.517989 5.7128257777e-21
661038.125993 5.50397223374e-21
671035.733998 5.29511868978e-21
681033.342003 5.08626514582e-21
691030.950007 4.87741160186e-21
701028.558012 4.66855805789e-21
711026.166016 4.49119431314e-21
721023.774021 4.34851621904e-21
731021.382026 4.20583812495e-21
741018.99003 4.06316003085e-21
751016.598035 3.92048193675e-21
761014.20604 3.77780384266e-21
771011.814044 3.63512574856e-21
781009.422049 3.49244765446e-21
791007.030053 3.34976956036e-21
801004.638058 3.24677354273e-21
811002.246063 3.15045253047e-21
820999.854067 3.0541315182e-21
830997.462072 2.95781050594e-21
840995.070077 2.86148949367e-21
850992.678081 2.76516848141e-21
860990.286086 2.66884746914e-21
870987.89409 2.57252645688e-21
880985.502095 2.47620544461e-21
890983.1101 2.38571390396e-21
900980.718104 2.3210087165e-21
910978.326109 2.25630352904e-21
920975.934114 2.19159834158e-21
930973.542118 2.12689315412e-21
940971.150123 2.06218796666e-21
950968.758127 1.99748277919e-21
960966.366132 1.93277759173e-21
970963.974137 1.86807240427e-21
980961.582141 1.80336721681e-21
990959.190146 1.73866202935e-21
1000956.79815 1.68138738802e-21
1010954.40616 1.63902005813e-21
1020952.01416 1.59665272824e-21
1030949.62216 1.55428539835e-21
1040947.23017 1.51191806846e-21
1050944.83817 1.46955073857e-21
1060942.44618 1.42718340868e-21
1070940.05418 1.38481607879e-21
1080937.66219 1.3424487489e-21
1090935.27019 1.30008141901e-21
1100932.8782 1.25771408912e-21
1110930.4862 1.21534675923e-21
1120928.09421 1.17533761245e-21
1130925.70221 1.14801067521e-21
1140923.31022 1.12068373798e-21
1150920.91822 1.09335680075e-21
1160918.52622 1.06602986352e-21
1170916.13423 1.03870292629e-21
1180913.74223 1.01137598906e-21
1190911.35024 9.84049051825e-22
1200908.95824 9.56722114594e-22
1210906.56625 9.29395177362e-22
1220904.17425 9.02068240131e-22
1230901.78226 8.74741302899e-22
1240899.39026 8.47414365668e-22
1250896.99827 8.20087428436e-22
1260894.60627 7.97655805705e-22
1270892.21428 7.80213250501e-22
1280889.82228 7.62770695298e-22
1290887.43028 7.45328140094e-22
1300885.03829 7.27885584891e-22
1310882.64629 7.10443029687e-22
1320880.2543 6.93000474484e-22
1330877.8623 6.7555791928e-22
1340875.47031 6.58115364076e-22
1350873.07831 6.40672808873e-22
1360870.68632 6.23230253669e-22
1370868.29432 6.05787698466e-22
1380865.90233 5.88345143262e-22
1390863.51033 5.70902588059e-22
1400861.11834 5.53460032855e-22
1410858.72634 5.37119237138e-22
1420856.33434 5.26283302847e-22
1430853.94235 5.15447368555e-22
1440851.55035 5.04611434264e-22
1450849.15836 4.93775499973e-22
1460846.76636 4.82939565682e-22
1470844.37437 4.7210363139e-22
1480841.98237 4.61267697099e-22
1490839.59038 4.50431762808e-22
1500837.19838 4.39595828517e-22
1510834.80639 4.28759894225e-22
1520832.41439 4.17923959934e-22
1530830.0224 4.07088025643e-22
1540827.6304 3.96252091352e-22
1550825.2384 3.8541615706e-22
1560822.84641 3.74580222769e-22
1570820.45441 3.63744288478e-22
1580818.06242 3.52908354186e-22
1590815.67042 3.46157213164e-22
1600813.27843 3.39541474769e-22
1610810.88643 3.32925736373e-22
1620808.49444 3.26309997978e-22
1630806.10244 3.19694259582e-22
1640803.71045 3.13078521186e-22
1650801.31845 3.06462782791e-22
1660798.92646 2.99847044395e-22
1670796.53446 2.93231306e-22
1680794.14246 2.86615567604e-22
1690791.75047 2.79999829209e-22
1700789.35847 2.73384090813e-22
1710786.96648 2.66768352418e-22
1720784.57448 2.60152614022e-22
1730782.18249 2.53536875627e-22
1740779.79049 2.46921137231e-22
1750777.3985 2.40305398835e-22
1760775.0065 2.3368966044e-22
1770772.61451 2.27073922044e-22
1780770.22251 2.22231314325e-22
1790767.83052 2.18260113397e-22
1800765.43852 2.1428891247e-22
1810763.04653 2.10317711542e-22
1820760.65453 2.06346510614e-22
1830758.26253 2.02375309686e-22
1840755.87054 1.98404108758e-22
1850753.47854 1.9443290783e-22
1860751.08655 1.90461706902e-22
1870748.69455 1.86490505974e-22
1880746.30256 1.82519305046e-22
1890743.91056 1.78548104118e-22
1900741.51857 1.7457690319e-22
1910739.12657 1.70605702262e-22
1920736.73458 1.66634501334e-22
1930734.34258 1.62663300406e-22
1940731.95059 1.58692099478e-22
1950729.55859 1.54720898551e-22
1960727.16659 1.50749697623e-22
1970724.7746 1.46778496695e-22
1980722.3826 1.42807295767e-22
1990719.99061 1.38867301347e-22
2000717.59861 1.36590431349e-22
2010715.20662 1.34313561351e-22
2020712.81462 1.32036691353e-22
2030710.42263 1.29759821355e-22
2040708.03063 1.27482951356e-22
2050705.63864 1.25206081358e-22
2060703.24664 1.2292921136e-22
2070700.85465 1.20652341362e-22
2080698.46265 1.18375471364e-22
2090696.07065 1.16098601365e-22
2100693.67866 1.13821731367e-22
2110691.28666 1.11544861369e-22
2120688.89467 1.09267991371e-22
2130686.50267 1.06991121373e-22
2140684.11068 1.04714251374e-22
2150681.71868 1.02437381376e-22
2160679.32669 1.00160511378e-22
2170676.93469 9.78836413798e-23
2180674.5427 9.56067713816e-23
2190672.1507 9.33299013834e-23
2200669.75871 9.10530313852e-23
2210667.36671 8.8776161387e-23
2220664.97471 8.64992913888e-23
2230662.58272 8.42224213906e-23
2240660.19072 8.26664942836e-23
2250657.79873 8.13848570314e-23
2260655.40673 8.01032197793e-23
2270653.01474 7.88215825271e-23
2280650.62274 7.75399452749e-23
2290648.23075 7.62583080227e-23
2300645.83875 7.49766707706e-23
2310643.44676 7.36950335184e-23
2320641.05476 7.24133962662e-23
2330638.66277 7.1131759014e-23
2340636.27077 6.98501217619e-23
2350633.87877 6.85684845097e-23
2360631.48678 6.72868472575e-23
2370629.09478 6.60052100053e-23
2380626.70279 6.47235727532e-23
2390624.31079 6.3441935501e-23
2400621.9188 6.21602982488e-23
2410619.5268 6.08786609967e-23
2420617.13481 5.95970237445e-23
2430614.74281 5.83153864923e-23
2440612.35082 5.70337492401e-23
2450609.95882 5.5752111988e-23
2460607.56683 5.44704747358e-23
2470605.17483 5.31888374836e-23
2480602.78283 5.19072002314e-23
2490600.39084 5.06255629793e-23
2500597.99884 4.93439257271e-23
2510595.60685 4.8333378204e-23
2520593.21485 4.76334094773e-23
2530590.82286 4.69334407506e-23
2540588.43086 4.6233472024e-23
2550586.03887 4.55335032973e-23
2560583.64687 4.48335345706e-23
2570581.25488 4.41335658439e-23
2580578.86288 4.34335971173e-23
2590576.47089 4.27336283906e-23
2600574.07889 4.20336596639e-23
2610571.68689 4.13336909372e-23
2620569.2949 4.06337222106e-23
2630566.9029 3.99337534839e-23
2640564.51091 3.92337847572e-23
2650562.11891 3.85338160305e-23
2660559.72692 3.78338473038e-23
2670557.33492 3.71338785772e-23
2680554.94293 3.64339098505e-23
2690552.55093 3.57339411238e-23
2700550.15894 3.50339723971e-23
2710547.76694 3.43340036705e-23
2720545.37495 3.36340349438e-23
2730542.98295 3.29340662171e-23
2740540.59096 3.22340974904e-23
2750538.19896 3.15341287637e-23
2760535.80696 3.08341600371e-23
2770533.41497 3.01341913104e-23
2780531.02297 2.94342225837e-23
2790528.63098 2.8734253857e-23
2800526.23898 2.80342851304e-23
2810523.84699 2.73343164037e-23
2820521.45499 2.6927728295e-23
2830519.063 2.65605061707e-23
2840516.671 2.61932840465e-23
2850514.27901 2.58260619223e-23
2860511.88701 2.54588397981e-23
2870509.49502 2.50916176739e-23
2880507.10302 2.47243955497e-23
2890504.71102 2.43571734255e-23
2900502.31903 2.39899513013e-23
2910499.92703 2.3622729177e-23
2920497.53504 2.32555070528e-23
2930495.14304 2.28882849286e-23
2940492.75105 2.25210628044e-23
2950490.35905 2.21538406802e-23
2960487.96706 2.1786618556e-23
2970485.57506 2.14193964318e-23
2980483.18307 2.10521743075e-23
2990480.79107 2.06849521833e-23
3000478.39908 2.03177300591e-23
3010476.00708 1.99505079349e-23
3020473.61508 1.95832858107e-23
3030471.22309 1.92160636865e-23
3040468.83109 1.88488415623e-23
3050466.4391 1.8481619438e-23
3060464.0471 1.81143973138e-23
3070461.65511 1.77471751896e-23
3080459.26311 1.73799530654e-23
3090456.87112 1.70127309412e-23
3100454.47912 1.6645508817e-23
3110452.08713 1.62782866928e-23
3120449.69513 1.59110645686e-23
3130447.30314 1.55438424443e-23
3140444.91114 1.51766203201e-23
3150442.51914 1.48093981959e-23
3160440.12715 1.45459079432e-23
3170437.73515 1.43621275918e-23
3180435.34316 1.41783472403e-23
3190432.95116 1.39945668889e-23
3200430.55917 1.38107865374e-23
3210428.16717 1.3627006186e-23
3220425.77518 1.34432258345e-23
3230423.38318 1.3259445483e-23
3240420.99119 1.30756651316e-23
3250418.59919 1.28918847801e-23
3260416.2072 1.27081044287e-23
3270413.8152 1.25243240772e-23
3280411.4232 1.23405437258e-23
3290409.03121 1.21567633743e-23
3300406.63921 1.19729830229e-23
3310404.24722 1.17892026714e-23
3320401.85522 1.16054223199e-23
3330399.46323 1.14216419685e-23
3340397.07123 1.1237861617e-23
3350394.67924 1.10540812656e-23
3360392.28724 1.08703009141e-23
3370389.89525 1.06865205627e-23
3380387.50325 1.05027402112e-23
3390385.11126 1.03189598598e-23
3400382.71926 1.01351795083e-23
3410380.32726 9.95139915685e-24
3420377.93527 9.7676188054e-24
3430375.54327 9.58383845394e-24
3440373.15128 9.40005810249e-24
3450370.75928 9.21627775103e-24
3460368.36729 9.03249739958e-24
3470365.97529 8.84871704812e-24
3480363.5833 8.66493669666e-24
3490361.1913 8.48115634521e-24
3500358.79931 8.29737599375e-24
3510356.40731 8.1135956423e-24
3520354.01532 7.92981529084e-24
3530351.62332 7.74603493939e-24
3540349.23132 7.5680369419e-24
3550346.83933 7.47745154753e-24
3560344.44733 7.38686615317e-24
3570342.05534 7.2962807588e-24
3580339.66334 7.20569536443e-24
3590337.27135 7.11510997006e-24
3600334.87935 7.02452457569e-24
3610332.48736 6.93393918132e-24
3620330.09536 6.84335378696e-24
3630327.70337 6.75276839259e-24
3640325.31137 6.66218299822e-24
3650322.91938 6.57159760385e-24
3660320.52738 6.48101220948e-24
3670318.13539 6.39042681511e-24
3680315.74339 6.29984142075e-24
3690313.35139 6.20925602638e-24
3700310.9594 6.11867063201e-24
3710308.5674 6.02808523764e-24
3720306.17541 5.93749984327e-24
3730303.78341 5.8469144489e-24
3740301.39142 5.75632905454e-24
3750298.99942 5.66574366017e-24
3760296.60743 5.5751582658e-24
3770294.21543 5.48457287143e-24
3780291.82344 5.39398747706e-24
3790289.43144 5.30340208269e-24
3800287.03945 5.21281668833e-24
3810284.64745 5.12223129396e-24
3820282.25545 5.03164589959e-24
3830279.86346 4.94106050522e-24
3840277.47146 4.85047511085e-24
3850275.07947 4.75988971648e-24
3860272.68747 4.66930432212e-24
3870270.29548 4.57871892775e-24
3880267.90348 4.48813353338e-24
3890265.51149 4.39754813901e-24
3900263.11949 4.30696274464e-24
3910260.7275 4.21637735027e-24
3920258.3355 4.12579195591e-24
3930255.94351 4.03520656154e-24
3940253.55151 3.94462116717e-24
3950251.15951 3.8540357728e-24
3960248.76752 3.76345037843e-24
3970246.37552 3.67286498407e-24
3980243.98353 3.62499536635e-24
3990241.59153 3.5840513793e-24
4000239.19954 3.54310739224e-24
4010236.80754 3.50216340518e-24
4020234.41555 3.46121941812e-24
4030232.02355 3.42027543107e-24
4040229.63156 3.37933144401e-24
4050227.23956 3.33838745695e-24
4060224.84757 3.2974434699e-24
4070222.45557 3.25649948284e-24
4080220.06357 3.21555549578e-24
4090217.67158 3.17461150873e-24
4100215.27958 3.13366752167e-24
4110212.88759 3.09272353461e-24
4120210.49559 3.05177954755e-24
4130208.1036 3.0108355605e-24
4140205.7116 2.96989157344e-24
4150203.31961 2.92894758638e-24
4160200.92761 2.88800359933e-24
4170198.53562 2.84705961227e-24
4180196.14362 2.80611562521e-24
4190193.75163 2.76517163815e-24
4200191.35963 2.7242276511e-24
4210188.96763 2.68328366404e-24
4220186.57564 2.64233967698e-24
4230184.18364 2.60139568993e-24
4240181.79165 2.56045170287e-24
4250179.39965 2.51950771581e-24
4260177.00766 2.47856372876e-24
4270174.61566 2.4376197417e-24
4280172.22367 2.39667575464e-24
4290169.83167 2.35573176758e-24
4300167.43968 2.31478778053e-24
4310165.04768 2.27384379347e-24
4320162.65569 2.23289980641e-24
4330160.26369 2.19195581936e-24
4340157.87169 2.1510118323e-24
4350155.4797 2.11006784524e-24
4360153.0877 2.06912385819e-24
4370150.69571 2.02817987113e-24
4380148.30371 1.98723588407e-24
4390145.91172 1.94629189701e-24
4400143.51972 1.90534790996e-24
4410141.12773 1.8644039229e-24
4420138.73573 1.82345993584e-24
4430136.34374 1.78251594879e-24
4440133.95174 1.74157196173e-24
4450131.55975 1.70062797467e-24
4460129.16775 1.6696998863e-24
4470126.77575 1.65460068467e-24
4480124.38376 1.63950148304e-24
4490121.99176 1.62440228141e-24
4500119.59977 1.60930307978e-24
4510117.20777 1.59420387815e-24
4520114.81578 1.57910467652e-24
4530112.42378 1.56400547489e-24
4540110.03179 1.54890627326e-24
4550107.63979 1.53380707163e-24
4560105.2478 1.51870787e-24
4570102.8558 1.50360866837e-24
4580100.46381 1.48850946674e-24
4590098.07181 1.47341026512e-24
4600095.67982 1.45831106349e-24
4610093.28782 1.44321186186e-24
4620090.89582 1.42811266023e-24
4630088.50383 1.4130134586e-24
4640086.11183 1.39791425697e-24
4650083.71984 1.38281505534e-24
4660081.32784 1.36771585371e-24
4670078.93585 1.35261665208e-24
4680076.54385 1.33751745045e-24
4690074.15186 1.32241824882e-24
4700071.75986 1.30731904719e-24
4710069.36787 1.29221984556e-24
4720066.97587 1.27712064394e-24
4730064.58388 1.26202144231e-24
4740062.19188 1.24692224068e-24
4750059.79988 1.23182303905e-24
4760057.40789 1.21672383742e-24
4770055.01589 1.20162463579e-24
4780052.6239 1.18652543416e-24
4790050.2319 1.17142623253e-24
4800047.83991 1.1563270309e-24
4810045.44791 1.14122782927e-24
4820043.05592 1.12612862764e-24
4830040.66392 1.11102942601e-24
4840038.27193 1.09593022438e-24
4850035.87993 1.08083102276e-24
4860033.48794 1.06573182113e-24
4870031.09594 1.0506326195e-24
4880028.70394 1.03553341787e-24
4890026.31195 1.02043421624e-24
4900023.91995 1.00533501461e-24
4910021.52796 9.9023581298e-25
4920019.13596 9.75136611351e-25
4930016.74397 9.60037409722e-25
4940014.35197 9.44938208093e-25
4950011.95998 9.29839006463e-25
4960009.56798 9.14739804834e-25
4970007.17599 8.99640603205e-25
4980004.78399 8.84541401576e-25
4990002.392 8.69442199947e-25
5000000.0 8.54342998317e-25
7926554.46867 1e-300
12566053.149 1e-300
19921100.9483 1e-300
31581138.3485 1e-300
50065922.6604 1e-300
79370052.5984 1e-300
125826209.021 1e-300
199473659.878 1e-300
316227766.017 1e-300
