100.0 5.628681585551908e-13
112.2018454301963 5.482472713985032e-13
125.89254117941675 5.309830499044542e-13
141.2537544622754 5.114081099603829e-13
158.4893192461114 4.891738237100277e-13
177.82794100389228 4.653150290323677e-13
199.5262314968879 4.402955441396669e-13
223.87211385683398 4.144214308894895e-13
251.18864315095794 3.8796422270220425e-13
281.8382931264455 3.6125019398121895e-13
316.22776601683796 3.343164635203553e-13
354.8133892335753 3.0788988128049557e-13
398.1071705534973 2.821844608616412e-13
446.683592150963 2.573855220350883e-13
501.18723362727246 2.336700130770183e-13
562.341325190349 2.112153565696163e-13
630.957344480193 1.8989871736271501e-13
707.945784384138 1.6992984212918957e-13
794.3282347242814 1.5126728309794044e-13
891.2509381337459 1.338448842629528e-13
1000.0 1.175766315296327e-13
1122.0184543019636 1.0236734950575435e-13
1258.9254117941675 8.779767484072e-14
1412.537544622754 7.449297153060692e-14
1584.8931924611134 6.300649695297909e-14
1778.279410038923 5.3284646082906275e-14
1995.26231496888 4.501873848589452e-14
2238.72113856834 3.7847955336252365e-14
2511.8864315095793 3.1549186604951134e-14
2818.382931264454 2.611273983210069e-14
3162.277660168379 2.1447677568010505e-14
3548.1338923357553 1.7475657052357662e-14
3981.0717055349737 1.4120784959478667e-14
4466.83592150963 1.1307222135228144e-14
5011.872336272722 8.94500715455339e-15
5623.413251903491 7.00150381924315e-15
6309.573444801933 5.415356623820349e-15
7079.45784384138 4.135275835015823e-15
7943.282347242814 3.115140195718001e-15
8912.509381337455 2.3125862933726934e-15
10000.0 1.6841547552605425e-15
11220.184543019635 1.2061254142411373e-15
12589.254117941673 8.488808696691432e-16
14125.375446227546 5.868202614889297e-16
15848.931924611135 3.983213658644733e-16
17782.79410038923 2.655015947551701e-16
19952.623149688796 1.7239235649175155e-16
22387.211385683393 1.0962336589019762e-16
25118.8643150958 6.822327159107852e-17
28183.82931264454 4.15367854682196e-17
31622.776601683792 2.471506276058159e-17
35481.33892335755 1.4335805703202446e-17
39810.71705534972 7.985272181881605e-18
44668.359215096316 4.322473147282249e-18
50118.72336272722 2.2831308966303275e-18
56234.13251903491 1.1842706185744864e-18
63095.73444801933 6.19232723088727e-19
70794.5784384138 3.4060065369079435e-19
79432.82347242815 2.024172986891269e-19
89125.09381337457 1.237226436221338e-19
100000.0 8.858777568759007e-20
244843.67468222292 1e-300
599484.2503189408 1e-300
1467799.2676220706 1e-300
3593813.6638046256 1e-300
8799225.435691074 1e-300
21544346.900318865 1e-300
52749970.6370262 1e-300
129154966.50148827 1e-300
316227766.01683795 1e-300
