100015.44967365984 1.372318529908085e-18
100220.64210588987 1.3620703298957885e-18
100426.25551242297 1.3518011046009745e-18
100632.29075693335 1.3415108108880087e-18
100838.74870486687 1.3311994055327695e-18
101045.63022344501 1.3219689721189372e-18
101252.93618166842 1.3151868852197581e-18
101460.6674503208 1.3083908841412034e-18
101668.82490197173 1.3015809403368534e-18
101877.4094109816 1.2947570252017034e-18
102086.42185350446 1.2879191100720665e-18
102295.86310749181 1.2810671662254535e-18
102505.73405269641 1.2742011648804434e-18
102716.03557067615 1.2673210771965638e-18
102926.76854479687 1.2604268742741904e-18
103137.93386023736 1.253518527154391e-18
103349.5324039923 1.2465960068188241e-18
103561.56506487602 1.2396592841896179e-18
103774.03273352647 1.2327083301292413e-18
103986.93630240875 1.2257431154403857e-18
104200.27666581921 1.2187636108658334e-18
104414.0547198883 1.2117697870883643e-18
104628.27136258558 1.2047616147305893e-18
104842.92749372273 1.1977390643548553e-18
105058.02401495745 1.1907021064631152e-18
105273.56182979733 1.183650711496802e-18
105489.54184360376 1.176584849836702e-18
105705.96496359498 1.1695044918028527e-18
105922.83209885108 1.162409607654381e-18
106140.14416031711 1.1553001675894026e-18
106357.90206080691 1.1481761417448919e-18
106576.1067150071 1.1410375001965573e-18
106794.75903948088 1.1338842129587126e-18
107013.85995267211 1.1267162499841462e-18
107233.41037490824 1.1195335811640236e-18
107453.41122840559 1.1123361763277162e-18
107673.86343727222 1.1051240052427047e-18
107894.76792751212 1.0978970376144453e-18
108116.12562702909 1.0906552430862408e-18
108337.93746563088 1.0833985912391062e-18
108560.20437503206 1.0761270515916724e-18
108782.9272888595 1.0688405936000105e-18
109006.1071426552 1.0615391866575367e-18
109229.74487388061 1.054222800094873e-18
109453.84142192038 1.0468914031797202e-18
109678.3977280865 1.0395449651167296e-18
109903.41473562235 1.0321834550473631e-18
110128.89338970576 1.0248068420497973e-18
110354.83463745443 1.0174150951387457e-18
110581.23942792893 1.0100081832653603e-18
110808.10871213695 1.0025860753170924e-18
111035.44344303718 9.95148740117564e-19
111263.24457554378 9.87696146426426e-19
111491.51306652922 9.802282629392597e-19
111720.24987482984 9.727450582874004e-19
111949.45596124885 9.652465010378333e-19
112179.13228856075 9.57732559693056e-19
112409.27982151517 9.50203202690946e-19
112639.89952684131 9.426583984046195e-19
112870.99237325105 9.350981151423297e-19
113102.55933144431 9.275223211472882e-19
113334.60137411233 9.202956039588212e-19
113567.11947594213 9.153961003675152e-19
113800.1146136195 9.104865449186121e-19
114033.58776583563 9.055669169896273e-19
114267.53991328774 9.006371959158059e-19
114501.97203868692 8.956973609899577e-19
114736.88512675845 8.90747391462451e-19
114972.28016424991 8.857872665410408e-19
115208.15813993178 8.808169653908568e-19
115444.52004460311 8.758364671342833e-19
115681.36687109713 8.708457508508422e-19
115918.69961428209 8.658447955771732e-19
116156.51927106916 8.6083358030687e-19
116394.82684041344 8.558120839904572e-19
116633.6233233194 8.507802855352757e-19
116872.9097228467 8.457381638053606e-19
117112.68704411088 8.406856976214269e-19
117352.95629429158 8.356228657606957e-19
117593.71848263276 8.305496469568889e-19
117834.97462045102 8.254660199000572e-19
118076.72572113624 8.203719632365619e-19
118318.97280015735 8.152674555689565e-19
118561.71687506817 8.101524754558627e-19
118804.95896550814 8.05027001411955e-19
119048.70009321054 7.998910119077871e-19
119292.94128200292 7.947444853697842e-19
119537.68355781525 7.8958740018006995e-19
119782.92794868092 7.844197346764469e-19
120028.6754847423 7.79241467152275e-19
120274.92719825682 7.7405257585635e-19
120521.6841235976 7.6885303899288565e-19
120768.94729726198 7.636428347213357e-19
121016.71775787175 7.584219411563883e-19
121264.9965461815 7.531903363677892e-19
121513.78470507961 7.479479983803242e-19
121763.083279594 7.42694905173694e-19
122012.89331689815 7.374310346823901e-19
122263.21586631183 7.321563647956774e-19
122514.05197930966 7.2687087335741665e-19
122765.40270952201 7.215745381660422e-19
123017.26911274079 7.162673369744422e-19
123269.65224692557 7.109492474898285e-19
123522.55317220438 7.056202473737211e-19
123775.97295088226 7.002803142417661e-19
124029.91264744164 6.9492942566372975e-19
124284.37332855085 6.89567559163317e-19
124539.35606306519 6.841946922181518e-19
124794.86192203268 6.788108022596518e-19
125050.89197870038 6.734158666728996e-19
125307.44730851507 6.680098627966259e-19
125564.52898913207 6.625927679230236e-19
125822.13810041553 6.571645592977432e-19
126080.27572444706 6.517252141197085e-19
126338.94294552687 6.462747095410959e-19
126598.14085017955 6.4081302266720985e-19
126857.87052716054 6.353401305563471e-19
127118.13306745677 6.298560102197844e-19
127378.9295642956 6.26298188026586e-19
127640.2611131457 6.228124627741437e-19
127902.12881172312 6.193195861821409e-19
128164.5337599977 6.158195435788221e-19
128427.47706019378 6.123123202623608e-19
128690.9598167992 6.087979015007382e-19
128954.98313656563 6.052762725317401e-19
129219.54812851749 6.017474185628385e-19
129484.65590395287 5.982113247711775e-19
129750.30757644986 5.946679763034901e-19
130016.50426187275 5.911173582760158e-19
130283.24707837294 5.875594557744861e-19
130550.53714639806 5.839942538540065e-19
130818.3755886923 5.804217375390497e-19
131086.7635303054 5.768418918233357e-19
131355.70209859373 5.732547016698193e-19
131625.1924232264 5.696601520106049e-19
131895.23563619194 5.660582277468621e-19
132165.83287179895 5.624489137488128e-19
132436.98526668554 5.588321948556085e-19
132708.69395981941 5.552080558753273e-19
132980.9600925073 5.515764815848485e-19
133253.78480839566 5.479374567298432e-19
133527.16925347742 5.44290966024685e-19
133801.1145760982 5.406369941523664e-19
134075.62192695733 5.369755257644848e-19
134350.6924591172 5.333065454811184e-19
134626.3273280042 5.296300378908151e-19
134902.52769141516 5.259459875505035e-19
135179.29470952385 5.222543789854082e-19
135456.62954488216 5.185551966890334e-19
135734.5333624292 5.148484251230425e-19
136013.00732949196 5.111340487172483e-19
136292.05261579444 5.074120518694908e-19
136571.67039345886 5.036824189456231e-19
136851.86183701214 4.999451342794219e-19
137132.6281233926 4.962001821725017e-19
137413.97043195082 4.924475468943005e-19
137695.8899444593 4.886872126819515e-19
137978.38784511283 4.849191637402801e-19
138261.46532053783 4.811433842416762e-19
138545.1235597936 4.773598583260798e-19
138829.36375437898 4.73568570100892e-19
139114.18709823894 4.697695036408863e-19
139399.59478776564 4.659626429881945e-19
139685.58802180813 4.621479721521777e-19
139972.16800167318 4.583254751094145e-19
140259.3359311324 4.54495135803609e-19
140547.09301642855 4.506569381455013e-19
140835.44046627695 4.468108660128537e-19
141124.37949187504 4.429569032503207e-19
141413.9113069028 4.3909503366944295e-19
141704.03712753256 4.35225241048519e-19
141994.75817242995 4.3134750913258934e-19
142286.07566276094 4.274618216333453e-19
142577.9908221985 4.2356816222903815e-19
142870.50487692383 4.2082964384599747e-19
143163.61905563605 4.184015372730444e-19
143457.33458955275 4.1596844917879074e-19
143751.65271241992 4.135303693431011e-19
144046.57466051285 4.1108728752488677e-19
144342.10167264324 4.0863919346204863e-19
144638.23499016612 4.06186076871419e-19
144934.9758569809 4.037279274487528e-19
145232.3255195413 4.0126473486864453e-19
145530.28522685607 3.987964887845256e-19
145828.85623049864 3.9632317882858007e-19
146128.03978460847 3.9384479461173595e-19
146427.837145898 3.9136132572360738e-19
146728.24957365976 3.888727617324355e-19
147029.27832976743 3.8637909218507914e-19
147330.92467868605 3.838803066069319e-19
147633.18988747284 3.813763945019126e-19
147936.07522578476 3.788673453524054e-19
148239.58196588533 3.7635314861920236e-19
148543.71138264574 3.738337937414932e-19
148848.46475355525 3.7130927013678005e-19
149153.84335872158 3.6877956720087517e-19
149459.84848088116 3.662446743078143e-19
149766.4814054002 3.637045808098482e-19
150073.74342028206 3.611592760373829e-19
150381.63581617438 3.586087492989186e-19
150690.15988637027 3.5605298988104226e-19
150999.31692681857 3.5349198704833947e-19
151309.10823612448 3.509257300433926e-19
151619.53511555993 3.4835420808669277e-19
151930.5988690646 3.457774103766311e-19
152242.30080325343 3.431953260894388e-19
152554.64222742384 3.406079443791247e-19
152867.62445355693 3.3801525437746714e-19
153181.24879632794 3.3541724519392596e-19
153495.5165731075 3.3281390591563364e-19
153810.42910396896 3.3020522560733403e-19
154125.98771169572 3.2759119331132014e-19
154442.19372178262 3.24971798047425e-19
154759.0484624463 3.223470288129339e-19
155076.553264626 3.1971687458257983e-19
155394.70946199395 3.1708132430845476e-19
155713.51839095668 3.1444036692000115e-19
156032.9813906625 3.117939913239486e-19
156353.09980300895 3.091421864042522e-19
156673.87497264426 3.0648494102208194e-19
156995.30824697771 3.0382224401573463e-19
157317.40097618054 3.011540842006286e-19
157640.15451319638 2.984804503692145e-19
157963.5702137429 2.958013312909654e-19
158287.64943631893 2.9311671571231407e-19
158612.39354221246 2.9042659235658894e-19
158937.80389550168 2.877309499240052e-19
159263.88186306597 2.8502977709157316e-19
159590.62881458638 2.823230625130947e-19
159918.0461225566 2.7961079481907175e-19
160246.13516228428 2.7753542813632727e-19
160574.89731189847 2.7586291893539466e-19
160904.33395235776 2.7418697840227965e-19
161234.44646745117 2.725075994972425e-19
161565.23624380937 2.708247751660876e-19
161896.70467090595 2.691384983401566e-19
162228.85314106508 2.6744876193628917e-19
162561.6830494694 2.657555588567831e-19
162895.19579416135 2.6405888198938784e-19
163229.39277605416 2.623587242072478e-19
163564.27539893257 2.606550783688997e-19
163899.84506946406 2.5894793731821477e-19
164236.10319719996 2.57237293884393e-19
164573.0511945834 2.5552314088192305e-19
164910.69047695745 2.53805471110541e-19
165249.0224625661 2.5208427735522486e-19
165588.04857256575 2.5035955238613633e-19
165927.7702310258 2.4863128895861815e-19
166268.18886493985 2.4689947981313626e-19
166609.30590422722 2.4516411767527284e-19
166951.1227817409 2.4342519525568606e-19
167293.64093327543 2.4168270525006886e-19
167636.86179756845 2.399366403391424e-19
167980.78681631194 2.381869931885978e-19
168325.41743415364 2.364337564490894e-19
168670.75509870524 2.3467692275619347e-19
169016.8012605503 2.3291648473036705e-19
169363.55737324568 2.3115243497694114e-19
169711.0248933332 2.293847660860619e-19
170059.2052803401 2.2761347063268725e-19
170408.09999679078 2.258385411765279e-19
170757.71050820805 2.2405997026204054e-19
171108.03828312148 2.222777504183859e-19
171459.08479307554 2.204918741593871e-19
171810.85151263085 2.187023339835227e-19
172163.33991937616 2.169091223738667e-19
172516.55149392888 2.1511223179808548e-19
172870.48771994674 2.1331165470837827e-19
173225.15008412936 2.1150738354146926e-19
173580.54007622635 2.0969941071856635e-19
173936.659189046 2.0788772864531738e-19
174293.5089184563 2.0607232971180448e-19
174651.09076339702 2.0425320629248253e-19
175009.40622588107 2.0243035074617266e-19
175368.45681100286 2.0060375541601939e-19
175728.24402694686 1.9877341262944728e-19
176088.7693849889 1.9693931469815442e-19
176450.03439950803 1.951014539180511e-19
176812.04058798766 1.9325982256925634e-19
177174.78947102703 1.9141441291603635e-19
177538.28257234313 1.8956521720679757e-19
177902.5214187789 1.8771222767404333e-19
178267.50754031193 1.8585543653433008e-19
178633.24247005588 1.839948359882604e-19
178999.72774427265 1.8213041822042073e-19
179366.96490237303 1.802621753993783e-19
179734.955486929 1.787242014104274e-19
180103.70104367498 1.7761184682994227e-19
180473.20312151685 1.7649721013461992e-19
180843.4632725403 1.753802866424524e-19
181214.48305201237 1.7426107166183467e-19
181586.26401839382 1.7313956049152815e-19
181958.8077333398 1.7201574842065735e-19
182332.11576171246 1.708896307286733e-19
182706.18967158208 1.6976120268534902e-19
183081.03103423596 1.6863045955075295e-19
183456.64142418743 1.6749739657522238e-19
183833.02241917705 1.6636200899935908e-19
184210.17560018523 1.6522429205399134e-19
184588.1025514338 1.6408424096016976e-19
184966.80486039468 1.6294185092914066e-19
185346.28411779902 1.6179711716231844e-19
185726.5419176384 1.6065003485128237e-19
186107.5798571777 1.595005991777371e-19
186489.39953695587 1.583488053135113e-19
186872.00256079828 1.5719464842051929e-19
187255.39053581876 1.5603812365075605e-19
187639.56507242806 1.548792261462704e-19
188024.52778434329 1.5371795103913782e-19
188410.2802885892 1.5255429345145581e-19
188796.82420551102 1.5138824849530514e-19
189184.16115877533 1.5021981127274764e-19
189572.29277538287 1.4904897687578748e-19
189961.22068566995 1.478757403863663e-19
190350.94652331786 1.4670009687633573e-19
190741.47192536172 1.4552204140743007e-19
191132.79853219225 1.4434156903126135e-19
191524.9279875686 1.4315867478928013e-19
191917.86193861996 1.4197335371277121e-19
192311.60203585477 1.4078560082282522e-19
192706.1499331701 1.3959541113031112e-19
193101.5072878529 1.3840277963587172e-19
193497.67576059353 1.3720770132988321e-19
193894.65701548607 1.3601017119245397e-19
194292.452720042 1.348101841933838e-19
194691.06454519148 1.3360773529215963e-19
195090.49416529265 1.3240281943792736e-19
195490.74325814133 1.3119543156946308e-19
195891.81350497217 1.2998556661516928e-19
196293.70659047234 1.287732194930334e-19
196696.4242027821 1.2755838511062658e-19
197099.96803350837 1.263410583650624e-19
197504.33977772604 1.2512123414299285e-19
197909.5411339878 1.2389890732057915e-19
198315.57380433337 1.2267407276346306e-19
198722.4394942913 1.2144672532676264e-19
199130.13991289225 1.2021685985503067e-19
199538.6767726701 1.189844711822529e-19
199948.0517896754 1.1774955413180652e-19
200358.26668347674 1.1651210351645588e-19
200769.32317717085 1.1527211413832296e-19
201181.2229973918 1.1402958078885844e-19
201593.96787431292 1.1292201664579086e-19
202007.55954166033 1.1219586919007984e-19
202421.9997367147 1.1146823196490742e-19
202837.29020032092 1.1073910191385306e-19
203253.43267689782 1.1000847597422126e-19
203670.42891443986 1.092763510770389e-19
204088.28066453093 1.0854272414703082e-19
204506.98968234524 1.0780759210261825e-19
204926.5577266612 1.0707095185589454e-19
205346.98655986311 1.0633280031262211e-19
205768.27794795088 1.0559313437221548e-19
206190.4336605502 1.0485195092772325e-19
206613.45547091385 1.0410924686582592e-19
207037.34515593608 1.0336501906681061e-19
207462.10449615328 1.0261926440457004e-19
207887.73527575805 1.0187197974657744e-19
208314.23928260108 1.0112316195388374e-19
208741.61830820094 1.0037280788109995e-19
209169.8741477542 9.962091437637964e-20
209599.00860013714 9.886747828141585e-20
210029.02346792002 9.811249643141611e-20
210459.92055736863 9.735596565509953e-20
210891.7016784547 9.6597882774679e-20
211324.36864486564 9.583824460584328e-20
211757.92327400658 9.507704795775423e-20
212192.3673870146 9.431428963302139e-20
212627.7028087596 9.354996642770042e-20
213063.93136785895 9.278407513126777e-20
213501.05489667886 9.201661252661775e-20
213939.07523134496 9.12475753900444e-20
214377.99421175246 9.047696049122333e-20
214817.81368156782 8.9704764593209e-20
215258.53548824353 8.89309844524087e-20
215700.1614830187 8.81556168185815e-20
216142.6935209341 8.737865843481181e-20
216586.13346083357 8.660010603750693e-20
217030.48316537464 8.581995635637855e-20
217475.74450103895 8.503820611442432e-20
217921.91933813383 8.425485202792493e-20
218369.00955080724 8.346989080641802e-20
218817.01701704875 8.268331915269676e-20
219265.94361870427 8.189513376278336e-20
219715.79124147794 8.110533132592644e-20
220166.56177494247 8.031390852458211e-20
220618.25711255008 7.952086203439551e-20
221070.879151634 7.872618852419786e-20
221524.42979342345 7.792988465597975e-20
221978.9109430458 7.713194708488829e-20
222434.32450953682 7.633237245920819e-20
222890.6724058516 7.553115742034309e-20
223347.95654886632 7.472829860281233e-20
223806.17885939335 7.392379263422445e-20
224265.3412621823 7.311763613527526e-20
224725.44568593518 7.230982571972147e-20
225186.49406330817 7.15003579943771e-20
225648.48833092258 7.068922955909492e-20
226111.4304293756 6.99079419758489e-20
226575.32230324222 6.944436640645658e-20
227040.16590109034 6.897983976201533e-20
227505.9631754821 6.851436009129438e-20
227972.71608298918 6.804792543905612e-20
228440.42658419462 6.758053384605436e-20
228909.09664370373 6.711218334902338e-20
229378.7282301552 6.664287198066673e-20
229849.32331622296 6.617259776965559e-20
230320.88387863172 6.570135874061307e-20
230793.411898159 6.522915291411226e-20
231266.90935964597 6.475597830666535e-20
231741.3782520087 6.428183293071239e-20
232216.8205682401 6.380671479461941e-20
232693.2383054257 6.333062190266263e-20
233170.63346474423 6.285355225502772e-20
233649.00805148418 6.237550384779357e-20
234128.36407504498 6.189647467293083e-20
234608.7035489488 6.141646271829032e-20
235090.02849085143 6.093546596759189e-20
235572.34092254442 6.04534824004226e-20
236055.64286997088 5.997050999222068e-20
236539.93636322676 5.948654671427446e-20
237025.2234365767 5.900159053370638e-20
237511.50612845586 5.851563941347109e-20
237998.78648148166 5.802869131234401e-20
238487.06654246495 5.754074418490985e-20
238976.34836241204 5.705179598156083e-20
239466.6339965409 5.656184464848032e-20
239957.92550428212 5.607088812764194e-20
240450.22494929537 5.557892435679309e-20
240943.53439947122 5.508595126945328e-20
241437.85592694263 5.459196679490233e-20
241933.1916080969 5.4096968858168774e-20
242429.5435235771 5.3600955380028215e-20
242926.91375829914 5.310392427698638e-20
243425.30440145318 5.2605873461277594e-20
243924.71754651572 5.210680084085278e-20
244425.1552912612 5.160670431936789e-20
244926.61973776383 5.1105581796181993e-20
245429.1129924145 5.0603431166340444e-20
245932.63716592162 5.0100250320574067e-20
246437.19437332783 4.9596037145282276e-20
246942.7867340121 4.9090789522531243e-20
247449.41637170155 4.858450533004192e-20
247957.08541448327 4.807718244117825e-20
248465.7959948063 4.756881872494515e-20
248975.55024949895 4.705941204597138e-20
249486.35031976903 4.6548960264509083e-20
249998.1983512216 4.6037461236416185e-20
250511.09649386047 4.5524912813154825e-20
251025.04690210044 4.501131284177922e-20
251540.0517347794 4.449665916492346e-20
252056.1131551603 4.398094962079968e-20
252573.2333309482 4.346418204318076e-20
253091.4144342926 4.2946354261398406e-20
253610.65864179903 4.242746410033106e-20
254130.96813454208 4.2118641636051147e-20
254652.34509806658 4.1828634855667824e-20
255174.79172240561 4.153803309524007e-20
255698.310202081 4.1246835134103663e-20
256222.90273612118 4.095503974908764e-20
256748.5715280629 4.066264571451337e-20
257275.31878596375 4.0369651802187615e-20
257803.14672241456 4.007605678139557e-20
258332.05755454116 3.9781859418899906e-20
258862.05350402265 3.94870584789307e-20
259393.13679709143 3.91916527231852e-20
259925.30966455172 3.889564091081775e-20
260458.57434178147 3.859902179843865e-20
260992.93306874443 3.830179414010737e-20
261528.3880900033 3.800395668732533e-20
262064.94165472127 3.7705508189035014e-20
262602.5960166805 3.7406447391609694e-20
263141.35343428346 3.7106773038852587e-20
263681.2161705662 3.680648387198968e-20
264222.1864932108 3.6505578629662605e-20
264764.2666745476 3.620405604792759e-20
265307.45899157267 3.5901914860245435e-20
265851.76572594984 3.559915379748076e-20
266397.1891640282 3.529577158789209e-20
266943.731596844 3.499176695713068e-20
267491.395320134 3.468713862823326e-20
268040.1826343483 3.438188532161491e-20
268590.09584465204 3.407600575506797e-20
269141.137260944 3.376949864375176e-20
269693.3091978579 3.3462362700192017e-20
270246.61397478025 3.3154596634270634e-20
270801.05391585286 3.2846199153224636e-20
271356.63134998566 3.253716896163866e-20
271913.3486108702 3.222750476143787e-20
272471.208036981 3.1917205251886786e-20
273030.21197159495 3.160626912957885e-20
273590.36276279186 3.129469508843584e-20
274151.6627634734 3.09824818196976e-20
274714.11433136504 3.066962801192067e-20
275277.7198290295 3.0356132350971087e-20
275842.48162387987 3.004199352001687e-20
276408.40208818146 2.9727210199527037e-20
276975.4835990715 2.941178106726082e-20
277543.72853856056 2.9095704798266636e-20
278113.1392935461 2.8778980064874696e-20
278683.7182558262 2.8461605536689367e-20
279255.4678221011 2.8143579880588134e-20
279828.3903939929 2.7824901760710925e-20
280402.4883780463 2.750556983845953e-20
280977.7641857478 2.718558277248689e-20
281554.2202335279 2.6864939218696024e-20
282131.8589427746 2.6543637830232284e-20
282710.68273984734 2.6221677257475927e-20
283290.6940560787 2.589905614804092e-20
283871.89532779384 2.5575773146764088e-20
284454.288996312 2.52518268957045e-20
285037.8775079656 2.50367011260028e-20
285622.66331410233 2.485932701346463e-20
286208.6488710993 2.4681588998892824e-20
286795.8366403765 2.4503486335702576e-20
287384.2290883991 2.4325018275778833e-20
287973.82868669723 2.4146184069470232e-20
288564.63791186817 2.3966982965588532e-20
289156.65924559 2.3787414211404325e-20
289749.89517463604 2.360747705264283e-20
290344.34819087654 2.342717073348321e-20
290940.020791299 2.324649449655259e-20
291536.9154780088 2.3065447582925637e-20
292135.0347582496 2.2884029232118613e-20
292734.3811444053 2.270223868208863e-20
293334.9571540142 2.2520075169229372e-20
293936.76530978334 2.233753792836683e-20
294539.80813959026 2.2154626192758622e-20
295144.08817650384 2.1971339194087837e-20
295749.6079587848 2.178767616246276e-20
296356.37002990633 2.160363632641065e-20
296964.37693855603 2.141921891287718e-20
297573.63123865065 2.1234423147221948e-20
298184.13548935 2.1049248253214254e-20
298795.89225505956 2.0863693453032283e-20
299408.90410545067 2.0677757967257025e-20
300023.17361546203 2.049144101487183e-20
300638.70336531964 2.030474181325628e-20
301255.49594053975 2.011765957818538e-20
301873.55393194273 1.9930193523825287e-20
302492.8799356685 1.9742342862728748e-20
303113.4765531777 1.9554106805834524e-20
303735.3463912736 1.9365484562460994e-20
304358.4920621035 1.917647534030551e-20
304982.91618317424 1.8987078345439943e-20
305608.6213773659 1.8797292782306216e-20
306235.6102729353 1.8607117853715527e-20
306863.8855035359 1.8416552760842103e-20
307493.44970821985 1.8225596703222784e-20
308124.3055314582 1.8034248878750664e-20
308756.45562314376 1.7842508483674378e-20
309389.9026386062 1.765037471259355e-20
310024.6492386262 1.7457846758454324e-20
310660.6980894385 1.7264923812548594e-20
311298.05186275294 1.7071605064507594e-20
311936.7132357555 1.687788970230151e-20
312576.6848911301 1.6683776912233037e-20
313217.96951706026 1.6489265878936612e-20
313860.56980724476 1.6294355785373932e-20
314504.48846091254 1.609904581282921e-20
315149.7281828255 1.5903335140908563e-20
315796.29168329935 1.5707222947533436e-20
316444.1816782066 1.551070840893985e-20
317093.4008889918 1.5313790699673796e-20
317743.9520426865 1.5116468992586545e-20
318395.83787191217 1.4918742458833993e-20
319049.0611149013 1.4720610267870008e-20
319703.6245154995 1.4574360497172605e-20
320359.53082318633 1.4467715372197896e-20
321016.78279307863 1.4360851453300344e-20
321675.38318594557 1.4253768291600945e-20
322335.3347682243 1.414646543729912e-20
322996.64031202224 1.4038942439672342e-20
323659.30259513954 1.393119884707252e-20
324323.32440106984 1.3823234206925806e-20
324988.70851902285 1.3715048065729002e-20
325655.4577439266 1.3606639969049135e-20
326323.57487644313 1.3498009461520932e-20
326993.06272298464 1.338915608684421e-20
327663.9240957152 1.3280079387783534e-20
328336.1618125741 1.3170778906164514e-20
329009.77869727626 1.3061254182873645e-20
329684.7775793353 1.2951504757854625e-20
330361.1612940658 1.2841530170107968e-20
331038.9326825994 1.2731329957688372e-20
331718.0945919006 1.2620903657702154e-20
332398.64987476915 1.2510250806306847e-20
333080.6013898633 1.2399370938707472e-20
333763.9520017021 1.2288263589156144e-20
334448.70458068117 1.2176928290949426e-20
335134.86200308957 1.2065364576425736e-20
335822.4271511115 1.1953571976964928e-20
336511.40291284997 1.1841550022984541e-20
337201.79218232766 1.1729298243939596e-20
337893.59785951034 1.1616816168318851e-20
338586.82285030896 1.1504103323644381e-20
339281.47006659646 1.1391159236468927e-20
339977.5424262239 1.1277983432373211e-20
340675.042853023 1.1164575435965569e-20
341373.9742768297 1.1050934770878073e-20
342074.3396334852 1.0937060959766416e-20
342776.14186485944 1.0822953524306027e-20
343479.38391885377 1.0708611985191716e-20
344184.0687494175 1.0594035862134931e-20
344890.1993165645 1.0479224673861074e-20
345597.77858637564 1.036417793810907e-20
346306.8095310228 1.0248895171627526e-20
347017.2951287714 1.0133375890174286e-20
347729.23836399714 1.0017619608513719e-20
348442.64222720236 9.901625840414009e-21
349157.5097150195 9.785394098646686e-21
349873.84383023443 9.668923894982766e-21
350591.6475817878 9.552214740192521e-21
351310.9239847992 9.435266144041602e-21
352031.6760605697 9.318077615290594e-21
352753.9068365991 9.200648661692223e-21
353477.6193466025 9.082978789988656e-21
354202.8166305134 8.965067505910996e-21
354929.5017345077 8.846914314175374e-21
355657.67771100515 8.728518718482724e-21
356387.3476186936 8.609880221514844e-21
357118.5145225319 8.490998324933918e-21
357851.18149376684 8.371872529379744e-21
358585.3516099507 8.275449211290869e-21
359321.02795494377 8.214268123243339e-21
360058.2136189391 8.152961515625419e-21
360796.91169846366 8.091529130920485e-21
361537.12529640325 8.029970711083093e-21
362278.85752200516 7.968285997538758e-21
363022.11149089556 7.90647473118251e-21
363766.89032509713 7.844536652377415e-21
364513.1971530318 7.782471500954374e-21
365261.03510954574 7.72027901621002e-21
366010.40733591205 7.657958936906498e-21
366761.31697984866 7.595511001269997e-21
367513.7671955357 7.532934946989274e-21
368267.7611436185 7.470230511215421e-21
369023.3019912328 7.407397430559783e-21
369780.39291200606 7.344435441093813e-21
370539.03708608286 7.281344278347005e-21
371299.23770012736 7.218123677306631e-21
372060.99794734205 7.154773372416256e-21
372824.3210274846 7.091293097574263e-21
373589.2101468716 7.027682586133587e-21
374355.6685184038 6.963941570899617e-21
375123.6993615672 6.900069784130062e-21
375893.3059024594 6.836066957532826e-21
376664.4913737919 6.771932822265759e-21
377437.25901490834 6.707667108935157e-21
378211.61207180313 6.64326954759424e-21
378987.5537971237 6.5787398677429214e-21
379765.0874501971 6.514077798325632e-21
380544.21629703237 6.44928306773109e-21
381324.9436103393 6.3843554037907884e-21
382107.2726695465 6.3192945337774265e-21
382891.20676080463 6.2541001844047134e-21
383676.7491770122 6.188772081825148e-21
384463.90321781754 6.123309951629928e-21
385252.67218964454 6.0577135188467525e-21
386043.05940569605 5.991982507939574e-21
386835.06818597234 5.926116642807057e-21
387628.70185728953 5.860115646781014e-21
388423.96375328285 5.793979242626177e-21
389220.8572144334 5.727707152537964e-21
390019.38558806875 5.661299098142385e-21
390819.5522283908 5.594754800493803e-21
391621.3604964779 5.528073980074689e-21
392424.81376030407 5.46125635679405e-21
393229.9153947578 5.394301649985869e-21
394036.66878164525 5.327209578408836e-21
394845.077309717 5.259979860244122e-21
395655.14437467133 5.1926122130950975e-21
396466.87337917316 5.125106353985784e-21
397280.267732873 5.057461999359238e-21
398095.33085241023 4.9896788650773074e-21
398912.06616144057 4.9217566664183544e-21
399730.47709063685 4.8536951180771615e-21
400550.56707771705 4.785493934162616e-21
401372.3395674471 4.7171528281974876e-21
402195.7980116601 4.656188961222297e-21
403020.9458692759 4.6219204492650625e-21
403847.78660630435 4.5875816317766956e-21
404676.3236958724 4.55317236451772e-21
405506.56061822624 4.5186925029530006e-21
406338.50086075853 4.484141902250601e-21
407172.14791801193 4.44952041728166e-21
408007.50529169827 4.414827902619564e-21
408844.5764907189 4.3800642125391296e-21
409683.3650311668 4.345229201016486e-21
410523.8744363559 4.310322721727899e-21
411366.10823682137 4.275344628049714e-21
412210.0699703489 4.24029477305718e-21
413055.76318197674 4.205173009524331e-21
413903.19142401655 4.169979189923143e-21
414752.35825607274 4.134713166422717e-21
415603.26724504615 4.0993747908891444e-21
416455.921965162 4.063963914884318e-21
417310.32599797344 4.0284803896658096e-21
418166.4829323816 3.992924066186031e-21
419024.39636465575 3.957294795091388e-21
419884.06989843625 3.921592426722165e-21
420745.50714476395 3.8858168111113065e-21
421608.7117220809 3.849967797984381e-21
422473.68725625984 3.8140452367583594e-21
423340.4373806071 3.778048976541493e-21
424208.96573588334 3.741978866132459e-21
425079.27597032354 3.705834754019521e-21
425951.3717396408 3.669616488380379e-21
426825.2567070548 3.633323917080972e-21
427700.9345432943 3.596956887675403e-21
428578.4089266255 3.56051524740473e-21
429457.6835428561 3.523998843196822e-21
430338.76208535506 3.487407521665515e-21
431221.6482550746 3.450741129109728e-21
432106.34576055227 3.413999511513342e-21
432992.8583179415 3.3771825145439627e-21
433881.18965101446 3.340289983552787e-21
434771.3434911827 3.3033217635737346e-21
435663.3235775189 3.266277699322574e-21
436557.1336567597 3.2291576351967872e-21
437452.77748333523 3.1919614152743234e-21
438350.25881937175 3.154688883313536e-21
439249.5814347206 3.117339882751941e-21
440150.7491069622 3.079914256706068e-21
441053.765621427 3.042411847970584e-21
441958.634771217 3.0048324990174073e-21
442865.3603572088 2.9671760519955716e-21
443773.94618808426 2.9294423487299646e-21
444684.39608033176 2.8916312307212566e-21
445596.7138582769 2.853742539144642e-21
446510.903354086 2.8157761148496915e-21
447426.9684077873 2.777731798359465e-21
448344.912867293 2.7396094298696094e-21
449264.7405884019 2.7014088492482223e-21
450186.45543483127 2.663129896034568e-21
451110.0612782176 2.6256492261276247e-21
452035.5619981478 2.606743121551624e-21
452962.9614821626 2.587798229072409e-21
453892.26362577867 2.5688144691124706e-21
454823.47233251005 2.5497917619309195e-21
455756.5915138718 2.530730027623433e-21
456691.6250894118 2.5116291861215866e-21
457628.57698671304 2.49248915719282e-21
458567.4511414169 2.473309860439951e-21
459508.25149724435 2.4540912153007505e-21
460450.98200600024 2.4348331410478545e-21
461395.64662760415 2.4155355567881267e-21
462342.2493300925 2.396198381462624e-21
463290.79408965 2.376821533845949e-21
464241.28489061346 2.357404932546171e-21
465193.72572549374 2.3379484960043853e-21
466148.1205949985 2.318452142494238e-21
467104.47350803594 2.2989157901218564e-21
468062.7884817462 2.279339356825208e-21
469023.0695415037 2.259722760374049e-21
469985.32072094874 2.2400659183692796e-21
470949.54606199154 2.2203687482428643e-21
471915.74961483467 2.20063116725737e-21
472883.93543799577 2.180853092505505e-21
473854.10759831144 2.1610344409100357e-21
474826.2701709694 2.141175129223136e-21
475800.4272395122 2.1212750740263017e-21
476776.58289586054 2.1013341917298864e-21
477754.7412403357 2.0813523985726327e-21
478734.90638166334 2.0613296106216e-21
479717.08243700664 2.0412657437714853e-21
480701.27353196766 2.0211607137445995e-21
481687.4838006205 2.001014436090182e-21
482675.7173855147 1.9808268261843417e-21
483665.97843769885 1.9605977992295642e-21
484658.2711167436 1.9403272702542503e-21
485652.5995907457 1.9200151541126262e-21
486648.9680363609 1.8996613654840783e-21
487647.3806388062 1.8792658188731038e-21
488647.84159189265 1.858828428608638e-21
489650.3550980294 1.8383491088439765e-21
490654.92536824755 1.8178277735562876e-21
491661.55662222335 1.797264336546134e-21
492670.2530882823 1.7766587114373918e-21
493681.0190034326 1.7560108116765685e-21
494693.85861336725 1.735320550532759e-21
495708.7761724978 1.7145878410969544e-21
496725.77594395797 1.6938125962819698e-21
497744.8621996279 1.672994728821948e-21
498766.0392201582 1.6521341512718741e-21
499789.3112949731 1.631230776007498e-21
500814.6827223056 1.6102845152246287e-21
501842.15780920064 1.5892952809390645e-21
502871.74087153975 1.56826298498609e-21
503903.43623406475 1.5471875390199931e-21
504937.24823038233 1.5260688545139695e-21
505973.181202998 1.5049068427594293e-21
507011.23950331815 1.4934752135720062e-21
508051.4274916849 1.4834719235626032e-21
509093.74953738 1.4734481107298351e-21
510138.21001864877 1.4634037329689482e-21
511184.81332272576 1.4533387480887444e-21
512233.5638458377 1.4432531138115446e-21
513284.4659932392 1.4331467877728567e-21
514337.5241792144 1.4230197275213486e-21
515392.74282711186 1.4128718905185167e-21
516450.1263693492 1.4027032341386466e-21
517509.67924743734 1.3925137156685704e-21
518571.40591200616 1.3823032923074297e-21
519635.3108228076 1.3720719211666374e-21
520701.3984487518 1.361819559269534e-21
521769.67326791113 1.351546163551349e-21
522840.1397675452 1.3412516908589625e-21
523912.8024441261 1.330936097950656e-21
524987.6658033422 1.320599341496083e-21
526064.7343601346 1.310241378075912e-21
527144.0126386984 1.29986216418182e-21
528225.5051725196 1.2894616562161363e-21
529309.2165043782 1.2790398104918074e-21
530395.1511863745 1.2685965832321517e-21
531483.3137799544 1.2581319305706124e-21
532573.7088559133 1.2476458085507193e-21
533666.3409944326 1.2371381731257365e-21
534761.2147850821 1.2266089801586466e-21
535858.3348268562 1.2160581854217964e-21
536957.7057281783 1.2054857445968546e-21
538059.3321069257 1.1948916132745704e-21
539163.2185904573 1.1842757469545168e-21
540269.3698156159 1.1736381010450576e-21
541377.790428767 1.1629786308629806e-21
542488.4850857989 1.1522972916334925e-21
543601.458452161 1.1415940384898516e-21
544716.7152028685 1.1308688264733315e-21
545834.260022527 1.1201216105329684e-21
546954.0976053597 1.109352345525309e-21
548076.2326552125 1.0985609862143654e-21
549200.6698855899 1.0877474872712608e-21
550327.41401966 1.0769118032741837e-21
551456.4697902811 1.0660538887081367e-21
552587.8419400287 1.0551736979646766e-21
553721.5352211983 1.0442711853418784e-21
554857.5543958448 1.0333463050439675e-21
555995.904235784 1.0223990111812982e-21
557136.5895226304 1.0114292577699937e-21
558279.6150478019 1.0004369987319014e-21
559424.9856125461 9.894221878943327e-22
560572.7060279681 9.783847789898072e-22
561722.7811150345 9.673247256560066e-22
562875.2157046114 9.562419814354117e-22
564030.0146374669 9.451364997752743e-22
565187.1827643095 9.340082340272529e-22
566346.7249457928 9.228571374473675e-22
567508.6460525426 9.116831631957365e-22
568672.9509651843 9.045173753646747e-22
569839.6445743463 8.990941697236737e-22
571008.7317807012 8.936598377940778e-22
572180.2174949679 8.882143567491222e-22
573354.1066379407 8.827577037152102e-22
574530.4041405164 8.772898557717858e-22
575709.1149436984 8.71810789951312e-22
576890.243998637 8.663204832390874e-22
578073.79626663 8.608189125732387e-22
579259.7767191643 8.553060548445327e-22
580448.1903379188 8.497818868963603e-22
581639.0421147927 8.442463855246024e-22
582832.3370519337 8.386995274775018e-22
584028.080161743 8.331412894556426e-22
585226.2764669142 8.275716481117616e-22
586426.9310004363 8.219905800507424e-22
587630.0488056333 8.163980618294256e-22
588835.6349361691 8.107940699565891e-22
590043.694456076 8.051785808928169e-22
591254.2324397824 7.995515710503642e-22
592467.2539721178 7.939130167931402e-22
593682.7641483541 7.882628944365149e-22
594900.7680742062 7.826011802473141e-22
596121.2708658744 7.769278504436257e-22
597344.2776500477 7.712428811947808e-22
598569.7935639329 7.655462486212199e-22
599797.823755284 7.59837928794357e-22
601028.3733824061 7.5411789773656025e-22
602261.4476141972 7.483861314209593e-22
603497.0516301522 7.426426057714246e-22
604735.1906203927 7.368872966624313e-22
605975.8697856953 7.311201799189243e-22
607219.094337497 7.253412313162969e-22
608464.8694979365 7.19550426580197e-22
609713.2004998559 7.137477413865168e-22
610964.0925868439 7.079331513611989e-22
612217.5510132385 7.021066320802154e-22
613473.5810441583 6.962681590694284e-22
614732.187955531 6.904177078044555e-22
615993.3770340984 6.8455525371064425e-22
617257.1535774587 6.78680772162881e-22
618523.5228940687 6.727942384855754e-22
619792.4903032864 6.668956279524656e-22
621064.0611353748 6.609849157865984e-22
622338.240731533 6.550620771601868e-22
623615.0344439257 6.491270871944703e-22
624894.4476356878 6.431799209596968e-22
626176.4856809677 6.372205534749186e-22
627461.1539649315 6.312489597079734e-22
628748.4578837935 6.252651145753433e-22
630038.4028448472 6.192689929420118e-22
631330.9942664688 6.132605696214436e-22
632626.2375781613 6.072398193753833e-22
633924.1382205569 6.012067169138439e-22
635224.70164546 5.951612368949048e-22
636527.933315852 5.891033539246903e-22
637833.8387059227 5.845532289879015e-22
639142.4233010999 5.813846112153464e-22
640453.6925980556 5.782094926832681e-22
641767.6521047486 5.750278600546481e-22
643084.3073404281 5.718396999651304e-22
644403.6638356766 5.686449990229158e-22
645725.7271324155 5.654437438087488e-22
647050.502783936 5.622359208758437e-22
648377.9963549303 5.590215167498074e-22
649708.2134214968 5.558005179286284e-22
651041.1595711845 5.525729108825689e-22
652376.8404029974 5.493386820541526e-22
653715.2615274271 5.460978178580882e-22
655056.4285664833 5.428503046811943e-22
656400.3471536994 5.3959612888238555e-22
657747.022934177 5.363352767925648e-22
659096.4615645888 5.330677347146174e-22
660448.6687132234 5.297934889233015e-22
661803.6500599907 5.265125256652358e-22
663161.411296453 5.232248311588228e-22
664521.9581258581 5.199303915941707e-22
665885.2962631432 5.166291931330816e-22
667251.4314349818 5.133212219089407e-22
668620.369379785 5.1000646402671045e-22
669992.1158477481 5.066849055628205e-22
671366.6766008548 5.033565325651535e-22
672744.0574129107 5.000213310529689e-22
674124.264069575 4.966792870168226e-22
675507.3023683655 4.933303864185556e-22
676893.1781187057 4.899746151911809e-22
678281.8971419267 4.8661195923887905e-22
679673.4652713133 4.832424044368843e-22
681067.8883521103 4.798659366314725e-22
682465.1722415538 4.764825416398816e-22
683865.3228089056 4.7309220525023205e-22
685268.3459354576 4.696949132215142e-22
686674.2475145792 4.66290651283474e-22
688083.0334517217 4.628794051366013e-22
689494.7096644526 4.594611604520484e-22
690909.2820824881 4.560359028715505e-22
692326.7566476987 4.5260361800741235e-22
693747.1393141566 4.491642914423933e-22
695170.4360481382 4.457179087297017e-22
696596.6528281712 4.422644553928796e-22
698025.7956450408 4.388039169257891e-22
699457.870501823 4.353362787925322e-22
700892.8834139181 4.318615264273673e-22
702330.8404090563 4.283796452346977e-22
703771.7475273457 4.248906205889546e-22
705215.6108212748 4.2139443783459145e-22
706662.4363557614 4.1789108228596585e-22
708112.2302081566 4.1438053922732713e-22
709564.9984682809 4.108627939127339e-22
711020.7472384566 4.073378315659709e-22
712479.4826335142 4.03805637380536e-22
713941.2107808412 4.002661965195215e-22
715405.9378203873 3.9722631856639627e-22
716873.6699046987 3.951294284481561e-22
718344.4131989535 3.9302823633472132e-22
719818.1738809661 3.909227334000949e-22
721294.9581412373 3.8881291080015637e-22
722774.7721829566 3.8669875967265684e-22
724257.6222220518 3.8458027113714898e-22
725743.5144871947 3.8245743629497875e-22
727232.4552198355 3.8033024622923577e-22
728724.4506742384 3.781986920047028e-22
730219.5071174873 3.76062764667848e-22
731717.6308295352 3.739224552467534e-22
733218.8281032073 3.7177775475111165e-22
734723.1052442516 3.6962865417215274e-22
736230.4685713433 3.674751444826382e-22
737740.9244161216 3.653172166368084e-22
739254.4791232243 3.6315486157033277e-22
740771.1390502942 3.6098807020030176e-22
742290.9105680296 3.5881683342515346e-22
743813.8000601869 3.5664114212467038e-22
745339.8139236309 3.5446098715990763e-22
746868.9585683423 3.522763593731824e-22
748401.2404174512 3.500872495880251e-22
749936.6659072761 3.4789364860912575e-22
751475.2414873267 3.4569554722232727e-22
753016.9736203576 3.4349293619455066e-22
754561.8687823733 3.4128580627378783e-22
756109.9334626639 3.3907414818904906e-22
757661.1741638427 3.3685795265031087e-22
759215.5974018513 3.346372103485085e-22
760773.209706012 3.324119119554602e-22
762334.0176190301 3.3018204812386456e-22
763898.0276970464 3.2794760948722554e-22
765465.2465096429 3.2570858665984384e-22
767035.6806398802 3.2346497023676445e-22
768609.336684334 3.2121675079372364e-22
770186.2212531004 3.18963918887141e-22
771766.3409698507 3.1670646505404313e-22
773349.7024718312 3.144443798120607e-22
774936.3124099191 3.121776536593523e-22
776526.1774486265 3.0990627707459567e-22
778119.3042661387 3.0763024051693476e-22
779715.6995543513 3.0534953442592606e-22
781315.3700188766 3.030641492215294e-22
782918.3223790969 3.0077407530403223e-22
784524.5633681698 2.9847930305404105e-22
786134.0997330679 2.9617982283242684e-22
787746.9382346147 2.938756249802712e-22
789363.0856474914 2.9156669981885758e-22
790982.5487602914 2.892530376495947e-22
792605.3343755227 2.8693462875401143e-22
794231.4493096621 2.8461146339367984e-22
795860.9003931613 2.822835318102068e-22
797493.6944704861 2.7995082422517823e-22
799129.8384001534 2.7761333084010487e-22
800769.3390547384 2.7527104183641367e-22
802412.2033209294 2.73136179348409e-22
804058.4380995298 2.720043592294349e-22
805708.0503055146 2.7087021705997734e-22
807361.0468680349 2.697337480761024e-22
809017.4347304587 2.685949475041031e-22
810677.2208504081 2.674538105604712e-22
812340.4121997665 2.6631033245189427e-22
814007.0157647347 2.651645083752165e-22
815677.0385458323 2.64016333517437e-22
817350.4875579551 2.628658030556714e-22
819027.3698303803 2.617129121571476e-22
820707.6924068071 2.6055765597917838e-22
822391.4623453948 2.5940002966913446e-22
824078.6867187703 2.5824002836444007e-22
825769.3726140843 2.5707764719253415e-22
827463.5271330172 2.559128812708657e-22
829161.1573918195 2.5474572570686715e-22
830862.2705213513 2.5357617559792604e-22
832566.873667089 2.5240422603138084e-22
834274.9739891824 2.5122987208448216e-22
835986.5786624573 2.5005310882439023e-22
837701.6948764734 2.488739313081357e-22
839420.32983553 2.4769233458261513e-22
841142.4907587068 2.4650831368456345e-22
842868.1848799047 2.4532186364052573e-22
844597.4194478518 2.441329794668529e-22
846330.2017261616 2.4294165616966203e-22
848066.5389933358 2.4174788874483394e-22
849806.4385428227 2.405516721779738e-22
851549.9076830236 2.3935300144440615e-22
853296.9537373333 2.381518715091469e-22
855047.5840441821 2.369482773268749e-22
856801.8059570421 2.3574221384192785e-22
858559.6268444856 2.345336759882611e-22
860321.0540901915 2.3332265868944428e-22
862086.0950929876 2.3210915685863185e-22
863854.7572668919 2.308931653985348e-22
865627.048041118 2.296746792014162e-22
867402.9748601366 2.284536931490503e-22
869182.5451836765 2.2723020211272077e-22
870965.7664867858 2.2600420095317905e-22
872752.6462598372 2.247756845206403e-22
874543.1920085711 2.235446476547546e-22
876337.4112541374 2.223110851845772e-22
878135.311533102 2.210749919285648e-22
879936.9003975071 2.1983636269453365e-22
881742.1854148748 2.185951922796574e-22
883551.1741682668 2.17351475470426e-22
885363.8742562915 2.1610520704264045e-22
887180.2932931469 2.1485638176138375e-22
889000.4389086626 2.1360499438099165e-22
890824.3187483082 2.123510396450475e-22
892651.9404732521 2.1109451228634112e-22
894483.3117603665 2.0983540702686544e-22
896318.4403022884 2.0857371857777535e-22
898157.3338074253 2.0730944163938263e-22
900000.0 2.06042570901126e-22
1726253.0258408273 1e-300
3311055.0102495663 1e-300
6350798.589076378 1e-300
12181205.867665274 1e-300
23364270.541608006 1e-300
44814047.46557166 1e-300
85955983.37513052 1e-300
164868640.43382534 1e-300
316227766.01683795 1e-300
