0.0897614763442 1.71541645197e-21
0.100714032944 1.77026649929e-21
0.11300300357 1.43431970749e-21
0.126791455397 1.53400654186e-21
0.142262352803 1.36718476954e-21
0.159620985198 1.37081779701e-21
0.179097691085 1.31224210297e-21
0.200950914521 1.20986586758e-21
0.225470634501 1.25800977108e-21
0.252982212813 1.34544286639e-21
0.283850711387 1.54173499313e-21
0.318485736443 2.06110913847e-21
0.357346873721 2.6080373719e-21
0.400949786902 3.69885289613e-21
0.449873060152 5.80058562082e-21
0.504765875584 9.6491807551e-21
0.566356627507 1.61837281591e-20
0.635462587779 2.8311895356e-20
0.713000750507 5.28529123099e-20
0.8 9.12524109194e-20
0.897614763442 1.20070123131e-19
1.00714032944 1.1743304223e-19
1.1300300357 1.33614052351e-19
1.26791455397 1.50498825144e-19
1.42262352803 1.5424692502e-19
1.59620985198 1.52460324542e-19
1.79097691085 1.48477931465e-19
2.00950914521 1.44058728853e-19
2.25470634501 1.38499687169e-19
2.52982212813 1.33112351017e-19
2.83850711387 1.25988299586e-19
3.18485736443 1.18880194864e-19
3.57346873721 1.12039017638e-19
4.00949786902 1.04655303418e-19
4.49873060152 9.75867466618e-20
5.04765875584 9.08837229624e-20
5.66356627507 8.43514227456e-20
6.35462587779 7.8436703242e-20
7.13000750507 7.26562734105e-20
8.0 6.73989415597e-20
8.97614763442 6.25350553314e-20
10.0714032944 5.78893238599e-20
11.300300357 5.32555735792e-20
12.6791455397 4.90747867823e-20
14.2262352803 4.52310294588e-20
15.9620985198 4.16342750466e-20
17.9097691085 3.82124900385e-20
20.0950914521 3.5069978615e-20
22.5470634501 3.21051282208e-20
25.2982212813 2.94097793416e-20
28.3850711387 2.68507424377e-20
31.8485736443 2.45785992473e-20
35.7346873721 2.24876321499e-20
40.0949786902 2.05890683831e-20
44.9873060152 1.88382124444e-20
50.4765875584 1.71708857334e-20
56.6356627507 1.56487064121e-20
63.5462587779 1.4317019407e-20
71.3000750507 1.30676268287e-20
80.0 1.18996871735e-20
89.7614763442 1.08272572195e-20
100.714032944 9.85628060142e-21
113.00300357 8.96112752049e-21
126.791455397 8.15548186286e-21
142.262352803 7.41726220489e-21
159.620985198 6.73696021994e-21
179.097691085 6.11690343868e-21
200.950914521 5.55409090945e-21
225.470634501 5.03937148414e-21
252.982212813 4.56399847763e-21
283.850711387 4.14044352663e-21
318.485736443 3.75607877825e-21
357.346873721 3.41777627942e-21
400.949786902 3.09917384381e-21
449.873060152 2.81222118587e-21
504.765875584 2.55231266858e-21
566.356627507 2.31288513239e-21
635.462587779 2.09249137582e-21
713.000750507 1.8931003892e-21
800.0 1.71210715163e-21
897.614763442 1.54929191136e-21
1007.14032944 1.3975288412e-21
1130.0300357 1.26110408801e-21
1267.91455397 1.13666049735e-21
1422.62352803 1.02542275677e-21
1596.20985198 9.2418505033e-22
1790.97691085 8.31228447695e-22
2009.50914521 7.49967621112e-22
2254.70634501 6.76446231166e-22
2529.82212813 6.08864152008e-22
2838.50711387 5.48543600425e-22
3184.85736443 4.93821392943e-22
3573.46873721 4.43747353466e-22
4009.49786902 3.9804508117e-22
4498.73060152 3.57827678688e-22
5047.65875584 3.21161983615e-22
5663.56627507 2.88352252872e-22
6354.62587779 2.58672524637e-22
7130.00750507 2.31661702696e-22
8000.0 2.07825137235e-22
8976.14763442 1.86476602539e-22
10071.4032944 1.67337659512e-22
11300.300357 1.50087931351e-22
12679.1455397 1.34625053283e-22
14226.2352803 1.20708173642e-22
15962.0985198 1.08348423255e-22
17909.7691085 9.73158743563e-23
20095.0914521 8.73688504731e-23
22547.0634501 7.83186563086e-23
25298.2212813 7.02484551461e-23
28385.0711387 6.31054973205e-23
31848.5736443 5.66151056228e-23
35734.6873721 5.06732589927e-23
40094.9786902 4.53742125107e-23
44987.3060152 4.06986741113e-23
50476.5875584 3.65032842872e-23
56635.6627507 3.27221818895e-23
63546.2587779 2.93202834487e-23
71300.0750507 2.62982452193e-23
80000.0 2.35704329075e-23
89761.4763442 2.11373615212e-23
100714.032944 1.89746014726e-23
113003.00357 1.70205699569e-23
126791.455397 1.52661774368e-23
142262.352803 1.36639294169e-23
159620.985198 1.222378538e-23
179097.691085 1.09476286175e-23
200950.914521 9.79955056767e-24
225470.634501 8.77903915907e-24
252982.212813 7.8579629581e-24
283850.711387 7.03470836845e-24
318485.736443 6.30307531177e-24
357346.873721 5.64476805199e-24
400949.786902 5.05580638893e-24
449873.060152 4.52238514652e-24
504765.875584 4.04514207922e-24
566356.627507 3.62079079545e-24
635462.587779 3.24065351046e-24
713000.750507 2.89924934631e-24
800000.0 2.5914144918e-24
897614.763442 2.31531564225e-24
1007140.32944 2.07126008416e-24
1130030.0357 1.8510612985e-24
1267914.55397 1.65670789013e-24
1422623.52803 1.47955596439e-24
1596209.85198 1.32300164141e-24
1790976.91085 1.18109029224e-24
2009509.14521 1.0542811499e-24
2254706.34501 9.38992870391e-25
2529822.12813 8.37294723238e-25
2838507.11387 7.46785024958e-25
3184857.36443 6.66387119417e-25
3573468.73721 5.93382930714e-25
4009497.86902 5.27963751992e-25
4498730.60152 4.69957322157e-25
5047658.75584 4.16831764453e-25
5663566.27507 3.70024989578e-25
6354625.87779 3.27855574154e-25
7130007.50507 2.90763761498e-25
8000000.0 2.57412232201e-25
8976147.63442 2.2756804937e-25
10071403.2944 2.00648442362e-25
11300300.357 1.76798550104e-25
12679145.5397 1.55446635411e-25
14226235.2803 1.36238822964e-25
15962098.5198 1.19385029652e-25
17909769.1085 1.04229127753e-25
20095091.4521 9.06774303323e-26
22547063.4501 7.8786276512e-26
25298221.2813 6.82309315336e-26
28385071.1387 5.88077682739e-26
31848573.6443 5.04132027794e-26
35734687.3721 4.3138979204e-26
40094978.6902 3.68579574328e-26
44987306.0152 3.128263031e-26
50476587.5584 2.65688024639e-26
56635662.7507 2.25749414061e-26
63546258.7779 1.91876856567e-26
71300075.0507 1.6264943868e-26
80000000.0 1.39716072007e-26
93199444.0601 1e-300
108576704.664 1e-300
126491106.407 1e-300
147361259.946 1e-300
171674843.787 1e-300
200000000.0 1e-300
232998610.15 1e-300
271441761.659 1e-300
316227766.017 1e-300
