10000.0 2.79852237698e-18
30020.0400802 6.67261707901e-19
50040.0801603 3.19237580832e-19
70060.1202405 1.93002734607e-19
90080.1603206 1.30770779595e-19
110100.200401 9.5310355952e-20
130120.240481 7.28641181794e-20
150140.280561 5.77018119368e-20
170160.320641 4.68328772618e-20
190180.360721 3.88234282449e-20
210200.400802 3.27292641136e-20
230220.440882 2.79239982107e-20
250240.480962 2.4048798649e-20
270260.521042 2.1141356613e-20
290280.561122 1.85990582892e-20
310300.601202 1.64915386211e-20
330320.641283 1.47755007017e-20
350340.681363 1.32241117134e-20
370360.721443 1.19949473816e-20
390380.761523 1.08584817031e-20
410400.801603 9.90904889491e-21
430420.841683 9.07716414497e-21
450440.881764 8.28757005857e-21
470460.921844 7.68102348227e-21
490480.961924 7.07447690597e-21
510501.002004 6.54485527503e-21
530521.042084 6.10365965303e-21
550541.082164 5.66246403104e-21
570561.122244 5.27092407305e-21
590581.162325 4.95066919655e-21
610601.202405 4.63041432006e-21
630621.242485 4.31015944356e-21
650641.282565 4.07711673704e-21
670661.322645 3.8455631728e-21
690681.362725 3.61400960855e-21
710701.402806 3.39139088244e-21
730721.442886 3.22475044848e-21
750741.482966 3.05811001453e-21
770761.523046 2.89146958057e-21
790781.563126 2.72482914661e-21
810801.603206 2.59680705392e-21
830821.643287 2.47709938547e-21
850841.683367 2.35739171702e-21
870861.723447 2.23768404856e-21
890881.763527 2.11797638011e-21
910901.803607 2.0313020093e-21
930921.843687 1.94524822462e-21
950941.883768 1.85919443994e-21
970961.923848 1.77314065526e-21
990981.963928 1.68708687058e-21
1011002.00401 1.61464544497e-21
1031022.04409 1.55336169072e-21
1051042.08417 1.49207793648e-21
1071062.12425 1.43079418223e-21
1091082.16433 1.36951042798e-21
1111102.20441 1.30822667374e-21
1131122.24449 1.25505864856e-21
1151142.28457 1.21162210059e-21
1171162.32465 1.16818555262e-21
1191182.36473 1.12474900465e-21
1211202.40481 1.08131245668e-21
1231222.44489 1.03787590871e-21
1251242.48497 9.94439360743e-22
1271262.52505 9.58854331769e-22
1291282.56513 9.28158829596e-22
1311302.60521 8.97463327424e-22
1331322.64529 8.66767825251e-22
1351342.68537 8.36072323078e-22
1371362.72545 8.05376820905e-22
1391382.76553 7.74681318733e-22
1411402.80561 7.4398581656e-22
1431422.84569 7.22044943918e-22
1451442.88577 7.00630100468e-22
1471462.92585 6.79215257018e-22
1491482.96593 6.57800413568e-22
1511503.00601 6.36385570118e-22
1531523.04609 6.14970726668e-22
1551543.08617 5.93555883218e-22
1571563.12625 5.72141039768e-22
1591583.16633 5.52936893134e-22
1611603.20641 5.38137656816e-22
1631623.24649 5.23338420498e-22
1651643.28657 5.0853918418e-22
1671663.32665 4.93739947862e-22
1691683.36673 4.78940711544e-22
1711703.40681 4.64141475226e-22
1731723.44689 4.49342238908e-22
1751743.48697 4.3454300259e-22
1771763.52705 4.19743766272e-22
1791783.56713 4.08012098164e-22
1811803.60721 3.97760560608e-22
1831823.64729 3.87509023052e-22
1851843.68737 3.77257485496e-22
1871863.72745 3.67005947939e-22
1891883.76754 3.56754410383e-22
1911903.80762 3.46502872827e-22
1931923.8477 3.36251335271e-22
1951943.88778 3.25999797715e-22
1971963.92786 3.15748260159e-22
1991983.96794 3.05496722603e-22
2012004.00802 2.97982647403e-22
2032024.0481 2.91004620234e-22
2052044.08818 2.84026593065e-22
2072064.12826 2.77048565896e-22
2092084.16834 2.70070538727e-22
2112104.20842 2.63092511558e-22
2132124.2485 2.5611448439e-22
2152144.28858 2.49136457221e-22
2172164.32866 2.42158430052e-22
2192184.36874 2.35180402883e-22
2212204.40882 2.28202375714e-22
2232224.4489 2.21224348545e-22
2252244.48898 2.15799606796e-22
2272264.52906 2.11121071648e-22
2292284.56914 2.064425365e-22
2312304.60922 2.01764001352e-22
2332324.6493 1.97085466204e-22
2352344.68938 1.92406931056e-22
2372364.72946 1.87728395908e-22
2392384.76954 1.8304986076e-22
2412404.80962 1.78371325612e-22
2432424.8497 1.73692790464e-22
2452444.88978 1.69014255316e-22
2472464.92986 1.64335720168e-22
2492484.96994 1.5965718502e-22
2512505.01002 1.5502664469e-22
2532525.0501 1.51901442166e-22
2552545.09018 1.48776239642e-22
2572565.13026 1.45651037118e-22
2592585.17034 1.42525834593e-22
2612605.21042 1.39400632069e-22
2632625.2505 1.36275429545e-22
2652645.29058 1.3315022702e-22
2672665.33066 1.30025024496e-22
2692685.37074 1.26899821972e-22
2712705.41082 1.23774619447e-22
2732725.4509 1.20649416923e-22
2752745.49098 1.17524214399e-22
2772765.53106 1.14399011874e-22
2792785.57114 1.1127380935e-22
2812805.61122 1.08148606826e-22
2832825.6513 1.05822714797e-22
2852845.69138 1.0380549111e-22
2872865.73146 1.01788267424e-22
2892885.77154 9.97710437369e-23
2912905.81162 9.77538200502e-23
2932925.8517 9.57365963634e-23
2952945.89178 9.37193726767e-23
2972965.93186 9.170214899e-23
2992985.97194 8.96849253032e-23
3013006.01202 8.76677016165e-23
3033026.0521 8.56504779298e-23
3053046.09218 8.3633254243e-23
3073066.13226 8.16160305563e-23
3093086.17234 7.95988068696e-23
3113106.21242 7.75815831828e-23
3133126.25251 7.55643594961e-23
3153146.29259 7.35471358093e-23
3173166.33267 7.19264513521e-23
3193186.37275 7.06383093114e-23
3213206.41283 6.93501672707e-23
3233226.45291 6.806202523e-23
3253246.49299 6.67738831893e-23
3273266.53307 6.54857411486e-23
3293286.57315 6.41975991079e-23
3313306.61323 6.29094570672e-23
3333326.65331 6.16213150265e-23
3353346.69339 6.03331729858e-23
3373366.73347 5.90450309451e-23
3393386.77355 5.77568889044e-23
3413406.81363 5.64687468637e-23
3433426.85371 5.5180604823e-23
3453446.89379 5.38924627823e-23
3473466.93387 5.26043207416e-23
3493486.97395 5.13161787009e-23
3513507.01403 5.00280366602e-23
3533527.05411 4.87398946195e-23
3553547.09419 4.75825048743e-23
3573567.13427 4.67779336053e-23
3593587.17435 4.59733623363e-23
3613607.21443 4.51687910672e-23
3633627.25451 4.43642197982e-23
3653647.29459 4.35596485292e-23
3673667.33467 4.27550772601e-23
3693687.37475 4.19505059911e-23
3713707.41483 4.11459347221e-23
3733727.45491 4.03413634531e-23
3753747.49499 3.9536792184e-23
3773767.53507 3.8732220915e-23
3793787.57515 3.7927649646e-23
3813807.61523 3.7123078377e-23
3833827.65531 3.63185071079e-23
3853847.69539 3.55139358389e-23
3873867.73547 3.47093645699e-23
3893887.77555 3.39047933008e-23
3913907.81563 3.31002220318e-23
3933927.85571 3.22956507628e-23
3953947.89579 3.14910794938e-23
3973967.93587 3.06865082247e-23
3993987.97595 3.00883627831e-23
4014008.01603 2.96037486846e-23
4034028.05611 2.91191345861e-23
4054048.09619 2.86345204877e-23
4074068.13627 2.81499063892e-23
4094088.17635 2.76652922908e-23
4114108.21643 2.71806781923e-23
4134128.25651 2.66960640938e-23
4154148.29659 2.62114499954e-23
4174168.33667 2.57268358969e-23
4194188.37675 2.52422217985e-23
4214208.41683 2.47576077e-23
4234228.45691 2.42729936015e-23
4254248.49699 2.37883795031e-23
4274268.53707 2.33037654046e-23
4294288.57715 2.28191513062e-23
4314308.61723 2.23345372077e-23
4334328.65731 2.18499231092e-23
4354348.69739 2.13653090108e-23
4374368.73747 2.08806949123e-23
4394388.77756 2.03960808139e-23
4414408.81764 1.99114667154e-23
4434428.85772 1.94268526169e-23
4454448.8978 1.89422385185e-23
4474468.93788 1.85348241265e-23
4494488.97796 1.82526910845e-23
4514509.01804 1.79705580426e-23
4534529.05812 1.76884250006e-23
4554549.0982 1.74062919587e-23
4574569.13828 1.71241589167e-23
4594589.17836 1.68420258747e-23
4614609.21844 1.65598928328e-23
4634629.25852 1.62777597908e-23
4654649.2986 1.59956267489e-23
4674669.33868 1.57134937069e-23
4694689.37876 1.54313606649e-23
4714709.41884 1.5149227623e-23
4734729.45892 1.4867094581e-23
4754749.499 1.45849615391e-23
4774769.53908 1.43028284971e-23
4794789.57916 1.40206954551e-23
4814809.61924 1.37385624132e-23
4834829.65932 1.34564293712e-23
4854849.6994 1.31742963293e-23
4874869.73948 1.28921632873e-23
4894889.77956 1.26100302454e-23
4914909.81964 1.23278972034e-23
4934929.85972 1.20457641614e-23
4954949.8998 1.17636311195e-23
4974969.93988 1.14814980775e-23
4994989.97996 1.11993650356e-23
5015010.02004 1.09365021656e-23
5035030.06012 1.07773227562e-23
5055050.1002 1.06181433468e-23
5075070.14028 1.04589639373e-23
5095090.18036 1.02997845279e-23
5115110.22044 1.01406051184e-23
5135130.26052 9.98142570899e-24
5155150.3006 9.82224629955e-24
5175170.34068 9.66306689011e-24
5195190.38076 9.50388748066e-24
5215210.42084 9.34470807122e-24
5235230.46092 9.18552866178e-24
5255250.501 9.02634925234e-24
5275270.54108 8.8671698429e-24
5295290.58116 8.70799043345e-24
5315310.62124 8.54881102401e-24
5335330.66132 8.38963161457e-24
5355350.7014 8.23045220513e-24
5375370.74148 8.07127279568e-24
5395390.78156 7.91209338624e-24
5415410.82164 7.7529139768e-24
5435430.86172 7.59373456736e-24
5455450.9018 7.43455515791e-24
5475470.94188 7.27537574847e-24
5495490.98196 7.11619633903e-24
5515511.02204 6.95701692959e-24
5535531.06212 6.79783752015e-24
5555551.1022 6.6386581107e-24
5575571.14228 6.47947870126e-24
5595591.18236 6.32029929182e-24
5615611.22244 6.16111988238e-24
5635631.26253 6.04816025005e-24
5655651.30261 5.96471508402e-24
5675671.34269 5.88126991799e-24
5695691.38277 5.79782475197e-24
5715711.42285 5.71437958594e-24
5735731.46293 5.63093441991e-24
5755751.50301 5.54748925388e-24
5775771.54309 5.46404408785e-24
5795791.58317 5.38059892182e-24
5815811.62325 5.29715375579e-24
5835831.66333 5.21370858976e-24
5855851.70341 5.13026342373e-24
5875871.74349 5.0468182577e-24
5895891.78357 4.96337309167e-24
5915911.82365 4.87992792564e-24
5935931.86373 4.79648275961e-24
5955951.90381 4.71303759358e-24
5975971.94389 4.62959242755e-24
5995991.98397 4.54614726152e-24
6016012.02405 4.46270209549e-24
6036032.06413 4.37925692946e-24
6056052.10421 4.29581176344e-24
6076072.14429 4.21236659741e-24
6096092.18437 4.12892143138e-24
6116112.22445 4.04547626535e-24
6136132.26453 3.96203109932e-24
6156152.30461 3.87858593329e-24
6176172.34469 3.79514076726e-24
6196192.38477 3.71169560123e-24
6216212.42485 3.6282504352e-24
6236232.46493 3.54480526917e-24
6256252.50501 3.46136010314e-24
6276272.54509 3.37791493711e-24
6296292.58517 3.29446977108e-24
6316312.62525 3.22532141333e-24
6336332.66533 3.18434768384e-24
6356352.70541 3.14337395435e-24
6376372.74549 3.10240022486e-24
6396392.78557 3.06142649537e-24
6416412.82565 3.02045276587e-24
6436432.86573 2.97947903638e-24
6456452.90581 2.93850530689e-24
6476472.94589 2.8975315774e-24
6496492.98597 2.85655784791e-24
6516513.02605 2.81558411842e-24
6536533.06613 2.77461038893e-24
6556553.10621 2.73363665943e-24
6576573.14629 2.69266292994e-24
6596593.18637 2.65168920045e-24
6616613.22645 2.61071547096e-24
6636633.26653 2.56974174147e-24
6656653.30661 2.52876801198e-24
6676673.34669 2.48779428249e-24
6696693.38677 2.44682055299e-24
6716713.42685 2.4058468235e-24
6736733.46693 2.36487309401e-24
6756753.50701 2.32389936452e-24
6776773.54709 2.28292563503e-24
6796793.58717 2.24195190554e-24
6816813.62725 2.20097817605e-24
6836833.66733 2.16000444655e-24
6856853.70741 2.11903071706e-24
6876873.74749 2.07805698757e-24
6896893.78758 2.03708325808e-24
6916913.82766 1.99610952859e-24
6936933.86774 1.9551357991e-24
6956953.90782 1.91416206961e-24
6976973.9479 1.87318834011e-24
6996993.98798 1.83221461062e-24
7017014.02806 1.79124088113e-24
7037034.06814 1.75026715164e-24
7057054.10822 1.70929342215e-24
7077074.1483 1.66831969266e-24
7097094.18838 1.6470232012e-24
7117114.22846 1.62838624865e-24
7137134.26854 1.60974929611e-24
7157154.30862 1.59111234356e-24
7177174.3487 1.57247539102e-24
7197194.38878 1.55383843847e-24
7217214.42886 1.53520148593e-24
7237234.46894 1.51656453338e-24
7257254.50902 1.49792758084e-24
7277274.5491 1.47929062829e-24
7297294.58918 1.46065367575e-24
7317314.62926 1.4420167232e-24
7337334.66934 1.42337977066e-24
7357354.70942 1.40474281811e-24
7377374.7495 1.38610586557e-24
7397394.78958 1.36746891302e-24
7417414.82966 1.34883196048e-24
7437434.86974 1.33019500793e-24
7457454.90982 1.31155805539e-24
7477474.9499 1.29292110284e-24
7497494.98998 1.2742841503e-24
7517515.03006 1.25564719775e-24
7537535.07014 1.23701024521e-24
7557555.11022 1.21837329266e-24
7577575.1503 1.19973634012e-24
7597595.19038 1.18109938757e-24
7617615.23046 1.16246243503e-24
7637635.27054 1.14382548248e-24
7657655.31062 1.12518852994e-24
7677675.3507 1.10655157739e-24
7697695.39078 1.08791462485e-24
7717715.43086 1.0692776723e-24
7737735.47094 1.05064071976e-24
7757755.51102 1.03200376721e-24
7777775.5511 1.01336681467e-24
7797795.59118 9.94729862122e-25
7817815.63126 9.76092909577e-25
7837835.67134 9.57455957032e-25
7857855.71142 9.38819004487e-25
7877875.7515 9.20182051942e-25
7897895.79158 9.01545099397e-25
7917915.83166 8.82908146852e-25
7937935.87174 8.64271194307e-25
7957955.91182 8.53362241852e-25
7977975.9519 8.45269071676e-25
7997995.99198 8.37175901501e-25
8018016.03206 8.29082731326e-25
8038036.07214 8.2098956115e-25
8058056.11222 8.12896390975e-25
8078076.1523 8.048032208e-25
8098096.19238 7.96710050624e-25
8118116.23246 7.88616880449e-25
8138136.27255 7.80523710274e-25
8158156.31263 7.72430540098e-25
8178176.35271 7.64337369923e-25
8198196.39279 7.56244199748e-25
8218216.43287 7.48151029572e-25
8238236.47295 7.40057859397e-25
8258256.51303 7.31964689222e-25
8278276.55311 7.23871519046e-25
8298296.59319 7.15778348871e-25
8318316.63327 7.07685178695e-25
8338336.67335 6.9959200852e-25
8358356.71343 6.91498838345e-25
8378376.75351 6.83405668169e-25
8398396.79359 6.75312497994e-25
8418416.83367 6.67219327819e-25
8438436.87375 6.59126157643e-25
8458456.91383 6.51032987468e-25
8478476.95391 6.42939817293e-25
8498496.99399 6.34846647117e-25
8518517.03407 6.26753476942e-25
8538537.07415 6.18660306767e-25
8558557.11423 6.10567136591e-25
8578577.15431 6.02473966416e-25
8598597.19439 5.94380796241e-25
8618617.23447 5.86287626065e-25
8638637.27455 5.7819445589e-25
8658657.31463 5.70101285715e-25
8678677.35471 5.62008115539e-25
8698697.39479 5.53914945364e-25
8718717.43487 5.45821775189e-25
8738737.47495 5.37728605013e-25
8758757.51503 5.29635434838e-25
8778777.55511 5.21542264663e-25
8798797.59519 5.13449094487e-25
8818817.63527 5.05355924312e-25
8838837.67535 4.97262754137e-25
8858857.71543 4.89169583961e-25
8878877.75551 4.81076413786e-25
8898897.79559 4.72983243611e-25
8918917.83567 4.66470817189e-25
8938937.87575 4.63315897591e-25
8958957.91583 4.60160977993e-25
8978977.95591 4.57006058396e-25
8998997.99599 4.53851138798e-25
9019018.03607 4.506962192e-25
9039038.07615 4.47541299602e-25
9059058.11623 4.44386380004e-25
9079078.15631 4.41231460406e-25
9099098.19639 4.38076540808e-25
9119118.23647 4.3492162121e-25
9139138.27655 4.31766701612e-25
9159158.31663 4.28611782014e-25
9179178.35671 4.25456862416e-25
9199198.39679 4.22301942818e-25
9219218.43687 4.1914702322e-25
9239238.47695 4.15992103622e-25
9259258.51703 4.12837184024e-25
9279278.55711 4.09682264426e-25
9299298.59719 4.06527344828e-25
9319318.63727 4.0337242523e-25
9339338.67735 4.00217505632e-25
9359358.71743 3.97062586034e-25
9379378.75752 3.93907666436e-25
9399398.7976 3.90752746838e-25
9419418.83768 3.8759782724e-25
9439438.87776 3.84442907642e-25
9459458.91784 3.81287988044e-25
9479478.95792 3.78133068447e-25
9499498.998 3.74978148849e-25
9519519.03808 3.71823229251e-25
9539539.07816 3.68668309653e-25
9559559.11824 3.65513390055e-25
9579579.15832 3.62358470457e-25
9599599.1984 3.59203550859e-25
9619619.23848 3.56048631261e-25
9639639.27856 3.52893711663e-25
9659659.31864 3.49738792065e-25
9679679.35872 3.46583872467e-25
9699699.3988 3.43428952869e-25
9719719.43888 3.40274033271e-25
9739739.47896 3.37119113673e-25
9759759.51904 3.33964194075e-25
9779779.55912 3.30809274477e-25
9799799.5992 3.27654354879e-25
9819819.63928 3.24499435281e-25
9839839.67936 3.21344515683e-25
9859859.71944 3.18189596085e-25
9879879.75952 3.15034676487e-25
9899899.7996 3.11879756889e-25
9919919.83968 3.08724837291e-25
9939939.87976 3.05569917693e-25
9959959.91984 3.02414998095e-25
9979979.95992 2.99260078498e-25
10000000.0 2.961051589e-25
14677992.6762 1e-300
21544346.9003 1e-300
31622776.6017 1e-300
46415888.3361 1e-300
68129206.9058 1e-300
100000000.0 1e-300
146779926.762 1e-300
215443469.003 1e-300
316227766.017 1e-300
