0.100981660887 1.984735968e-20
0.113303287061 2.29448084387e-20
0.127128379016 2.60908460591e-20
0.142640387322 2.85506183264e-20
0.160045146904 3.18872248397e-20
0.179573608347 3.56581167539e-20
0.201484902471 3.99796551514e-20
0.226069778836 4.48656103126e-20
0.253654463814 5.13968113537e-20
0.284604989415 5.94192004831e-20
0.31933205031 6.77558182541e-20
0.358296453498 7.61142623281e-20
0.402015232936 8.5628367181e-20
0.451068510265 9.65169176316e-20
0.506107192671 1.08667832679e-19
0.567861610032 1.2216512224e-19
0.637151205946 1.35712806578e-19
0.714895411252 1.52025700724e-19
0.80212584432 1.69883200542e-19
0.9 1.90304788897e-19
1.00981660887 2.12550637851e-19
1.13303287061 2.36501069838e-19
1.27128379016 2.63764350497e-19
1.42640387322 2.92154526934e-19
1.60045146904 3.23065198414e-19
1.79573608347 3.55664753939e-19
2.01484902471 3.90831320418e-19
2.26069778836 4.30058401276e-19
2.53654463814 4.72666383156e-19
2.84604989415 5.18683947754e-19
3.1933205031 5.66441848929e-19
3.58296453498 6.1712421652e-19
4.02015232936 6.708192545e-19
4.51068510265 7.28754542613e-19
5.06107192671 7.89515010914e-19
5.67861610032 8.51928639696e-19
6.37151205946 9.17021202478e-19
7.14895411252 9.84364844725e-19
8.0212584432 1.05265397872e-18
9.0 1.12322300385e-18
10.0981660887 1.19459672662e-18
11.3303287061 1.26599393418e-18
12.7128379016 1.33684962048e-18
14.2640387322 1.40611481021e-18
16.0045146904 1.47454129381e-18
17.9573608347 1.53963083221e-18
20.1484902471 1.60191168716e-18
22.6069778836 1.66100731734e-18
25.3654463814 1.71497502476e-18
28.4604989415 1.76343160257e-18
31.933205031 1.80615916727e-18
35.8296453498 1.84179197454e-18
40.2015232936 1.8707573102e-18
45.1068510265 1.89276020977e-18
50.6107192671 1.9064248578e-18
56.7861610032 1.91242992565e-18
63.7151205946 1.91075772701e-18
71.4895411252 1.90017284298e-18
80.212584432 1.88223673045e-18
90.0 1.85660350294e-18
100.981660887 1.82320636065e-18
113.303287061 1.78358569214e-18
127.128379016 1.73784330898e-18
142.640387322 1.68604828088e-18
160.045146904 1.62964611665e-18
179.573608347 1.56897232753e-18
201.484902471 1.50417112331e-18
226.069778836 1.43711562915e-18
253.654463814 1.36815118456e-18
284.604989415 1.29741093045e-18
319.33205031 1.22617473696e-18
358.296453498 1.15507977095e-18
402.015232936 1.08418280652e-18
451.068510265 1.01453782811e-18
506.107192671 9.46544685063e-19
567.861610032 8.80311395379e-19
637.151205946 8.16459248932e-19
714.895411252 7.55212967148e-19
802.12584432 6.9661444183e-19
900.0 6.40987132768e-19
1009.81660887 5.88514923793e-19
1133.03287061 5.38970153716e-19
1271.28379016 4.92527110738e-19
1426.40387322 4.49054921301e-19
1600.45146904 4.08526377758e-19
1795.73608347 3.70913444789e-19
2014.84902471 3.36115275609e-19
2260.69778836 3.03930452791e-19
2536.54463814 2.74325944251e-19
2846.04989415 2.471489402e-19
3193.3205031 2.22222552978e-19
3582.96453498 1.9947195566e-19
4020.15232936 1.78738479496e-19
4510.68510265 1.59857164792e-19
5061.07192671 1.42737805796e-19
5678.61610032 1.27235134934e-19
6371.51205946 1.13199844855e-19
7148.95411252 1.00567830518e-19
8021.2584432 8.92053085775e-20
9000.0 7.89757360769e-20
10098.1660887 6.98152448858e-20
11330.3287061 6.16236954373e-20
12712.8379016 5.4290565844e-20
14264.0387322 4.77632397859e-20
16004.5146904 4.19525265829e-20
17957.3608347 3.67885350383e-20
20148.4902471 3.22125364589e-20
22606.9778836 2.81619991396e-20
25365.4463814 2.4578584775e-20
28460.4989415 2.1418588787e-20
31933.205031 1.86359586865e-20
35829.6453498 1.61861419882e-20
40201.5232936 1.40374798434e-20
45106.8510265 1.21566331297e-20
50610.7192671 1.05093256892e-20
56786.1610032 9.07072649808e-21
63715.1205946 7.81588343763e-21
71489.5411252 6.72376282925e-21
80212.584432 5.77507837935e-21
90000.0 4.95247523471e-21
100981.660887 4.23937345365e-21
113303.287061 3.62284690545e-21
127128.379016 3.09116380859e-21
142640.387322 2.63278893935e-21
160045.146904 2.23834235184e-21
179573.608347 1.89994715182e-21
201484.902471 1.60950149735e-21
226069.778836 1.36123918657e-21
253654.463814 1.14924229459e-21
284604.989415 9.6852799565e-22
319332.05031 8.14748936157e-22
358296.453498 6.84165315648e-22
402015.232936 5.73414836566e-22
451068.510265 4.7968787399e-22
506107.192671 4.00521607125e-22
567861.610032 3.33721714192e-22
637151.205946 2.77586817798e-22
714895.411252 2.30428416956e-22
802125.84432 1.90884335659e-22
900000.0 1.57850230974e-22
1009816.60887 1.30274651135e-22
1133032.87061 1.07286838578e-22
1271283.79016 8.81459842261e-23
1426403.87322 7.22923248552e-23
1600451.46904 5.91588959115e-23
1795736.08347 4.8312594031e-23
2014849.02471 3.9367241836e-23
2260697.78836 3.19840251396e-23
2536544.63814 2.59261723125e-23
2846049.89415 2.09655665431e-23
3193320.5031 1.69041803285e-23
3582964.53498 1.35894893637e-23
4020152.32936 1.08952667924e-23
4510685.10265 8.69949608457e-24
5061071.92671 6.91766467209e-24
5678616.10032 5.47917113378e-24
6371512.05946 4.32118862182e-24
7148954.11252 3.39019283134e-24
8021258.4432 2.64554068625e-24
9000000.0 2.0485540711e-24
10098166.0887 1.57507568449e-24
11330328.7061 1.20157949278e-24
12712837.9016 9.07468839623e-25
14264038.7322 6.78054739797e-25
16004514.6904 5.0075025736e-25
17957360.8347 3.64118223678e-25
20148490.2471 2.60682923949e-25
22606977.8836 1.83228150146e-25
25365446.3814 1.25955005034e-25
28460498.9415 8.45775284544e-26
31933205.031 5.53432090159e-26
35829645.3498 3.50027314049e-26
40201523.2936 2.1345450839e-26
45106851.0265 1.25592656813e-26
50610719.2671 7.10408523101e-27
56786161.0032 3.89261785569e-27
63715120.5946 2.10644285092e-27
71489541.1252 1.17004167121e-27
80212584.432 6.81895728127e-28
90000000.0 4.57121380539e-28
103486150.106 1e-300
118993147.374 1e-300
136823807.897 1e-300
157326323.579 1e-300
180901061.527 1e-300
208008382.305 1e-300
239177629.716 1e-300
275017467.675 1e-300
316227766.017 1e-300
