0.0673211072581 6.698483892e-20
0.0755355247076 7.74387284807e-20
0.0847522526774 8.80566054494e-20
0.0950935915477 9.63583368516e-20
0.106696764602 1.07619383834e-19
0.119715738898 1.20346144045e-19
0.134323268314 1.34931336136e-19
0.150713185891 1.51421434805e-19
0.169102975876 1.73464238319e-19
0.18973665961 2.0053980163e-19
0.21288803354 2.28675886607e-19
0.238864302332 2.56885635357e-19
0.268010155291 2.88995739236e-19
0.300712340176 3.25744597007e-19
0.337404795114 3.66753935291e-19
0.378574406688 4.12307287561e-19
0.42476747063 4.58030722202e-19
0.476596940835 5.13086739942e-19
0.53475056288 5.73355801828e-19
0.6 6.42278662528e-19
0.673211072581 7.17358402747e-19
0.755355247076 7.98191110704e-19
0.847522526774 8.90204682928e-19
0.950935915477 9.86021528403e-19
1.06696764602 1.09034504465e-18
1.19715738898 1.20036854454e-18
1.34323268314 1.31905570641e-18
1.50713185891 1.45144710431e-18
1.69102975876 1.59524904315e-18
1.8973665961 1.75055832367e-18
2.1288803354 1.91174124014e-18
2.38864302332 2.08279423075e-18
2.68010155291 2.26401498394e-18
3.00712340176 2.45954658132e-18
3.37404795114 2.66461316183e-18
3.78574406688 2.87525915898e-18
4.2476747063 3.09494655836e-18
4.76596940835 3.32223135095e-18
5.3475056288 3.55270717819e-18
6.0 3.79087763801e-18
6.73211072581 4.03176395233e-18
7.55355247076 4.27272952787e-18
8.47522526774 4.51186746912e-18
9.50935915477 4.74563748446e-18
10.6696764602 4.97657686662e-18
11.9715738898 5.19625405871e-18
13.4323268314 5.40645194415e-18
15.0713185891 5.60589969602e-18
16.9102975876 5.78804070857e-18
18.973665961 5.95158165868e-18
21.288803354 6.09578718954e-18
23.8864302332 6.21604791409e-18
26.8010155291 6.31380592193e-18
30.0712340176 6.38806570796e-18
33.7404795114 6.43418389509e-18
37.8574406688 6.45445099907e-18
42.476747063 6.44880732866e-18
47.6596940835 6.41308334506e-18
53.475056288 6.35254896527e-18
60.0 6.26603682243e-18
67.3211072581 6.15332146718e-18
75.5355247076 6.01960171099e-18
84.7522526774 5.86522116782e-18
95.0935915477 5.69041294798e-18
106.696764602 5.50005564369e-18
119.715738898 5.29528160542e-18
134.323268314 5.07657754118e-18
150.713185891 4.85026524839e-18
169.102975876 4.61751024789e-18
189.73665961 4.37876189028e-18
212.88803354 4.13833973724e-18
238.864302332 3.89839422696e-18
268.010155291 3.65911697201e-18
300.712340176 3.42406516987e-18
337.404795114 3.19458831209e-18
378.574406688 2.9710509594e-18
424.76747063 2.75554996515e-18
476.596940835 2.54884376412e-18
534.75056288 2.35107374118e-18
600.0 2.16333157309e-18
673.211072581 1.9862378678e-18
755.355247076 1.81902426879e-18
847.522526774 1.66227899874e-18
950.935915477 1.51556035939e-18
1066.96764602 1.37877652493e-18
1197.15738898 1.25183287616e-18
1343.23268314 1.13438905518e-18
1507.13185891 1.02576527817e-18
1691.02975876 9.25850061848e-19
1897.3665961 8.34127673173e-19
2128.8803354 7.50001116299e-19
2388.64302332 6.73217850354e-19
2680.10155291 6.03242368298e-19
3007.12340176 5.39517931173e-19
3374.04795114 4.81740094562e-19
3785.74406688 4.29418580401e-19
4247.6747063 3.82049476387e-19
4765.96940835 3.39416427997e-19
5347.5056288 3.01067916449e-19
6000.0 2.6654310926e-19
6732.11072581 2.3562645149e-19
7553.55247077 2.07979972101e-19
8475.22526774 1.83230659724e-19
9509.35915477 1.61200934277e-19
10669.6764602 1.41589777217e-19
11971.5738898 1.24161305754e-19
13432.3268314 1.08717310549e-19
15071.3185891 9.5046747096e-20
16910.2975876 8.29527236158e-20
18973.665961 7.22877371563e-20
21288.803354 6.28963605669e-20
23886.4302332 5.46282292101e-20
26801.0155291 4.73764944714e-20
30071.2340176 4.10286368129e-20
33740.4795114 3.5468974201e-20
37857.4406688 3.0613701931e-20
42476.747063 2.6378606602e-20
47659.6940835 2.26926995487e-20
53475.056288 1.94908895303e-20
60000.0 1.67146039172e-20
67321.1072581 1.43078854061e-20
75535.5247077 1.22271083059e-20
84752.2526774 1.0432677854e-20
95093.5915477 8.88566267031e-21
106696.764602 7.55440543746e-21
119715.738898 6.4123216374e-21
134323.268314 5.43206755355e-21
150713.185891 4.59418225468e-21
169102.975876 3.87869274425e-21
189736.65961 3.26878198532e-21
212888.03354 2.74977765953e-21
238864.302332 2.30905794031e-21
268010.155291 1.93527507341e-21
300712.340176 1.61894657472e-21
337404.795114 1.35176042405e-21
378574.406688 1.1263107854e-21
424767.47063 9.3685551007e-22
476596.940835 7.77695907225e-22
534750.56288 6.4423463285e-22
600000.0 5.32744529536e-22
673211.072581 4.39676947582e-22
755355.247077 3.62093080202e-22
847522.526774 2.97492696763e-22
950935.915477 2.43986596386e-22
1066967.64602 1.99661273701e-22
1197157.38898 1.63055004855e-22
1343232.68314 1.32864441197e-22
1507131.85891 1.07946084846e-22
1691029.75876 8.75008315546e-23
1897366.5961 7.07587870831e-23
2128880.3354 5.70516086088e-23
2388643.02332 4.58645266024e-23
2680101.55291 3.67715254242e-23
3007123.40176 2.93607992854e-23
3374047.95114 2.33471182683e-23
3785744.06688 1.84922025765e-23
4247674.7063 1.45840115986e-23
4765969.40835 1.14419008058e-23
5347505.6288 8.9286998161e-24
6000000.0 6.91386998997e-24
6732110.72581 5.31588043515e-24
7553552.47077 4.05533078812e-24
8475225.26774 3.06270733373e-24
9509359.15477 2.28843474682e-24
10669676.4602 1.69003211859e-24
11971573.8898 1.22889900491e-24
13432326.8314 8.79804868326e-25
15071318.5891 6.18395006744e-25
16910297.5876 4.2509814199e-25
18973665.961 2.85449158534e-25
21288803.354 1.86783330429e-25
23886430.2332 1.18134218491e-25
26801015.5291 7.20408965815e-26
30071234.0176 4.23875216743e-26
33740479.5114 2.39762876547e-26
37857440.6688 1.3137585263e-26
42476747.063 7.10924462186e-27
47659694.0835 3.94889064035e-27
53475056.288 2.30139808243e-27
60000000.0 1.54278465932e-27
72169993.637 1e-300
86808466.3595 1e-300
104416107.747 1e-300
125595163.862 1e-300
151070036.279 1e-300
181712059.283 1e-300
218569302.704 1e-300
262902419.757 1e-300
316227766.017 1e-300
