0.100981660887 1.01456151719e-21
0.113303287061 1.13028612999e-21
0.127128379016 1.20884228845e-21
0.142640387322 1.25694546091e-21
0.160045146904 1.88042605705e-21
0.179573608347 3.28054674136e-21
0.201484902471 5.94292171169e-21
0.226069778836 1.1301375325e-20
0.253654463814 1.95893544256e-20
0.284604989415 2.75834683045e-20
0.31933205031 3.53717855579e-20
0.358296453498 4.17475737963e-20
0.402015232936 4.74173454423e-20
0.451068510265 5.09769453177e-20
0.506107192671 5.38468152149e-20
0.567861610032 5.61661873619e-20
0.637151205946 5.77161321223e-20
0.714895411252 6.10503255837e-20
0.80212584432 6.94827958044e-20
0.9 8.31925338932e-20
1.00981660887 9.33903876572e-20
1.13303287061 9.17001137257e-20
1.27128379016 9.77399358642e-20
1.42640387322 1.05067173259e-19
1.60045146904 1.05923999703e-19
1.79573608347 1.04774244458e-19
2.01484902471 1.02472496081e-19
2.26069778836 9.94322758854e-20
2.53654463814 9.60711419297e-20
2.84604989415 9.23888696947e-20
3.1933205031 8.75090755971e-20
3.58296453498 8.24460968299e-20
4.02015232936 7.75146971211e-20
4.51068510265 7.26850892274e-20
5.06107192671 6.82080746018e-20
5.67861610032 6.38745201626e-20
6.37151205946 5.94798760171e-20
7.14895411252 5.5362685216e-20
8.0212584432 5.14032190653e-20
9.0 4.75683710217e-20
10.0981660887 4.39406593094e-20
11.3303287061 4.05868794986e-20
12.7128379016 3.73743814532e-20
14.2640387322 3.43541150831e-20
16.0045146904 3.16295664608e-20
17.9573608347 2.90766981447e-20
20.1484902471 2.6729799964e-20
22.6069778836 2.45913961676e-20
25.3654463814 2.25577979654e-20
28.4604989415 2.06855763408e-20
31.933205031 1.89245068345e-20
35.8296453498 1.72871770586e-20
40.2015232936 1.5817196806e-20
45.1068510265 1.44542566115e-20
50.6107192671 1.32065134224e-20
56.7861610032 1.20790567284e-20
63.7151205946 1.10137012631e-20
71.4895411252 1.00534193723e-20
80.212584432 9.16160678228e-21
90.0 8.34564903635e-21
100.981660887 7.61663036001e-21
113.303287061 6.96250604641e-21
127.128379016 6.34677459337e-21
142.640387322 5.75353317459e-21
160.045146904 5.22426368619e-21
179.573608347 4.74777127144e-21
201.484902471 4.31300392651e-21
226.069778836 3.91200364162e-21
253.654463814 3.54887914074e-21
284.604989415 3.22256355274e-21
319.33205031 2.93060456876e-21
358.296453498 2.66332006856e-21
402.015232936 2.42014818135e-21
451.068510265 2.19435094774e-21
506.107192671 1.98816966243e-21
567.861610032 1.80204267587e-21
637.151205946 1.62825218426e-21
714.895411252 1.47130747242e-21
802.12584432 1.3279963211e-21
900.0 1.19745168985e-21
1009.81660887 1.07795892999e-21
1133.03287061 9.74560958427e-22
1271.28379016 8.79432764848e-22
1426.40387322 7.89994711273e-22
1600.45146904 7.12997547235e-22
1795.73608347 6.42794607476e-22
2014.84902471 5.80464549582e-22
2260.69778836 5.23613395507e-22
2536.54463814 4.70886680209e-22
2846.04989415 4.23484984102e-22
3193.3205031 3.81319478493e-22
3582.96453498 3.42760805699e-22
4020.15232936 3.08876938625e-22
4510.68510265 2.77931529909e-22
5061.07192671 2.49781661039e-22
5678.61610032 2.24776382705e-22
6371.51205946 2.01581354925e-22
7148.95411252 1.80876816295e-22
8021.2584432 1.62714594081e-22
9000.0 1.46058285153e-22
10098.1660887 1.31126369188e-22
11330.3287061 1.17381910028e-22
12712.8379016 1.05251883318e-22
14264.0387322 9.45330724787e-23
16004.5146904 8.49048372916e-23
17957.3608347 7.61896283246e-23
20148.4902471 6.83127727643e-23
22606.9778836 6.11588512699e-23
25365.4463814 5.49564696882e-23
28460.4989415 4.9386782578e-23
31933.205031 4.43019582893e-23
35829.6453498 3.97674234639e-23
40201.5232936 3.56697259828e-23
45106.8510265 3.19251105163e-23
50610.7192671 2.85566513519e-23
56786.1610032 2.55796896946e-23
63715.1205946 2.29289721263e-23
71489.5411252 2.0588810285e-23
80212.584432 1.84839883241e-23
90000.0 1.65683555442e-23
100981.660887 1.48592679807e-23
113303.287061 1.33264690727e-23
127128.379016 1.19675386557e-23
142640.387322 1.07212509816e-23
160045.146904 9.60205558326e-24
179573.608347 8.60508805129e-24
201484.902471 7.70444184343e-24
226069.778836 6.89488694544e-24
253654.463814 6.1620889235e-24
284604.989415 5.51426379584e-24
319332.05031 4.94627499271e-24
358296.453498 4.43703794172e-24
402015.232936 3.97416925136e-24
451068.510265 3.55624880431e-24
506107.192671 3.17959370895e-24
567861.610032 2.84467474738e-24
637151.205946 2.54498696679e-24
714895.411252 2.27984809601e-24
802125.84432 2.03803960644e-24
900000.0 1.82438743787e-24
1009816.60887 1.63008964866e-24
1133032.87061 1.4593632853e-24
1271283.79016 1.30337879225e-24
1426403.87322 1.16453303499e-24
1600451.46904 1.04208811084e-24
1795736.08347 9.30380884909e-25
2014849.02471 8.30918974317e-25
2260697.78836 7.39679263656e-25
2536544.63814 6.58434553623e-25
2846049.89415 5.88088093778e-25
3193320.5031 5.24336590814e-25
3582964.53498 4.67152848786e-25
4020152.32936 4.15563576686e-25
4510685.10265 3.6935643131e-25
5061071.92671 3.28660413261e-25
5678616.10032 2.91979603632e-25
6371512.05946 2.59227138288e-25
7148954.11252 2.2975380011e-25
8021258.4432 2.03507796613e-25
9000000.0 1.80273020079e-25
10098166.0887 1.59490338704e-25
11330328.7061 1.40580467703e-25
12712837.9016 1.23833804029e-25
14264038.7322 1.08763490733e-25
16004514.6904 9.53480034492e-26
17957360.8347 8.34478379899e-26
20148490.2471 7.29094796968e-26
22606977.8836 6.33939177533e-26
25365446.3814 5.4817122734e-26
28460498.9415 4.74089174078e-26
31933205.031 4.09015345961e-26
35829645.3498 3.51017389215e-26
40201523.2936 2.99727955346e-26
45106851.0265 2.55100502018e-26
50610719.2671 2.16749878811e-26
56786161.0032 1.84113686811e-26
63715120.5946 1.55539096923e-26
71489541.1252 1.30739594686e-26
80212584.432 1.08952440485e-26
90000000.0 9.21193851953e-27
103486150.106 1e-300
118993147.374 1e-300
136823807.897 1e-300
157326323.579 1e-300
180901061.527 1e-300
208008382.305 1e-300
239177629.716 1e-300
275017467.675 1e-300
316227766.017 1e-300
