8000.0 2.7288746802142865e-18
8976.147634415705 2.610009923652917e-18
10071.40329435334 2.262010725127319e-18
11300.300356982032 1.952748756765523e-18
12679.145539688912 1.8866509326485487e-18
14226.235280311383 1.5480925950856287e-18
15962.09851975103 1.4377027389586791e-18
17909.76910854672 1.2688519128410136e-18
20095.091452076635 1.1401281100968472e-18
22547.06345011564 9.817057886035602e-19
25298.221281347036 8.331294563645649e-19
28385.071138686028 7.413128364543204e-19
31848.57364427979 6.3717178798154715e-19
35734.68737207704 5.582060174637677e-19
40094.9786901818 4.961750421346723e-19
44987.30601522793 4.271445147289562e-19
50476.58755841545 3.589715839473196e-19
56635.66275073104 3.0730205347997104e-19
63546.25877794251 2.642116959511572e-19
71300.07505069967 2.2184188164547806e-19
80000.0 1.8763846893353962e-19
89761.47634415708 1.580260505140187e-19
100714.0329435334 1.3240146624146673e-19
113003.00356982033 1.105509157861352e-19
126791.45539688908 9.178696184746742e-20
142262.35280311384 7.599532430063773e-20
159620.98519751037 6.246584169646194e-20
179097.6910854672 5.127637149548657e-20
200950.91452076635 4.1643151643403127e-20
225470.6345011563 3.370899003812024e-20
252982.21281347034 2.728801594131532e-20
283850.7113868604 2.1870804221861607e-20
318485.7364427979 1.7428026392706237e-20
357346.8737207704 1.3684814322809384e-20
400949.7869018178 1.0688077991096466e-20
449873.0601522793 8.439843071167725e-21
504765.8755841546 6.483377669567097e-21
566356.6275073105 4.949861226264999e-21
635462.5877794251 3.797892825972792e-21
713000.7505069964 2.8873091346199545e-21
800000.0 2.17499331274545e-21
897614.7634415708 1.5764361195881234e-21
1007140.3294353338 1.1753008502088633e-21
1130030.0356982036 8.557402380825724e-22
1267914.5539688906 5.987099698999173e-22
1422623.5280311385 4.294663460700463e-22
1596209.8519751038 3.0045635245831306e-22
1790976.9108546716 2.0538806148141627e-22
2009509.145207664 1.3713869937922922e-22
2254706.345011563 9.035457493555675e-23
2529822.1281347037 5.850658304502281e-23
2838507.113868604 3.6547113518555374e-23
3184857.3644279777 2.2454384545047946e-23
3573468.737207705 1.3493985362236378e-23
4009497.869018178 7.956778311968603e-24
4498730.601522792 4.568591674830174e-24
5047658.755841546 2.5518149570982017e-24
5663566.275073104 1.3785502836871474e-24
6354625.877794252 7.257792633819438e-25
7130007.505069965 3.165491629744484e-25
8000000.0 1.1791497148112153e-25
12037171.075534001 1e-300
18111685.93770908 1e-300
27251682.76231844 1e-300
41004145.938276075 1e-300
61696739.93314894 1e-300
92831776.67225546 1e-300
139678997.1312137 1e-300
210167498.0159302 1e-300
316227766.01683795 1e-300
