11193.6056928 2.32418735507e-16
12173.1776253 2.04166376796e-16
13152.7495578 1.80166914549e-16
14132.3214903 1.59155571042e-16
15111.8934228 1.43244797679e-16
16091.4653552 1.28480207924e-16
17071.0372877 1.16578221692e-16
18050.6092202 1.05645385209e-16
19030.1811527 9.68064196644e-17
20009.7530852 8.82095655812e-17
20989.3250176 8.16424195473e-17
21968.8969501 7.50752735135e-17
22948.4688826 6.95687725966e-17
23928.0408151 6.46929765977e-17
24907.6127476 5.98171805988e-17
25887.18468 5.60184592335e-17
26866.7566125 5.241717733e-17
27846.328545 4.88158954264e-17
28825.9004775 4.59064280506e-17
29805.4724099 4.32611977551e-17
30785.0443424 4.06159674595e-17
31764.6162749 3.81256353485e-17
32744.1882074 3.6180449244e-17
33723.7601399 3.42352631394e-17
34703.3320723 3.22900770349e-17
35682.9040048 3.04993301594e-17
36662.4759373 2.90838236853e-17
37642.0478698 2.76683172111e-17
38621.6198023 2.6252810737e-17
39601.1917347 2.48373042629e-17
40580.7636672 2.37631478964e-17
41560.3355997 2.27344942453e-17
42539.9075322 2.17058405942e-17
43519.4794647 2.06771869432e-17
44499.0513971 1.96485332921e-17
45478.6233296 1.88813811171e-17
46458.1952621 1.81323542525e-17
47437.7671946 1.73833273878e-17
48417.3391271 1.66343005232e-17
49396.9110595 1.58852736585e-17
50376.482992 1.5216547643e-17
51356.0549245 1.4676455736e-17
52335.626857 1.4136363829e-17
53315.1987895 1.3596271922e-17
54294.7707219 1.30561800149e-17
55274.3426544 1.25160881079e-17
56253.9145869 1.20000122393e-17
57233.4865194 1.16136895285e-17
58213.0584518 1.12273668178e-17
59192.6303843 1.0841044107e-17
60172.2023168 1.04547213962e-17
61151.7742493 1.00683986855e-17
62131.3461818 9.6820759747e-18
63110.9181142 9.31417430852e-18
64090.4900467 9.0374477687e-18
65070.0619792 8.76072122889e-18
66049.6339117 8.48399468907e-18
67029.2058442 8.20726814925e-18
68008.7777766 7.93054160943e-18
68988.3497091 7.65381506961e-18
69967.9216416 7.37708852979e-18
70947.4935741 7.12679118469e-18
71927.0655066 6.9308131716e-18
72906.637439 6.73483515851e-18
73886.2093715 6.53885714542e-18
74865.781304 6.34287913233e-18
75845.3532365 6.14690111924e-18
76824.925169 5.95092310615e-18
77804.4971014 5.75494509307e-18
78784.0690339 5.55896707998e-18
79763.6409664 5.39396750047e-18
80743.2128989 5.25646096123e-18
81722.7848313 5.118954422e-18
82702.3567638 4.98144788277e-18
83681.9286963 4.84394134353e-18
84661.5006288 4.7064348043e-18
85641.0725613 4.56892826506e-18
86620.6444937 4.43142172583e-18
87600.2164262 4.2939151866e-18
88579.7883587 4.15640864736e-18
89559.3602912 4.04616649401e-18
90538.9322237 3.95004181053e-18
91518.5041561 3.85391712705e-18
92498.0760886 3.75779244358e-18
93477.6480211 3.6616677601e-18
94457.2199536 3.56554307662e-18
95436.7918861 3.46941839315e-18
96416.3638185 3.37329370967e-18
97395.935751 3.27716902619e-18
98375.5076835 3.18104434271e-18
99355.079616 3.08491965924e-18
100334.651548 3.00629124558e-18
101314.223481 2.94015393095e-18
102293.795413 2.87401661632e-18
103273.367346 2.80787930169e-18
104252.939278 2.74174198706e-18
105232.511211 2.67560467243e-18
106212.083143 2.6094673578e-18
107191.655076 2.54333004317e-18
108171.227008 2.47719272854e-18
109150.798941 2.41105541391e-18
110130.370873 2.34491809927e-18
111109.942806 2.27878078464e-18
112089.514738 2.21593688353e-18
113069.086671 2.17082251619e-18
114048.658603 2.12570814884e-18
115028.230536 2.08059378149e-18
116007.802468 2.03547941415e-18
116987.374401 1.9903650468e-18
117966.946333 1.94525067946e-18
118946.518266 1.90013631211e-18
119926.090198 1.85502194476e-18
120905.662131 1.80990757742e-18
121885.234063 1.76479321007e-18
122864.805995 1.71967884273e-18
123844.377928 1.67456447538e-18
124823.94986 1.62945010803e-18
125803.521793 1.58748883178e-18
126783.093725 1.55713869163e-18
127762.665658 1.52678855147e-18
128742.23759 1.49643841132e-18
129721.809523 1.46608827117e-18
130701.381455 1.43573813101e-18
131680.953388 1.40538799086e-18
132660.52532 1.3750378507e-18
133640.097253 1.34468771055e-18
134619.669185 1.31433757039e-18
135599.241118 1.28398743024e-18
136578.81305 1.25363729009e-18
137558.384983 1.22328714993e-18
138537.956915 1.19293700978e-18
139517.528848 1.16258686962e-18
140497.10078 1.13223672947e-18
141476.672713 1.10775239035e-18
142456.244645 1.08770844672e-18
143435.816578 1.06766450308e-18
144415.38851 1.04762055945e-18
145394.960443 1.02757661581e-18
146374.532375 1.00753267218e-18
147354.104307 9.8748872854e-19
148333.67624 9.67444784905e-19
149313.248172 9.47400841269e-19
150292.820105 9.27356897634e-19
151272.392037 9.07312953998e-19
152251.96397 8.87269010363e-19
153231.535902 8.67225066727e-19
154211.107835 8.47181123092e-19
155190.679767 8.27137179457e-19
156170.2517 8.07093235821e-19
157149.823632 7.87049292186e-19
158129.395565 7.67117912567e-19
159108.967497 7.54182052797e-19
160088.53943 7.41246193028e-19
161068.111362 7.28310333258e-19
162047.683295 7.15374473489e-19
163027.255227 7.02438613719e-19
164006.82716 6.8950275395e-19
164986.399092 6.7656689418e-19
165965.971025 6.63631034411e-19
166945.542957 6.50695174641e-19
167925.11489 6.37759314872e-19
168904.686822 6.24823455102e-19
169884.258754 6.11887595333e-19
170863.830687 5.98951735563e-19
171843.402619 5.86015875794e-19
172822.974552 5.73080016025e-19
173802.546484 5.60144156255e-19
174782.118417 5.47208296486e-19
175761.690349 5.34272436716e-19
176741.262282 5.21336576947e-19
177720.834214 5.09901067273e-19
178700.406147 5.01643703478e-19
179679.978079 4.93386339683e-19
180659.550012 4.85128975889e-19
181639.121944 4.76871612094e-19
182618.693877 4.68614248299e-19
183598.265809 4.60356884505e-19
184577.837742 4.5209952071e-19
185557.409674 4.43842156915e-19
186536.981607 4.35584793121e-19
187516.553539 4.27327429326e-19
188496.125472 4.19070065531e-19
189475.697404 4.10812701737e-19
190455.269337 4.02555337942e-19
191434.841269 3.94297974147e-19
192414.413202 3.86040610353e-19
193393.985134 3.77783246558e-19
194373.557066 3.69525882763e-19
195353.128999 3.61268518969e-19
196332.700931 3.53011155174e-19
197312.272864 3.44753791379e-19
198291.844796 3.36496427585e-19
199271.416729 3.28952206876e-19
200250.988661 3.23901794807e-19
201230.560594 3.18851382739e-19
202210.132526 3.1380097067e-19
203189.704459 3.08750558601e-19
204169.276391 3.03700146532e-19
205148.848324 2.98649734463e-19
206128.420256 2.93599322394e-19
207107.992189 2.88548910325e-19
208087.564121 2.83498498256e-19
209067.136054 2.78448086187e-19
210046.707986 2.73397674118e-19
211026.279919 2.68347262049e-19
212005.851851 2.6329684998e-19
212985.423784 2.58246437911e-19
213964.995716 2.53196025843e-19
214944.567649 2.48145613774e-19
215924.139581 2.43095201705e-19
216903.711513 2.38044789636e-19
217883.283446 2.32994377567e-19
218862.855378 2.27943965498e-19
219842.427311 2.22893553429e-19
220821.999243 2.1784314136e-19
221801.571176 2.12792729291e-19
222781.143108 2.07742317222e-19
223760.715041 2.03572461612e-19
224740.286973 2.00581083541e-19
225719.858906 1.9758970547e-19
226699.430838 1.94598327399e-19
227679.002771 1.91606949328e-19
228658.574703 1.88615571257e-19
229638.146636 1.85624193186e-19
230617.718568 1.82632815115e-19
231597.290501 1.79641437044e-19
232576.862433 1.76650058973e-19
233556.434366 1.73658680902e-19
234536.006298 1.70667302831e-19
235515.578231 1.6767592476e-19
236495.150163 1.64684546689e-19
237474.722096 1.61693168618e-19
238454.294028 1.58701790547e-19
239433.865961 1.55710412476e-19
240413.437893 1.52719034405e-19
241393.009825 1.49727656334e-19
242372.581758 1.46736278262e-19
243352.15369 1.43744900191e-19
244331.725623 1.4075352212e-19
245311.297555 1.37762144049e-19
246290.869488 1.34770765978e-19
247270.44142 1.31779387907e-19
248250.013353 1.28788009836e-19
249229.585285 1.25796631765e-19
250209.157218 1.22805253694e-19
251188.72915 1.20578938888e-19
252168.301083 1.18846876839e-19
253147.873015 1.1711481479e-19
254127.444948 1.1538275274e-19
255107.01688 1.13650690691e-19
256086.588813 1.11918628642e-19
257066.160745 1.10186566593e-19
258045.732678 1.08454504544e-19
259025.30461 1.06722442495e-19
260004.876543 1.04990380446e-19
260984.448475 1.03258318397e-19
261964.020408 1.01526256348e-19
262943.59234 9.97941942992e-20
263923.164272 9.80621322502e-20
264902.736205 9.63300702011e-20
265882.308137 9.45980081521e-20
266861.88007 9.2865946103e-20
267841.452002 9.1133884054e-20
268821.023935 8.9401822005e-20
269800.595867 8.76697599559e-20
270780.1678 8.59376979069e-20
271759.739732 8.42056358579e-20
272739.311665 8.24735738088e-20
273718.883597 8.07415117598e-20
274698.45553 7.90094497108e-20
275678.027462 7.72773876617e-20
276657.599395 7.55453256127e-20
277637.171327 7.38132635637e-20
278616.74326 7.20812015146e-20
279596.315192 7.03491394656e-20
280575.887125 6.86170774166e-20
281555.459057 6.72044977734e-20
282535.03099 6.62857384146e-20
283514.602922 6.53669790558e-20
284494.174855 6.44482196971e-20
285473.746787 6.35294603383e-20
286453.31872 6.26107009795e-20
287432.890652 6.16919416207e-20
288412.462584 6.0773182262e-20
289392.034517 5.98544229032e-20
290371.606449 5.89356635444e-20
291351.178382 5.80169041856e-20
292330.750314 5.70981448269e-20
293310.322247 5.61793854681e-20
294289.894179 5.52606261093e-20
295269.466112 5.43418667505e-20
296249.038044 5.34231073918e-20
297228.609977 5.2504348033e-20
298208.181909 5.15855886742e-20
299187.753842 5.06668293154e-20
300167.325774 4.97480699566e-20
301146.897707 4.88293105979e-20
302126.469639 4.79105512391e-20
303106.041572 4.69917918803e-20
304085.613504 4.60730325215e-20
305065.185437 4.51542731628e-20
306044.757369 4.4235513804e-20
307024.329302 4.33167544452e-20
308003.901234 4.23979950864e-20
308983.473167 4.14792357277e-20
309963.045099 4.05604763689e-20
310942.617031 3.96417170101e-20
311922.188964 3.87229576513e-20
312901.760896 3.78041982926e-20
313881.332829 3.68854389338e-20
314860.904761 3.5966679575e-20
315840.476694 3.52177977711e-20
316820.048626 3.47589754941e-20
317799.620559 3.43001532172e-20
318779.192491 3.38413309403e-20
319758.764424 3.33825086634e-20
320738.336356 3.29236863864e-20
321717.908289 3.24648641095e-20
322697.480221 3.20060418326e-20
323677.052154 3.15472195556e-20
324656.624086 3.10883972787e-20
325636.196019 3.06295750018e-20
326615.767951 3.01707527249e-20
327595.339884 2.97119304479e-20
328574.911816 2.9253108171e-20
329554.483749 2.87942858941e-20
330534.055681 2.83354636172e-20
331513.627614 2.78766413402e-20
332493.199546 2.74178190633e-20
333472.771479 2.69589967864e-20
334452.343411 2.65001745094e-20
335431.915343 2.60413522325e-20
336411.487276 2.55825299556e-20
337391.059208 2.51237076787e-20
338370.631141 2.46648854017e-20
339350.203073 2.42060631248e-20
340329.775006 2.37472408479e-20
341309.346938 2.3288418571e-20
342288.918871 2.2829596294e-20
343268.490803 2.23707740171e-20
344248.062736 2.19119517402e-20
345227.634668 2.14531294632e-20
346207.206601 2.09943071863e-20
347186.778533 2.05354849094e-20
348166.350466 2.00766626325e-20
349145.922398 1.96178403555e-20
350125.494331 1.91590180786e-20
351105.066263 1.87001958017e-20
352084.638196 1.82413735248e-20
353064.210128 1.77825512478e-20
354043.782061 1.73416390935e-20
355023.353993 1.71303028652e-20
356002.925926 1.69189666369e-20
356982.497858 1.67076304085e-20
357962.069791 1.64962941802e-20
358941.641723 1.62849579518e-20
359921.213655 1.60736217235e-20
360900.785588 1.58622854952e-20
361880.35752 1.56509492668e-20
362859.929453 1.54396130385e-20
363839.501385 1.52282768101e-20
364819.073318 1.50169405818e-20
365798.64525 1.48056043535e-20
366778.217183 1.45942681251e-20
367757.789115 1.43829318968e-20
368737.361048 1.41715956684e-20
369716.93298 1.39602594401e-20
370696.504913 1.37489232118e-20
371676.076845 1.35375869834e-20
372655.648778 1.33262507551e-20
373635.22071 1.31149145267e-20
374614.792643 1.29035782984e-20
375594.364575 1.26922420701e-20
376573.936508 1.24809058417e-20
377553.50844 1.22695696134e-20
378533.080373 1.2058233385e-20
379512.652305 1.18468971567e-20
380492.224238 1.16355609284e-20
381471.79617 1.14242247e-20
382451.368102 1.12128884717e-20
383430.940035 1.10015522433e-20
384410.511967 1.0790216015e-20
385390.0839 1.05788797867e-20
386369.655832 1.03675435583e-20
387349.227765 1.015620733e-20
388328.799697 9.94487110165e-21
389308.37163 9.73353487331e-21
390287.943562 9.52219864497e-21
391267.515495 9.31086241663e-21
392247.087427 9.09952618829e-21
393226.65936 8.88818995996e-21
394206.231292 8.67685373162e-21
395185.803225 8.46551750328e-21
396165.375157 8.25418127494e-21
397144.94709 8.0428450466e-21
398124.519022 7.95429903499e-21
399104.090955 7.8682039999e-21
400083.662887 7.78210896481e-21
401063.23482 7.69601392971e-21
402042.806752 7.60991889462e-21
403022.378685 7.52382385953e-21
404001.950617 7.43772882443e-21
404981.52255 7.35163378934e-21
405961.094482 7.26553875425e-21
406940.666414 7.17944371915e-21
407920.238347 7.09334868406e-21
408899.810279 7.00725364897e-21
409879.382212 6.92115861387e-21
410858.954144 6.83506357878e-21
411838.526077 6.74896854369e-21
412818.098009 6.66287350859e-21
413797.669942 6.5767784735e-21
414777.241874 6.49068343841e-21
415756.813807 6.40458840331e-21
416736.385739 6.31849336822e-21
417715.957672 6.23239833313e-21
418695.529604 6.14630329803e-21
419675.101537 6.06020826294e-21
420654.673469 5.97411322785e-21
421634.245402 5.88801819275e-21
422613.817334 5.80192315766e-21
423593.389267 5.71582812257e-21
424572.961199 5.62973308747e-21
425552.533132 5.54363805238e-21
426532.105064 5.45754301729e-21
427511.676997 5.37144798219e-21
428491.248929 5.2853529471e-21
429470.820861 5.19925791201e-21
430450.392794 5.11316287691e-21
431429.964726 5.02706784182e-21
432409.536659 4.94097280673e-21
433389.108591 4.85487777163e-21
434368.680524 4.76878273654e-21
435348.252456 4.68268770145e-21
436327.824389 4.59659266635e-21
437307.396321 4.51049763126e-21
438286.968254 4.42440259617e-21
439266.540186 4.33830756107e-21
440246.112119 4.25221252598e-21
441225.684051 4.16611749089e-21
442205.255984 4.08002245579e-21
443184.827916 3.9939274207e-21
444164.399849 3.90783238561e-21
445143.971781 3.82173735051e-21
446123.543714 3.76428907698e-21
447103.115646 3.73453411813e-21
448082.687579 3.70477915929e-21
449062.259511 3.67502420045e-21
450041.831444 3.64526924161e-21
451021.403376 3.61551428276e-21
452000.975309 3.58575932392e-21
452980.547241 3.55600436508e-21
453960.119173 3.52624940624e-21
454939.691106 3.49649444739e-21
455919.263038 3.46673948855e-21
456898.834971 3.43698452971e-21
457878.406903 3.40722957087e-21
458857.978836 3.37747461202e-21
459837.550768 3.34771965318e-21
460817.122701 3.31796469434e-21
461796.694633 3.2882097355e-21
462776.266566 3.25845477665e-21
463755.838498 3.22869981781e-21
464735.410431 3.19894485897e-21
465714.982363 3.16918990013e-21
466694.554296 3.13943494128e-21
467674.126228 3.10967998244e-21
468653.698161 3.0799250236e-21
469633.270093 3.05017006476e-21
470612.842026 3.02041510591e-21
471592.413958 2.99066014707e-21
472571.985891 2.96090518823e-21
473551.557823 2.93115022939e-21
474531.129756 2.90139527054e-21
475510.701688 2.8716403117e-21
476490.27362 2.84188535286e-21
477469.845553 2.81213039402e-21
478449.417485 2.78237543517e-21
479428.989418 2.75262047633e-21
480408.56135 2.72286551749e-21
481388.133283 2.69311055864e-21
482367.705215 2.6633555998e-21
483347.277148 2.63360064096e-21
484326.84908 2.60384568212e-21
485306.421013 2.57409072327e-21
486285.992945 2.54433576443e-21
487265.564878 2.51458080559e-21
488245.13681 2.48482584675e-21
489224.708743 2.4550708879e-21
490204.280675 2.42531592906e-21
491183.852608 2.39556097022e-21
492163.42454 2.36580601138e-21
493142.996473 2.33605105253e-21
494122.568405 2.30629609369e-21
495102.140338 2.27654113485e-21
496081.71227 2.24678617601e-21
497061.284203 2.21703121716e-21
498040.856135 2.18727625832e-21
499020.428068 2.15752129948e-21
500000.0 2.12776634064e-21
1023753.87687 1e-300
2096144.00083 1e-300
4291871.09466 1e-300
8787639.3444 1e-300
17992759.6948 1e-300
36840314.9864 1e-300
75430830.5851 1e-300
154445210.495 1e-300
316227766.017 1e-300
