11193.6056928 1.83053343959e-17
12173.1776253 1.77254107114e-17
13152.7495578 1.71785731286e-17
14132.3214903 1.66554731269e-17
15111.8934228 1.61834665842e-17
16091.4653552 1.57267376986e-17
17071.0372877 1.53081648947e-17
18050.6092202 1.49024851712e-17
19030.1811527 1.45246612526e-17
20009.7530852 1.41509330969e-17
20989.3250176 1.38115412045e-17
21968.8969501 1.34721493121e-17
22948.4688826 1.31547373214e-17
23928.0408151 1.28503955196e-17
24907.6127476 1.25460537178e-17
25887.18468 1.22699540383e-17
26866.7566125 1.1999031446e-17
27846.328545 1.17281088537e-17
28825.9004775 1.14802531561e-17
29805.4724099 1.12412078097e-17
30785.0443424 1.10021624632e-17
31764.6162749 1.07697453149e-17
32744.1882074 1.05606553333e-17
33723.7601399 1.03515653518e-17
34703.3320723 1.01424753702e-17
35682.9040048 9.94086572064e-18
36662.4759373 9.75743100499e-18
37642.0478698 9.57399628935e-18
38621.6198023 9.3905615737e-18
39601.1917347 9.20712685805e-18
40580.7636672 9.04288593821e-18
41560.3355997 8.88120359329e-18
42539.9075322 8.71952124837e-18
43519.4794647 8.55783890345e-18
44499.0513971 8.39615655853e-18
45478.6233296 8.25243571864e-18
46458.1952621 8.10995983484e-18
47437.7671946 7.96748395103e-18
48417.3391271 7.82500806723e-18
49396.9110595 7.68253218343e-18
50376.482992 7.54765485299e-18
51356.0549245 7.42494966204e-18
52335.626857 7.3022444711e-18
53315.1987895 7.17953928015e-18
54294.7707219 7.05683408921e-18
55274.3426544 6.93412889826e-18
56253.9145869 6.8142433304e-18
57233.4865194 6.70959154059e-18
58213.0584518 6.60493975077e-18
59192.6303843 6.50028796096e-18
60172.2023168 6.39563617115e-18
61151.7742493 6.29098438133e-18
62131.3461818 6.18633259152e-18
63110.9181142 6.08397815157e-18
64090.4900467 5.99299446553e-18
65070.0619792 5.90201077948e-18
66049.6339117 5.81102709343e-18
67029.2058442 5.72004340739e-18
68008.7777766 5.62905972134e-18
68988.3497091 5.53807603529e-18
69967.9216416 5.44709234925e-18
70947.4935741 5.36068761675e-18
71927.0655066 5.28369390493e-18
72906.637439 5.2067001931e-18
73886.2093715 5.12970648128e-18
74865.781304 5.05271276946e-18
75845.3532365 4.97571905764e-18
76824.925169 4.89872534582e-18
77804.4971014 4.821731634e-18
78784.0690339 4.74473792218e-18
79763.6409664 4.67440576285e-18
80743.2128989 4.60998566265e-18
81722.7848313 4.54556556244e-18
82702.3567638 4.48114546224e-18
83681.9286963 4.41672536204e-18
84661.5006288 4.35230526183e-18
85641.0725613 4.28788516163e-18
86620.6444937 4.22346506143e-18
87600.2164262 4.15904496122e-18
88579.7883587 4.09462486102e-18
89559.3602912 4.03696218332e-18
90538.9322237 3.98279849177e-18
91518.5041561 3.92863480022e-18
92498.0760886 3.87447110867e-18
93477.6480211 3.82030741712e-18
94457.2199536 3.76614372556e-18
95436.7918861 3.71198003401e-18
96416.3638185 3.65781634246e-18
97395.935751 3.60365265091e-18
98375.5076835 3.54948895936e-18
99355.079616 3.49532526781e-18
100334.651548 3.44678154752e-18
101314.223481 3.40225008916e-18
102293.795413 3.35771863081e-18
103273.367346 3.31318717245e-18
104252.939278 3.2686557141e-18
105232.511211 3.22412425574e-18
106212.083143 3.17959279739e-18
107191.655076 3.13506133903e-18
108171.227008 3.09052988068e-18
109150.798941 3.04599842232e-18
110130.370873 3.00146696397e-18
111109.942806 2.95693550561e-18
112089.514738 2.91374001877e-18
113069.086671 2.87773650822e-18
114048.658603 2.84173299766e-18
115028.230536 2.80572948711e-18
116007.802468 2.76972597656e-18
116987.374401 2.73372246601e-18
117966.946333 2.69771895546e-18
118946.518266 2.6617154449e-18
119926.090198 2.62571193435e-18
120905.662131 2.5897084238e-18
121885.234063 2.55370491325e-18
122864.805995 2.5177014027e-18
123844.377928 2.48169789215e-18
124823.94986 2.44569438159e-18
125803.521793 2.41111829588e-18
126783.093725 2.38179864694e-18
127762.665658 2.352478998e-18
128742.23759 2.32315934906e-18
129721.809523 2.29383970012e-18
130701.381455 2.26452005118e-18
131680.953388 2.23520040224e-18
132660.52532 2.20588075331e-18
133640.097253 2.17656110437e-18
134619.669185 2.14724145543e-18
135599.241118 2.11792180649e-18
136578.81305 2.08860215755e-18
137558.384983 2.05928250861e-18
138537.956915 2.02996285968e-18
139517.528848 2.00064321074e-18
140497.10078 1.9713235618e-18
141476.672713 1.94556915295e-18
142456.244645 1.92251362118e-18
143435.816578 1.89945808941e-18
144415.38851 1.87640255764e-18
145394.960443 1.85334702587e-18
146374.532375 1.83029149409e-18
147354.104307 1.80723596232e-18
148333.67624 1.78418043055e-18
149313.248172 1.76112489878e-18
150292.820105 1.73806936701e-18
151272.392037 1.71501383524e-18
152251.96397 1.69195830347e-18
153231.535902 1.6689027717e-18
154211.107835 1.64584723993e-18
155190.679767 1.62279170815e-18
156170.2517 1.59973617638e-18
157149.823632 1.57668064461e-18
158129.395565 1.55370818594e-18
159108.967497 1.5358984739e-18
160088.53943 1.51808876187e-18
161068.111362 1.50027904983e-18
162047.683295 1.4824693378e-18
163027.255227 1.46465962576e-18
164006.82716 1.44684991373e-18
164986.399092 1.42904020169e-18
165965.971025 1.41123048966e-18
166945.542957 1.39342077762e-18
167925.11489 1.37561106559e-18
168904.686822 1.35780135355e-18
169884.258754 1.33999164152e-18
170863.830687 1.32218192948e-18
171843.402619 1.30437221745e-18
172822.974552 1.28656250541e-18
173802.546484 1.26875279338e-18
174782.118417 1.25094308134e-18
175761.690349 1.23313336931e-18
176741.262282 1.21532365727e-18
177720.834214 1.19887378152e-18
178700.406147 1.18530440554e-18
179679.978079 1.17173502955e-18
180659.550012 1.15816565356e-18
181639.121944 1.14459627758e-18
182618.693877 1.13102690159e-18
183598.265809 1.1174575256e-18
184577.837742 1.10388814962e-18
185557.409674 1.09031877363e-18
186536.981607 1.07674939764e-18
187516.553539 1.06318002166e-18
188496.125472 1.04961064567e-18
189475.697404 1.03604126968e-18
190455.269337 1.0224718937e-18
191434.841269 1.00890251771e-18
192414.413202 9.95333141725e-19
193393.985134 9.81763765738e-19
194373.557066 9.68194389752e-19
195353.128999 9.54625013765e-19
196332.700931 9.41055637778e-19
197312.272864 9.27486261792e-19
198291.844796 9.13916885805e-19
199271.416729 9.01148873084e-19
200250.988661 8.91183168448e-19
201230.560594 8.81217463811e-19
202210.132526 8.71251759174e-19
203189.704459 8.61286054538e-19
204169.276391 8.51320349901e-19
205148.848324 8.41354645264e-19
206128.420256 8.31388940627e-19
207107.992189 8.21423235991e-19
208087.564121 8.11457531354e-19
209067.136054 8.01491826717e-19
210046.707986 7.91526122081e-19
211026.279919 7.81560417444e-19
212005.851851 7.71594712807e-19
212985.423784 7.61629008171e-19
213964.995716 7.51663303534e-19
214944.567649 7.41697598897e-19
215924.139581 7.3173189426e-19
216903.711513 7.21766189624e-19
217883.283446 7.11800484987e-19
218862.855378 7.0183478035e-19
219842.427311 6.91869075714e-19
220821.999243 6.81903371077e-19
221801.571176 6.7193766644e-19
222781.143108 6.61971961803e-19
223760.715041 6.53229365706e-19
224740.286973 6.46123695813e-19
225719.858906 6.3901802592e-19
226699.430838 6.31912356027e-19
227679.002771 6.24806686133e-19
228658.574703 6.1770101624e-19
229638.146636 6.10595346347e-19
230617.718568 6.03489676454e-19
231597.290501 5.96384006561e-19
232576.862433 5.89278336668e-19
233556.434366 5.82172666774e-19
234536.006298 5.75066996881e-19
235515.578231 5.67961326988e-19
236495.150163 5.60855657095e-19
237474.722096 5.53749987202e-19
238454.294028 5.46644317308e-19
239433.865961 5.39538647415e-19
240413.437893 5.32432977522e-19
241393.009825 5.25327307629e-19
242372.581758 5.18221637736e-19
243352.15369 5.11115967842e-19
244331.725623 5.04010297949e-19
245311.297555 4.96904628056e-19
246290.869488 4.89798958163e-19
247270.44142 4.8269328827e-19
248250.013353 4.75587618376e-19
249229.585285 4.68481948483e-19
250209.157218 4.6137627859e-19
251188.72915 4.55577561289e-19
252168.301083 4.50623172754e-19
253147.873015 4.45668784219e-19
254127.444948 4.40714395684e-19
255107.01688 4.35760007149e-19
256086.588813 4.30805618614e-19
257066.160745 4.25851230079e-19
258045.732678 4.20896841545e-19
259025.30461 4.1594245301e-19
260004.876543 4.10988064475e-19
260984.448475 4.0603367594e-19
261964.020408 4.01079287405e-19
262943.59234 3.9612489887e-19
263923.164272 3.91170510335e-19
264902.736205 3.86216121801e-19
265882.308137 3.81261733266e-19
266861.88007 3.76307344731e-19
267841.452002 3.71352956196e-19
268821.023935 3.66398567661e-19
269800.595867 3.61444179126e-19
270780.1678 3.56489790591e-19
271759.739732 3.51535402057e-19
272739.311665 3.46581013522e-19
273718.883597 3.41626624987e-19
274698.45553 3.36672236452e-19
275678.027462 3.31717847917e-19
276657.599395 3.26763459382e-19
277637.171327 3.21809070848e-19
278616.74326 3.16854682313e-19
279596.315192 3.11900293778e-19
280575.887125 3.06945905243e-19
281555.459057 3.02668541417e-19
282535.03099 2.99437646906e-19
283514.602922 2.96206752394e-19
284494.174855 2.92975857883e-19
285473.746787 2.89744963372e-19
286453.31872 2.86514068861e-19
287432.890652 2.83283174349e-19
288412.462584 2.80052279838e-19
289392.034517 2.76821385327e-19
290371.606449 2.73590490815e-19
291351.178382 2.70359596304e-19
292330.750314 2.67128701793e-19
293310.322247 2.63897807281e-19
294289.894179 2.6066691277e-19
295269.466112 2.57436018259e-19
296249.038044 2.54205123748e-19
297228.609977 2.50974229236e-19
298208.181909 2.47743334725e-19
299187.753842 2.44512440214e-19
300167.325774 2.41281545702e-19
301146.897707 2.38050651191e-19
302126.469639 2.3481975668e-19
303106.041572 2.31588862168e-19
304085.613504 2.28357967657e-19
305065.185437 2.25127073146e-19
306044.757369 2.21896178635e-19
307024.329302 2.18665284123e-19
308003.901234 2.15434389612e-19
308983.473167 2.12203495101e-19
309963.045099 2.08972600589e-19
310942.617031 2.05741706078e-19
311922.188964 2.02510811567e-19
312901.760896 1.99279917055e-19
313881.332829 1.96049022544e-19
314860.904761 1.92818128033e-19
315840.476694 1.90051800587e-19
316820.048626 1.88078703911e-19
317799.620559 1.86105607234e-19
318779.192491 1.84132510557e-19
319758.764424 1.8215941388e-19
320738.336356 1.80186317203e-19
321717.908289 1.78213220526e-19
322697.480221 1.76240123849e-19
323677.052154 1.74267027172e-19
324656.624086 1.72293930495e-19
325636.196019 1.70320833818e-19
326615.767951 1.68347737141e-19
327595.339884 1.66374640464e-19
328574.911816 1.64401543787e-19
329554.483749 1.6242844711e-19
330534.055681 1.60455350433e-19
331513.627614 1.58482253756e-19
332493.199546 1.56509157079e-19
333472.771479 1.54536060403e-19
334452.343411 1.52562963726e-19
335431.915343 1.50589867049e-19
336411.487276 1.48616770372e-19
337391.059208 1.46643673695e-19
338370.631141 1.44670577018e-19
339350.203073 1.42697480341e-19
340329.775006 1.40724383664e-19
341309.346938 1.38751286987e-19
342288.918871 1.3677819031e-19
343268.490803 1.34805093633e-19
344248.062736 1.32831996956e-19
345227.634668 1.30858900279e-19
346207.206601 1.28885803602e-19
347186.778533 1.26912706925e-19
348166.350466 1.24939610248e-19
349145.922398 1.22966513572e-19
350125.494331 1.20993416895e-19
351105.066263 1.19020320218e-19
352084.638196 1.17047223541e-19
353064.210128 1.15074126864e-19
354043.782061 1.13163964328e-19
355023.353993 1.12060505581e-19
356002.925926 1.10957046833e-19
356982.497858 1.09853588085e-19
357962.069791 1.08750129337e-19
358941.641723 1.0764667059e-19
359921.213655 1.06543211842e-19
360900.785588 1.05439753094e-19
361880.35752 1.04336294347e-19
362859.929453 1.03232835599e-19
363839.501385 1.02129376851e-19
364819.073318 1.01025918103e-19
365798.64525 9.99224593558e-20
366778.217183 9.8819000608e-20
367757.789115 9.77155418603e-20
368737.361048 9.66120831126e-20
369716.93298 9.55086243649e-20
370696.504913 9.44051656172e-20
371676.076845 9.33017068695e-20
372655.648778 9.21982481218e-20
373635.22071 9.10947893741e-20
374614.792643 8.99913306264e-20
375594.364575 8.88878718787e-20
376573.936508 8.7784413131e-20
377553.50844 8.66809543833e-20
378533.080373 8.55774956356e-20
379512.652305 8.44740368879e-20
380492.224238 8.33705781402e-20
381471.79617 8.22671193925e-20
382451.368102 8.11636606448e-20
383430.940035 8.00602018971e-20
384410.511967 7.89567431494e-20
385390.0839 7.78532844016e-20
386369.655832 7.67498256539e-20
387349.227765 7.56463669062e-20
388328.799697 7.45429081585e-20
389308.37163 7.34394494108e-20
390287.943562 7.23359906631e-20
391267.515495 7.12325319154e-20
392247.087427 7.01290731677e-20
393226.65936 6.902561442e-20
394206.231292 6.79221556723e-20
395185.803225 6.68186969246e-20
396165.375157 6.57152381769e-20
397144.94709 6.46117794292e-20
398124.519022 6.40551218003e-20
399104.090955 6.35093786948e-20
400083.662887 6.29636355894e-20
401063.23482 6.24178924839e-20
402042.806752 6.18721493784e-20
403022.378685 6.1326406273e-20
404001.950617 6.07806631675e-20
404981.52255 6.02349200621e-20
405961.094482 5.96891769566e-20
406940.666414 5.91434338511e-20
407920.238347 5.85976907457e-20
408899.810279 5.80519476402e-20
409879.382212 5.75062045348e-20
410858.954144 5.69604614293e-20
411838.526077 5.64147183238e-20
412818.098009 5.58689752184e-20
413797.669942 5.53232321129e-20
414777.241874 5.47774890075e-20
415756.813807 5.4231745902e-20
416736.385739 5.36860027965e-20
417715.957672 5.31402596911e-20
418695.529604 5.25945165856e-20
419675.101537 5.20487734802e-20
420654.673469 5.15030303747e-20
421634.245402 5.09572872692e-20
422613.817334 5.04115441638e-20
423593.389267 4.98658010583e-20
424572.961199 4.93200579529e-20
425552.533132 4.87743148474e-20
426532.105064 4.82285717419e-20
427511.676997 4.76828286365e-20
428491.248929 4.7137085531e-20
429470.820861 4.65913424256e-20
430450.392794 4.60455993201e-20
431429.964726 4.54998562146e-20
432409.536659 4.49541131092e-20
433389.108591 4.44083700037e-20
434368.680524 4.38626268983e-20
435348.252456 4.33168837928e-20
436327.824389 4.27711406873e-20
437307.396321 4.22253975819e-20
438286.968254 4.16796544764e-20
439266.540186 4.1133911371e-20
440246.112119 4.05881682655e-20
441225.684051 4.004242516e-20
442205.255984 3.94966820546e-20
443184.827916 3.89509389491e-20
444164.399849 3.84051958437e-20
445143.971781 3.78594527382e-20
446123.543714 3.74787134006e-20
447103.115646 3.72574860294e-20
448082.687579 3.70362586582e-20
449062.259511 3.6815031287e-20
450041.831444 3.65938039158e-20
451021.403376 3.63725765446e-20
452000.975309 3.61513491734e-20
452980.547241 3.59301218022e-20
453960.119173 3.5708894431e-20
454939.691106 3.54876670598e-20
455919.263038 3.52664396886e-20
456898.834971 3.50452123174e-20
457878.406903 3.48239849462e-20
458857.978836 3.4602757575e-20
459837.550768 3.43815302038e-20
460817.122701 3.41603028326e-20
461796.694633 3.39390754614e-20
462776.266566 3.37178480902e-20
463755.838498 3.3496620719e-20
464735.410431 3.32753933478e-20
465714.982363 3.30541659766e-20
466694.554296 3.28329386054e-20
467674.126228 3.26117112342e-20
468653.698161 3.2390483863e-20
469633.270093 3.21692564918e-20
470612.842026 3.19480291206e-20
471592.413958 3.17268017494e-20
472571.985891 3.15055743782e-20
473551.557823 3.1284347007e-20
474531.129756 3.10631196358e-20
475510.701688 3.08418922646e-20
476490.27362 3.06206648934e-20
477469.845553 3.03994375222e-20
478449.417485 3.0178210151e-20
479428.989418 2.99569827798e-20
480408.56135 2.97357554086e-20
481388.133283 2.95145280374e-20
482367.705215 2.92933006662e-20
483347.277148 2.9072073295e-20
484326.84908 2.88508459238e-20
485306.421013 2.86296185526e-20
486285.992945 2.84083911814e-20
487265.564878 2.81871638102e-20
488245.13681 2.7965936439e-20
489224.708743 2.77447090678e-20
490204.280675 2.75234816966e-20
491183.852608 2.73022543254e-20
492163.42454 2.70810269542e-20
493142.996473 2.6859799583e-20
494122.568405 2.66385722118e-20
495102.140338 2.64173448406e-20
496081.71227 2.61961174694e-20
497061.284203 2.59748900982e-20
498040.856135 2.5753662727e-20
499020.428068 2.55324353558e-20
500000.0 2.53112079846e-20
1023753.87687 1e-300
2096144.00083 1e-300
4291871.09466 1e-300
8787639.3444 1e-300
17992759.6948 1e-300
36840314.9864 1e-300
75430830.5851 1e-300
154445210.495 1e-300
316227766.017 1e-300
