10644.401677 1.80657063498e-19
16635.0942588 1.47358535437e-19
22625.7868406 1.31054815179e-19
28616.4794224 1.20610485062e-19
34607.1720042 1.12979205359e-19
40597.8645861 1.06975163853e-19
46588.5571679 1.01868413469e-19
52579.2497497 9.73652060057e-20
58569.9423315 9.34896495698e-20
64560.6349133 9.00290159396e-20
70551.3274951 8.68191866135e-20
76542.0200769 8.37998024588e-20
82532.7126587 8.10571979934e-20
88523.4052405 7.85355122922e-20
94514.0978223 7.61261112398e-20
100504.790404 7.39594931319e-20
106495.482986 7.18101464216e-20
112486.175568 6.9893139243e-20
118476.86815 6.79761320643e-20
124467.560731 6.62611845408e-20
130458.253313 6.45845703752e-20
136448.945895 6.29728157707e-20
142439.638477 6.14551928647e-20
148430.331059 5.99375699586e-20
154421.02364 5.85421024537e-20
160411.716222 5.72045095158e-20
166402.408804 5.58669165778e-20
172393.101386 5.46233584274e-20
178383.793968 5.34384012821e-20
184374.486549 5.22534441368e-20
190365.179131 5.10954619151e-20
196355.871713 5.00604139576e-20
202346.564295 4.90253660001e-20
208337.256877 4.79903180425e-20
214327.949459 4.69969608525e-20
220318.64204 4.60903743467e-20
226309.334622 4.5183787841e-20
232300.027204 4.42772013353e-20
238290.719786 4.33706148295e-20
244281.412368 4.25855570502e-20
250272.104949 4.18006567059e-20
256262.797531 4.10157563616e-20
262253.490113 4.02308560173e-20
268244.182695 3.94598272504e-20
274234.875277 3.87705653411e-20
280225.567858 3.80813034318e-20
286216.26044 3.73920415224e-20
292206.953022 3.67027796131e-20
298197.645604 3.60135177038e-20
304188.338186 3.53896686026e-20
310179.030767 3.47939683894e-20
316169.723349 3.41982681761e-20
322160.415931 3.36025679629e-20
328151.108513 3.30068677497e-20
334141.801095 3.24111675364e-20
340132.493677 3.18651759666e-20
346123.186258 3.13539080752e-20
352113.87884 3.08426401839e-20
358104.571422 3.03313722925e-20
364095.264004 2.98201044011e-20
370085.956586 2.93088365098e-20
376076.649167 2.87975686184e-20
382067.341749 2.8343213336e-20
388058.034331 2.79096146544e-20
394048.726913 2.74760159728e-20
400039.419495 2.70424172912e-20
406030.112076 2.66088186096e-20
412020.804658 2.6175219928e-20
418011.49724 2.57416212464e-20
424002.189822 2.53106020763e-20
429992.882404 2.49411435568e-20
435983.574985 2.45716850374e-20
441974.267567 2.4202226518e-20
447964.960149 2.38327679985e-20
453955.652731 2.34633094791e-20
459946.345313 2.30938509597e-20
465937.037895 2.27243924402e-20
471927.730476 2.23549339208e-20
477918.423058 2.20100737823e-20
483909.11564 2.17007513265e-20
489899.808222 2.13914288707e-20
495890.500804 2.10821064149e-20
501881.193385 2.07727839591e-20
507871.885967 2.04634615033e-20
513862.578549 2.01541390475e-20
519853.271131 1.98448165917e-20
525843.963713 1.95354941358e-20
531834.656294 1.922617168e-20
537825.348876 1.89529179075e-20
543816.041458 1.8693365141e-20
549806.73404 1.84338123744e-20
555797.426622 1.81742596079e-20
561788.119203 1.79147068414e-20
567778.811785 1.76551540749e-20
573769.504367 1.73956013083e-20
579760.196949 1.71360485418e-20
585750.889531 1.68764957753e-20
591741.582113 1.66169430088e-20
597732.274694 1.63573902423e-20
603722.967276 1.61381831592e-20
609713.659858 1.59256144072e-20
615704.35244 1.57130456551e-20
621695.045022 1.5500476903e-20
627685.737603 1.5287908151e-20
633676.430185 1.50753393989e-20
639667.122767 1.48627706469e-20
645657.815349 1.46502018948e-20
651648.507931 1.44376331427e-20
657639.200512 1.42250643907e-20
663629.893094 1.40124956386e-20
669620.585676 1.37999268865e-20
675611.278258 1.36139806902e-20
681601.97084 1.34413343599e-20
687592.663421 1.32686880295e-20
693583.356003 1.30960416992e-20
699574.048585 1.29233953688e-20
705564.741167 1.27507490385e-20
711555.433749 1.25781027081e-20
717546.126331 1.24054563778e-20
723536.818912 1.22328100474e-20
729527.511494 1.20601637171e-20
735518.204076 1.18875173867e-20
741508.896658 1.17148710564e-20
747499.58924 1.1542224726e-20
753490.281821 1.13695783957e-20
759480.974403 1.12293653552e-20
765471.666985 1.10895671048e-20
771462.359567 1.09497688544e-20
777453.052149 1.0809970604e-20
783443.74473 1.06701723536e-20
789434.437312 1.05303741032e-20
795425.129894 1.03905758527e-20
801415.822476 1.02507776023e-20
807406.515058 1.01109793519e-20
813397.207639 9.9711811015e-21
819387.900221 9.83138285108e-21
825378.592803 9.69158460067e-21
831369.285385 9.55178635025e-21
837359.977967 9.41198809983e-21
843350.670549 9.27218984942e-21
849341.36313 9.15145771609e-21
855332.055712 9.04150912757e-21
861322.748294 8.93156053905e-21
867313.440876 8.82161195053e-21
873304.133458 8.71166336202e-21
879294.826039 8.6017147735e-21
885285.518621 8.49176618498e-21
891276.211203 8.38181759646e-21
897266.903785 8.27186900794e-21
903257.596367 8.16192041942e-21
909248.288948 8.0519718309e-21
915238.98153 7.94202324238e-21
921229.674112 7.83207465386e-21
927220.366694 7.72212606535e-21
933211.059276 7.61217747683e-21
939201.751857 7.50222888831e-21
945192.444439 7.39228029979e-21
951183.137021 7.29271331169e-21
957173.829603 7.20764351629e-21
963164.522185 7.1225737209e-21
969155.214767 7.03750392551e-21
975145.907348 6.95243413012e-21
981136.59993 6.86736433473e-21
987127.292512 6.78229453933e-21
993117.985094 6.69722474394e-21
999108.677676 6.61215494855e-21
1005099.37026 6.52708515316e-21
1011090.06284 6.44201535776e-21
1017080.75542 6.35694556237e-21
1023071.448 6.27187576698e-21
1029062.14058 6.18680597159e-21
1035052.83317 6.1017361762e-21
1041043.52575 6.0166663808e-21
1047034.21833 5.93159658541e-21
1053024.91091 5.84652679002e-21
1059015.60349 5.76145699463e-21
1065006.29608 5.67830753441e-21
1070996.98866 5.61355846168e-21
1076987.68124 5.54880938895e-21
1082978.37382 5.48406031622e-21
1088969.0664 5.41931124348e-21
1094959.75898 5.35456217075e-21
1100950.45157 5.28981309802e-21
1106941.14415 5.22506402529e-21
1112931.83673 5.16031495256e-21
1118922.52931 5.09556587982e-21
1124913.22189 5.03081680709e-21
1130903.91448 4.96606773436e-21
1136894.60706 4.90131866163e-21
1142885.29964 4.8365695889e-21
1148875.99222 4.77182051617e-21
1154866.6848 4.70707144343e-21
1160857.37738 4.6423223707e-21
1166848.06997 4.57757329797e-21
1172838.76255 4.51282422524e-21
1178829.45513 4.44807515251e-21
1184820.14771 4.38332607977e-21
1190810.84029 4.31857700704e-21
1196801.53288 4.26090829187e-21
1202792.22546 4.21326239763e-21
1208782.91804 4.16561650338e-21
1214773.61062 4.11797060914e-21
1220764.3032 4.0703247149e-21
1226754.99578 4.02267882066e-21
1232745.68837 3.97503292642e-21
1238736.38095 3.92738703218e-21
1244727.07353 3.87974113794e-21
1250717.76611 3.83209524369e-21
1256708.45869 3.78444934945e-21
1262699.15128 3.73680345521e-21
1268689.84386 3.68915756097e-21
1274680.53644 3.64151166673e-21
1280671.22902 3.59386577249e-21
1286661.9216 3.54621987824e-21
1292652.61418 3.498573984e-21
1298643.30677 3.45092808976e-21
1304633.99935 3.40328219552e-21
1310624.69193 3.35563630128e-21
1316615.38451 3.30799040704e-21
1322606.07709 3.2603445128e-21
1328596.76968 3.21269861855e-21
1334587.46226 3.16505272431e-21
1340578.15484 3.11861418675e-21
1346568.84742 3.08468311831e-21
1352559.54 3.05075204988e-21
1358550.23258 3.01682098144e-21
1364540.92517 2.982889913e-21
1370531.61775 2.94895884457e-21
1376522.31033 2.91502777613e-21
1382513.00291 2.88109670769e-21
1388503.69549 2.84716563926e-21
1394494.38808 2.81323457082e-21
1400485.08066 2.77930350238e-21
1406475.77324 2.74537243395e-21
1412466.46582 2.71144136551e-21
1418457.1584 2.67751029707e-21
1424447.85098 2.64357922864e-21
1430438.54357 2.6096481602e-21
1436429.23615 2.57571709176e-21
1442419.92873 2.54178602333e-21
1448410.62131 2.50785495489e-21
1454401.31389 2.47392388645e-21
1460392.00647 2.43999281802e-21
1466382.69906 2.40606174958e-21
1472373.39164 2.37213068115e-21
1478364.08422 2.33819961271e-21
1484354.7768 2.30426854427e-21
1490345.46938 2.27033747584e-21
1496336.16197 2.2364064074e-21
1502326.85455 2.20247533896e-21
1508317.54713 2.17675695938e-21
1514308.23971 2.15317098868e-21
1520298.93229 2.12958501797e-21
1526289.62487 2.10599904726e-21
1532280.31746 2.08241307655e-21
1538271.01004 2.05882710584e-21
1544261.70262 2.03524113514e-21
1550252.3952 2.01165516443e-21
1556243.08778 1.98806919372e-21
1562233.78037 1.96448322301e-21
1568224.47295 1.94089725231e-21
1574215.16553 1.9173112816e-21
1580205.85811 1.89372531089e-21
1586196.55069 1.87013934018e-21
1592187.24327 1.84655336948e-21
1598177.93586 1.82296739877e-21
1604168.62844 1.79938142806e-21
1610159.32102 1.77579545735e-21
1616150.0136 1.75220948664e-21
1622140.70618 1.72862351594e-21
1628131.39877 1.70503754523e-21
1634122.09135 1.68145157452e-21
1640112.78393 1.65786560381e-21
1646103.47651 1.63427963311e-21
1652094.16909 1.6106936624e-21
1658084.86167 1.58710769169e-21
1664075.55426 1.56352172098e-21
1670066.24684 1.53993575028e-21
1676056.93942 1.51634977957e-21
1682047.632 1.49276380886e-21
1688038.32458 1.4705552927e-21
1694029.01717 1.45510449702e-21
1700019.70975 1.43965370133e-21
1706010.40233 1.42420290565e-21
1712001.09491 1.40875210996e-21
1717991.78749 1.39330131428e-21
1723982.48007 1.37785051859e-21
1729973.17266 1.36239972291e-21
1735963.86524 1.34694892722e-21
1741954.55782 1.33149813154e-21
1747945.2504 1.31604733585e-21
1753935.94298 1.30059654017e-21
1759926.63557 1.28514574448e-21
1765917.32815 1.2696949488e-21
1771908.02073 1.25424415311e-21
1777898.71331 1.23879335743e-21
1783889.40589 1.22334256174e-21
1789880.09847 1.20789176606e-21
1795870.79106 1.19244097037e-21
1801861.48364 1.17699017469e-21
1807852.17622 1.16153937901e-21
1813842.8688 1.14608858332e-21
1819833.56138 1.13063778764e-21
1825824.25397 1.11518699195e-21
1831814.94655 1.09973619627e-21
1837805.63913 1.08428540058e-21
1843796.33171 1.0688346049e-21
1849787.02429 1.05338380921e-21
1855777.71687 1.03793301353e-21
1861768.40946 1.02248221784e-21
1867759.10204 1.00703142216e-21
1873749.79462 9.91580626472e-22
1879740.4872 9.76129830787e-22
1885731.17978 9.60679035103e-22
1891721.87237 9.45228239418e-22
1897712.56495 9.34586466675e-22
1903703.25753 9.25087368242e-22
1909693.95011 9.15588269808e-22
1915684.64269 9.06089171375e-22
1921675.33527 8.96590072942e-22
1927666.02786 8.87090974509e-22
1933656.72044 8.77591876075e-22
1939647.41302 8.68092777642e-22
1945638.1056 8.58593679209e-22
1951628.79818 8.49094580776e-22
1957619.49077 8.39595482343e-22
1963610.18335 8.30096383909e-22
1969600.87593 8.20597285476e-22
1975591.56851 8.11098187043e-22
1981582.26109 8.0159908861e-22
1987572.95367 7.92099990176e-22
1993563.64626 7.82600891743e-22
1999554.33884 7.7310179331e-22
2005545.03142 7.63602694877e-22
2011535.724 7.54103596444e-22
2017526.41658 7.4460449801e-22
2023517.10917 7.35105399577e-22
2029507.80175 7.25606301144e-22
2035498.49433 7.16107202711e-22
2041489.18691 7.06608104277e-22
2047479.87949 6.97109005844e-22
2053470.57207 6.87609907411e-22
2059461.26466 6.78110808978e-22
2065451.95724 6.68611710545e-22
2071442.64982 6.59112612111e-22
2077433.3424 6.49613513678e-22
2083424.03498 6.40114415245e-22
2089414.72756 6.30615316812e-22
2095405.42015 6.21116218379e-22
2101396.11273 6.11617119945e-22
2107386.80531 6.02118021512e-22
2113377.49789 5.92618923079e-22
2119368.19047 5.83119824646e-22
2125358.88306 5.74671167367e-22
2131349.57564 5.69307952179e-22
2137340.26822 5.63944736991e-22
2143330.9608 5.58581521803e-22
2149321.65338 5.53218306614e-22
2155312.34596 5.47855091426e-22
2161303.03855 5.42491876238e-22
2167293.73113 5.3712866105e-22
2173284.42371 5.31765445862e-22
2179275.11629 5.26402230673e-22
2185265.80887 5.21039015485e-22
2191256.50146 5.15675800297e-22
2197247.19404 5.10312585109e-22
2203237.88662 5.04949369921e-22
2209228.5792 4.99586154732e-22
2215219.27178 4.94222939544e-22
2221209.96436 4.88859724356e-22
2227200.65695 4.83496509168e-22
2233191.34953 4.78133293979e-22
2239182.04211 4.72770078791e-22
2245172.73469 4.67406863603e-22
2251163.42727 4.62043648415e-22
2257154.11986 4.56680433227e-22
2263144.81244 4.51317218038e-22
2269135.50502 4.4595400285e-22
2275126.1976 4.40590787662e-22
2281116.89018 4.35227572474e-22
2287107.58276 4.29864357286e-22
2293098.27535 4.24501142097e-22
2299088.96793 4.19137926909e-22
2305079.66051 4.13774711721e-22
2311070.35309 4.08411496533e-22
2317061.04567 4.03048281344e-22
2323051.73826 3.97685066156e-22
2329042.43084 3.92321850968e-22
2335033.12342 3.8695863578e-22
2341023.816 3.81595420592e-22
2347014.50858 3.76232205403e-22
2353005.20116 3.70868990215e-22
2358995.89375 3.65505775027e-22
2364986.58633 3.60142559839e-22
2370977.27891 3.54779344651e-22
2376967.97149 3.49416129462e-22
2382958.66407 3.44052914274e-22
2388949.35666 3.41351025526e-22
2394940.04924 3.38660755426e-22
2400930.74182 3.35970485327e-22
2406921.4344 3.33280215227e-22
2412912.12698 3.30589945128e-22
2418902.81956 3.27899675029e-22
2424893.51215 3.25209404929e-22
2430884.20473 3.2251913483e-22
2436874.89731 3.1982886473e-22
2442865.58989 3.17138594631e-22
2448856.28247 3.14448324532e-22
2454846.97506 3.11758054432e-22
2460837.66764 3.09067784333e-22
2466828.36022 3.06377514234e-22
2472819.0528 3.03687244134e-22
2478809.74538 3.00996974035e-22
2484800.43796 2.98306703935e-22
2490791.13055 2.95616433836e-22
2496781.82313 2.92926163737e-22
2502772.51571 2.90235893637e-22
2508763.20829 2.87545623538e-22
2514753.90087 2.84855353439e-22
2520744.59346 2.82165083339e-22
2526735.28604 2.7947481324e-22
2532725.97862 2.7678454314e-22
2538716.6712 2.74094273041e-22
2544707.36378 2.71404002942e-22
2550698.05636 2.68713732842e-22
2556688.74895 2.66023462743e-22
2562679.44153 2.63333192644e-22
2568670.13411 2.60642922544e-22
2574660.82669 2.57952652445e-22
2580651.51927 2.55262382345e-22
2586642.21186 2.52572112246e-22
2592632.90444 2.49881842147e-22
2598623.59702 2.47191572047e-22
2604614.2896 2.44501301948e-22
2610604.98218 2.41811031849e-22
2616595.67476 2.39120761749e-22
2622586.36735 2.3643049165e-22
2628577.05993 2.3374022155e-22
2634567.75251 2.31049951451e-22
2640558.44509 2.28359681352e-22
2646549.13767 2.25669411252e-22
2652539.83026 2.22979141153e-22
2658530.52284 2.20288871053e-22
2664521.21542 2.17598600954e-22
2670511.908 2.14908330855e-22
2676502.60058 2.12930552267e-22
2682493.29316 2.11792518354e-22
2688483.98575 2.10654484441e-22
2694474.67833 2.09516450528e-22
2700465.37091 2.08378416615e-22
2706456.06349 2.07240382702e-22
2712446.75607 2.06102348789e-22
2718437.44865 2.04964314876e-22
2724428.14124 2.03826280963e-22
2730418.83382 2.0268824705e-22
2736409.5264 2.01550213137e-22
2742400.21898 2.00412179224e-22
2748390.91156 1.99274145311e-22
2754381.60415 1.98136111398e-22
2760372.29673 1.96998077485e-22
2766362.98931 1.95860043572e-22
2772353.68189 1.94722009659e-22
2778344.37447 1.93583975746e-22
2784335.06705 1.92445941834e-22
2790325.75964 1.91307907921e-22
2796316.45222 1.90169874008e-22
2802307.1448 1.89031840095e-22
2808297.83738 1.87893806182e-22
2814288.52996 1.86755772269e-22
2820279.22255 1.85617738356e-22
2826269.91513 1.84479704443e-22
2832260.60771 1.8334167053e-22
2838251.30029 1.82203636617e-22
2844241.99287 1.81065602704e-22
2850232.68545 1.79927568791e-22
2856223.37804 1.78789534878e-22
2862214.07062 1.77651500965e-22
2868204.7632 1.76513467052e-22
2874195.45578 1.75375433139e-22
2880186.14836 1.74237399226e-22
2886176.84095 1.73099365313e-22
2892167.53353 1.719613314e-22
2898158.22611 1.70823297487e-22
2904148.91869 1.69685263574e-22
2910139.61127 1.68547229661e-22
2916130.30385 1.67409195748e-22
2922120.99644 1.66271161835e-22
2928111.68902 1.65133127922e-22
2934102.3816 1.63995094009e-22
2940093.07418 1.62857060096e-22
2946083.76676 1.61719026183e-22
2952074.45935 1.6058099227e-22
2958065.15193 1.59442958357e-22
2964055.84451 1.58304924444e-22
2970046.53709 1.57166890531e-22
2976037.22967 1.56028856618e-22
2982027.92225 1.54890822705e-22
2988018.61484 1.53752788792e-22
2994009.30742 1.52614754879e-22
3000000.0 1.51476720966e-22
5033679.49621 1e-300
8445976.42353 1e-300
14171446.1162 1e-300
23778172.5823 1e-300
39897233.2616 1e-300
66943295.0082 1e-300
112323697.164 1e-300
188467163.784 1e-300
316227766.017 1e-300
