11094.2523472 1.82517499678e-18
12474.8249878 1.62064180117e-18
13855.3976284 1.45673568649e-18
15235.970269 1.32365913887e-18
16616.5429096 1.21083846408e-18
17997.1155502 1.11274907049e-18
19377.6881907 1.03020443151e-18
20758.2608313 9.6129435669e-19
22138.8334719 8.97058689768e-19
23519.4061125 8.45348545968e-19
24899.9787531 7.9412018259e-19
26280.5513937 7.52960752168e-19
27661.1240343 7.11801321746e-19
29041.6966749 6.77778233911e-19
30422.2693154 6.45009438388e-19
31802.841956 6.14878196307e-19
33183.4145966 5.88915753576e-19
34563.9872372 5.62953310845e-19
35944.5598778 5.40302825013e-19
37325.1325184 5.19648152179e-19
38705.705159 4.98993479345e-19
40086.2777995 4.80723930828e-19
41466.8504401 4.6462754369e-19
42847.4230807 4.48531156551e-19
44227.9957213 4.32583125604e-19
45608.5683619 4.19845398678e-19
46989.1410025 4.07107671751e-19
48369.7136431 3.94369944824e-19
49750.2862837 3.81964434313e-19
51130.8589242 3.71589885664e-19
52511.4315648 3.61215337014e-19
53892.0042054 3.50840788365e-19
55272.576846 3.40466239715e-19
56653.1494866 3.31774902706e-19
58033.7221272 3.23613128347e-19
59414.2947678 3.15451353988e-19
60794.8674083 3.07289579629e-19
62175.4400489 2.9912780527e-19
63556.0126895 2.92432994262e-19
64936.5853301 2.86004502998e-19
66317.1579707 2.79576011734e-19
67697.7306113 2.7314752047e-19
69078.3032519 2.66719029206e-19
70458.8758925 2.60717208494e-19
71839.448533 2.55572396982e-19
73220.0211736 2.5042758547e-19
74600.5938142 2.45282773958e-19
75981.1664548 2.40137962446e-19
77361.7390954 2.34993150934e-19
78742.311736 2.30011455605e-19
80122.8843766 2.2598689985e-19
81503.4570172 2.21962344094e-19
82884.0296577 2.17937788338e-19
84264.6022983 2.13913232583e-19
85645.1749389 2.09888676827e-19
87025.7475795 2.05864121072e-19
88406.3202201 2.0200468144e-19
89786.8928607 1.98789792778e-19
91167.4655013 1.95574904117e-19
92548.0381418 1.92360015455e-19
93928.6107824 1.89145126794e-19
95309.183423 1.85930238132e-19
96689.7560636 1.8271534947e-19
98070.3287042 1.79500460809e-19
99450.9013448 1.76573918302e-19
100831.473985 1.74053432931e-19
102212.046626 1.71532947561e-19
103592.619267 1.69012462191e-19
104973.191907 1.66491976821e-19
106353.764548 1.6397149145e-19
107734.337188 1.6145100608e-19
109114.909829 1.5893052071e-19
110495.482469 1.56410035339e-19
111876.05511 1.54234315719e-19
113256.627751 1.52223694334e-19
114637.200391 1.50213072949e-19
116017.773032 1.48202451565e-19
117398.345672 1.4619183018e-19
118778.918313 1.44181208795e-19
120159.490954 1.42170587411e-19
121540.063594 1.40159966026e-19
122920.636235 1.38149344641e-19
124301.208875 1.36138723257e-19
125681.781516 1.34474528382e-19
127062.354157 1.32861725901e-19
128442.926797 1.31248923421e-19
129823.499438 1.2963612094e-19
131204.072078 1.28023318459e-19
132584.644719 1.26410515979e-19
133965.217359 1.24797713498e-19
135345.79 1.23184911017e-19
136726.362641 1.21572108537e-19
138106.935281 1.19959306056e-19
139487.507922 1.18346503575e-19
140868.080562 1.17044147046e-19
142248.653203 1.15788589353e-19
143629.225844 1.1453303166e-19
145009.798484 1.13277473968e-19
146390.371125 1.12021916275e-19
147770.943765 1.10766358583e-19
149151.516406 1.0951080089e-19
150532.089046 1.08255243197e-19
151912.661687 1.06999685505e-19
153293.234328 1.05744127812e-19
154673.806968 1.0448857012e-19
156054.379609 1.03233012427e-19
157434.952249 1.02113012199e-19
158815.52489 1.01115776133e-19
160196.097531 1.00118540068e-19
161576.670171 9.91213040015e-20
162957.242812 9.81240679356e-20
164337.815452 9.71268318696e-20
165718.388093 9.61295958036e-20
167098.960734 9.51323597377e-20
168479.533374 9.41351236717e-20
169860.106015 9.31378876057e-20
171240.678655 9.21406515398e-20
172621.251296 9.11434154738e-20
174001.823936 9.01461794078e-20
175382.396577 8.91489433419e-20
176762.969218 8.82919229698e-20
178143.541858 8.7502629752e-20
179524.114499 8.67133365342e-20
180904.687139 8.59240433164e-20
182285.25978 8.51347500986e-20
183665.832421 8.43454568809e-20
185046.405061 8.35561636631e-20
186426.977702 8.27668704453e-20
187807.550342 8.19775772275e-20
189188.122983 8.11882840097e-20
190568.695624 8.03989907919e-20
191949.268264 7.96096975741e-20
193329.840905 7.88204043563e-20
194710.413545 7.80311111385e-20
196090.986186 7.72418179208e-20
197471.558826 7.64753822099e-20
198852.131467 7.58568918467e-20
200232.704108 7.52384014835e-20
201613.276748 7.46199111203e-20
202993.849389 7.4001420757e-20
204374.422029 7.33829303938e-20
205754.99467 7.27644400306e-20
207135.567311 7.21459496674e-20
208516.139951 7.15274593042e-20
209896.712592 7.09089689409e-20
211277.285232 7.02904785777e-20
212657.857873 6.96719882145e-20
214038.430513 6.90534978513e-20
215419.003154 6.84350074881e-20
216799.575795 6.78165171248e-20
218180.148435 6.71980267616e-20
219560.721076 6.65795363984e-20
220941.293716 6.59610460352e-20
222321.866357 6.54371780208e-20
223702.438998 6.49544201329e-20
225083.011638 6.44716622451e-20
226463.584279 6.39889043573e-20
227844.156919 6.35061464694e-20
229224.72956 6.30233885816e-20
230605.302201 6.25406306938e-20
231985.874841 6.20578728059e-20
233366.447482 6.15751149181e-20
234747.020122 6.10923570302e-20
236127.592763 6.06095991424e-20
237508.165403 6.01268412546e-20
238888.738044 5.96440833667e-20
240269.310685 5.91613254789e-20
241649.883325 5.8678567591e-20
243030.455966 5.81958097032e-20
244411.028606 5.77130518154e-20
245791.601247 5.72302939275e-20
247172.173888 5.67475360397e-20
248552.746528 5.62790446622e-20
249933.319169 5.59036953869e-20
251313.891809 5.55283461117e-20
252694.46445 5.51529968364e-20
254075.03709 5.47776475611e-20
255455.609731 5.44022982859e-20
256836.182372 5.40269490106e-20
258216.755012 5.36515997353e-20
259597.327653 5.32762504601e-20
260977.900293 5.29009011848e-20
262358.472934 5.25255519095e-20
263739.045575 5.21502026343e-20
265119.618215 5.1774853359e-20
266500.190856 5.13995040838e-20
267880.763496 5.10241548085e-20
269261.336137 5.06488055332e-20
270641.908778 5.0273456258e-20
272022.481418 4.98981069827e-20
273403.054059 4.95227577074e-20
274783.626699 4.91474084322e-20
276164.19934 4.87720591569e-20
277544.77198 4.83967098816e-20
278925.344621 4.80368112729e-20
280305.917262 4.77466742122e-20
281686.489902 4.74565371515e-20
283067.062543 4.71664000908e-20
284447.635183 4.687626303e-20
285828.207824 4.65861259693e-20
287208.780465 4.62959889086e-20
288589.353105 4.60058518479e-20
289969.925746 4.57157147872e-20
291350.498386 4.54255777264e-20
292731.071027 4.51354406657e-20
294111.643668 4.4845303605e-20
295492.216308 4.45551665443e-20
296872.788949 4.42650294836e-20
298253.361589 4.39748924229e-20
299633.93423 4.36847553621e-20
301014.50687 4.33946183014e-20
302395.079511 4.31044812407e-20
303775.652152 4.281434418e-20
305156.224792 4.25242071193e-20
306536.797433 4.22340700586e-20
307917.370073 4.19439329978e-20
309297.942714 4.16537959371e-20
310678.515355 4.13636588764e-20
312059.087995 4.10735218157e-20
313439.660636 4.08175525733e-20
314820.233276 4.05893893615e-20
316200.805917 4.03612261497e-20
317581.378557 4.01330629379e-20
318961.951198 3.9904899726e-20
320342.523839 3.96767365142e-20
321723.096479 3.94485733024e-20
323103.66912 3.92204100905e-20
324484.24176 3.89922468787e-20
325864.814401 3.87640836669e-20
327245.387042 3.8535920455e-20
328625.959682 3.83077572432e-20
330006.532323 3.80795940314e-20
331387.104963 3.78514308196e-20
332767.677604 3.76232676077e-20
334148.250245 3.73951043959e-20
335528.822885 3.71669411841e-20
336909.395526 3.69387779722e-20
338289.968166 3.67106147604e-20
339670.540807 3.64824515486e-20
341051.113447 3.62542883367e-20
342431.686088 3.60261251249e-20
343812.258729 3.57979619131e-20
345192.831369 3.55697987012e-20
346573.40401 3.53416354894e-20
347953.97665 3.51134722776e-20
349334.549291 3.48853090658e-20
350715.121932 3.46571458539e-20
352095.694572 3.44770788407e-20
353476.267213 3.43014212958e-20
354856.839853 3.4125763751e-20
356237.412494 3.39501062061e-20
357617.985134 3.37744486613e-20
358998.557775 3.35987911165e-20
360379.130416 3.34231335716e-20
361759.703056 3.32474760268e-20
363140.275697 3.30718184819e-20
364520.848337 3.28961609371e-20
365901.420978 3.27205033922e-20
367281.993619 3.25448458474e-20
368662.566259 3.23691883026e-20
370043.1389 3.21935307577e-20
371423.71154 3.20178732129e-20
372804.284181 3.1842215668e-20
374184.856822 3.16665581232e-20
375565.429462 3.14909005783e-20
376946.002103 3.13152430335e-20
378326.574743 3.11395854886e-20
379707.147384 3.09639279438e-20
381087.720024 3.0788270399e-20
382468.292665 3.06126128541e-20
383848.865306 3.04369553093e-20
385229.437946 3.02612977644e-20
386610.010587 3.00856402196e-20
387990.583227 2.99099826747e-20
389371.155868 2.97343251299e-20
390751.728509 2.9558667585e-20
392132.301149 2.93830100402e-20
393512.87379 2.92073524954e-20
394893.44643 2.90684378821e-20
396274.019071 2.89332151925e-20
397654.591712 2.8797992503e-20
399035.164352 2.86627698135e-20
400415.736993 2.85275471239e-20
401796.309633 2.83923244344e-20
403176.882274 2.82571017448e-20
404557.454914 2.81218790553e-20
405938.027555 2.79866563658e-20
407318.600196 2.78514336762e-20
408699.172836 2.77162109867e-20
410079.745477 2.75809882971e-20
411460.318117 2.74457656076e-20
412840.890758 2.73105429181e-20
414221.463399 2.71753202285e-20
415602.036039 2.7040097539e-20
416982.60868 2.69048748494e-20
418363.18132 2.67696521599e-20
419743.753961 2.66344294704e-20
421124.326601 2.64992067808e-20
422504.899242 2.63639840913e-20
423885.471883 2.62287614017e-20
425266.044523 2.60935387122e-20
426646.617164 2.59583160227e-20
428027.189804 2.58230933331e-20
429407.762445 2.56878706436e-20
430788.335086 2.5552647954e-20
432168.907726 2.54174252645e-20
433549.480367 2.5282202575e-20
434930.053007 2.51469798854e-20
436310.625648 2.50117571959e-20
437691.198289 2.48765345063e-20
439071.770929 2.47413118168e-20
440452.34357 2.46060891273e-20
441832.91621 2.44747893552e-20
443213.488851 2.43728387903e-20
444594.061491 2.42708882254e-20
445974.634132 2.41689376605e-20
447355.206773 2.40669870956e-20
448735.779413 2.39650365307e-20
450116.352054 2.38630859658e-20
451496.924694 2.37611354009e-20
452877.497335 2.3659184836e-20
454258.069976 2.35572342711e-20
455638.642616 2.34552837062e-20
457019.215257 2.33533331413e-20
458399.787897 2.32513825764e-20
459780.360538 2.31494320115e-20
461160.933178 2.30474814466e-20
462541.505819 2.29455308817e-20
463922.07846 2.28435803168e-20
465302.6511 2.27416297519e-20
466683.223741 2.26396791869e-20
468063.796381 2.2537728622e-20
469444.369022 2.24357780571e-20
470824.941663 2.23338274922e-20
472205.514303 2.22318769273e-20
473586.086944 2.21299263624e-20
474966.659584 2.20279757975e-20
476347.232225 2.19260252326e-20
477727.804866 2.18240746677e-20
479108.377506 2.17221241028e-20
480488.950147 2.16201735379e-20
481869.522787 2.1518222973e-20
483250.095428 2.14162724081e-20
484630.668068 2.13143218432e-20
486011.240709 2.12123712783e-20
487391.81335 2.11104207134e-20
488772.38599 2.10084701485e-20
490152.958631 2.09065195836e-20
491533.531271 2.08045690187e-20
492914.103912 2.07026184538e-20
494294.676553 2.06006678889e-20
495675.249193 2.05006459079e-20
497055.821834 2.04222160792e-20
498436.394474 2.03437862505e-20
499816.967115 2.02653564218e-20
501197.539756 2.0186926593e-20
502578.112396 2.01084967643e-20
503958.685037 2.00300669356e-20
505339.257677 1.99516371069e-20
506719.830318 1.98732072781e-20
508100.402958 1.97947774494e-20
509480.975599 1.97163476207e-20
510861.54824 1.9637917792e-20
512242.12088 1.95594879633e-20
513622.693521 1.94810581345e-20
515003.266161 1.94026283058e-20
516383.838802 1.93241984771e-20
517764.411443 1.92457686484e-20
519144.984083 1.91673388196e-20
520525.556724 1.90889089909e-20
521906.129364 1.90104791622e-20
523286.702005 1.89320493335e-20
524667.274645 1.88536195048e-20
526047.847286 1.8775189676e-20
527428.419927 1.86967598473e-20
528808.992567 1.86183300186e-20
530189.565208 1.85399001899e-20
531570.137848 1.84614703611e-20
532950.710489 1.83830405324e-20
534331.28313 1.83046107037e-20
535711.85577 1.8226180875e-20
537092.428411 1.81477510462e-20
538473.001051 1.80693212175e-20
539853.573692 1.79908913888e-20
541234.146333 1.79124615601e-20
542614.718973 1.78340317314e-20
543995.291614 1.77556019026e-20
545375.864254 1.76771720739e-20
546756.436895 1.75987422452e-20
548137.009535 1.75203124165e-20
549517.582176 1.74418825877e-20
550898.154817 1.7363452759e-20
552278.727457 1.72850229303e-20
553659.300098 1.72065931016e-20
555039.872738 1.71281632728e-20
556420.445379 1.70547870794e-20
557801.01802 1.69942155784e-20
559181.59066 1.69336440774e-20
560562.163301 1.68730725764e-20
561942.735941 1.68125010754e-20
563323.308582 1.67519295744e-20
564703.881223 1.66913580734e-20
566084.453863 1.66307865724e-20
567465.026504 1.65702150714e-20
568845.599144 1.65096435704e-20
570226.171785 1.64490720694e-20
571606.744425 1.63885005684e-20
572987.317066 1.63279290674e-20
574367.889707 1.62673575664e-20
575748.462347 1.62067860654e-20
577129.034988 1.61462145644e-20
578509.607628 1.60856430635e-20
579890.180269 1.60250715625e-20
581270.75291 1.59645000615e-20
582651.32555 1.59039285605e-20
584031.898191 1.58433570595e-20
585412.470831 1.57827855585e-20
586793.043472 1.57222140575e-20
588173.616112 1.56616425565e-20
589554.188753 1.56010710555e-20
590934.761394 1.55404995545e-20
592315.334034 1.54799280535e-20
593695.906675 1.54193565525e-20
595076.479315 1.53587850515e-20
596457.051956 1.52982135505e-20
597837.624597 1.52376420495e-20
599218.197237 1.51770705485e-20
600598.769878 1.51164990475e-20
601979.342518 1.50559275465e-20
603359.915159 1.49953560455e-20
604740.4878 1.49347845445e-20
606121.06044 1.48742130435e-20
607501.633081 1.48136415425e-20
608882.205721 1.47530700415e-20
610262.778362 1.46924985405e-20
611643.351002 1.46319270395e-20
613023.923643 1.45713555385e-20
614404.496284 1.45107840375e-20
615785.068924 1.44502125365e-20
617165.641565 1.43896410355e-20
618546.214205 1.43290695345e-20
619926.786846 1.42684980335e-20
621307.359487 1.42079265325e-20
622687.932127 1.41473550315e-20
624068.504768 1.40894552016e-20
625449.077408 1.40480098239e-20
626829.650049 1.40065644461e-20
628210.222689 1.39651190683e-20
629590.79533 1.39236736905e-20
630971.367971 1.38822283128e-20
632351.940611 1.3840782935e-20
633732.513252 1.37993375572e-20
635113.085892 1.37578921795e-20
636493.658533 1.37164468017e-20
637874.231174 1.36750014239e-20
639254.803814 1.36335560462e-20
640635.376455 1.35921106684e-20
642015.949095 1.35506652906e-20
643396.521736 1.35092199129e-20
644777.094377 1.34677745351e-20
646157.667017 1.34263291573e-20
647538.239658 1.33848837795e-20
648918.812298 1.33434384018e-20
650299.384939 1.3301993024e-20
651679.957579 1.32605476462e-20
653060.53022 1.32191022685e-20
654441.102861 1.31776568907e-20
655821.675501 1.31362115129e-20
657202.248142 1.30947661352e-20
658582.820782 1.30533207574e-20
659963.393423 1.30118753796e-20
661343.966064 1.29704300019e-20
662724.538704 1.29289846241e-20
664105.111345 1.28875392463e-20
665485.683985 1.28460938685e-20
666866.256626 1.28046484908e-20
668246.829267 1.2763203113e-20
669627.401907 1.27217577352e-20
671007.974548 1.26803123575e-20
672388.547188 1.26388669797e-20
673769.119829 1.25974216019e-20
675149.692469 1.25559762242e-20
676530.26511 1.25145308464e-20
677910.837751 1.24730854686e-20
679291.410391 1.24316400909e-20
680671.983032 1.23901947131e-20
682052.555672 1.23487493353e-20
683433.128313 1.23073039575e-20
684813.700954 1.22658585798e-20
686194.273594 1.2224413202e-20
687574.846235 1.21829678242e-20
688955.418875 1.21415224465e-20
690335.991516 1.21000770687e-20
691716.564156 1.20586316909e-20
693097.136797 1.20171863132e-20
694477.709438 1.19757409354e-20
695858.282078 1.19342955576e-20
697238.854719 1.18928501799e-20
698619.427359 1.18514048021e-20
700000.0 1.18099594243e-20
1380661.28395 1e-300
2723179.40144 1e-300
5371126.24118 1e-300
10593865.7892 1e-300
20895057.6321 1e-300
41212852.9981 1e-300
81287129.3367 1e-300
160328560.513 1e-300
316227766.017 1e-300
