300.0 5.011079832084401e-16
336.60553629058893 4.533910554068835e-16
377.67762353825026 4.091801377466642e-16
423.76126338682616 3.6828468275728076e-16
475.46795773833423 3.309078613485286e-16
533.4838230116768 2.967000247313738e-16
598.5786944906637 2.6559431221473163e-16
671.616341570502 2.3739248663909987e-16
753.5659294528738 2.1190129717952663e-16
845.5148793793364 1.889969555173735e-16
948.6832980505137 1.6797232008553167e-16
1064.440167700726 1.4900490994073306e-16
1194.321511660492 1.3175078569600636e-16
1340.050776452889 1.162614377030966e-16
1503.5617008818174 1.0252460245180241e-16
1687.0239755710472 9.025024816687e-17
1892.8720334405791 7.923454598117143e-17
2123.837353152414 6.946925914502503e-17
2382.984704172844 6.090269772769127e-17
2673.7528144012376 5.340493666791719e-17
3000.0 4.68040284997707e-17
3366.0553629058904 4.0911514692611375e-17
3776.7762353825024 3.574907401647511e-17
4237.6126338682625 3.120290913901953e-17
4754.679577383341 2.7222139201496193e-17
5334.8382301167685 2.3736001978509903e-17
5985.786944906639 2.0681340438677864e-17
6716.163415705019 1.801369805341816e-17
7535.659294528738 1.573566961966645e-17
8455.148793793362 1.3754385001370579e-17
9486.832980505138 1.2012463204244875e-17
10644.401677007265 1.0485442470589493e-17
11943.21511660492 9.15697467150479e-18
13400.50776452889 8.006214104471406e-18
15035.617008818166 6.996681566181892e-18
16870.23975571047 6.107731900272409e-18
18928.7203344058 5.3329439703385954e-18
21238.37353152414 4.6584546438210975e-18
23829.84704172844 4.071900866127007e-18
26737.528144012365 3.566407259255774e-18
30000.0 3.1113104105387553e-18
33660.55362905891 2.7144910442852255e-18
37767.76235382502 2.3700065630768276e-18
42376.12633868263 2.068031478126621e-18
47546.7957738334 1.8011736663943286e-18
53348.38230116769 1.567013845756856e-18
59857.86944906639 1.364330538112388e-18
67161.63415705018 1.1801793984600234e-18
75356.5929452874 1.0174985090600264e-18
84551.48793793362 8.756229378520585e-19
94868.32980505138 7.518367009039691e-19
106444.01677007263 6.424797582200661e-19
119432.15116604917 5.48074158374146e-19
134005.07764528893 4.657777013305103e-19
150356.17008818168 3.9392530315588494e-19
168702.3975571047 3.316627274645117e-19
189287.20334405798 2.7820732973988417e-19
212383.73531524139 2.3230135164967855e-19
238298.47041728444 1.9305338255383064e-19
267375.2814401237 1.5837886442977626e-19
300000.0 1.3394396381664915e-19
650124.7067126234 1e-300
1408873.7809272478 1e-300
3053145.512068098 1e-300
6616417.768614112 1e-300
14338322.20436146 1e-300
31072325.05953855 1e-300
67336287.38737263 1e-300
145923280.29610842 1e-300
316227766.01683795 1e-300
