106444.01677 1.5005770963e-20
119432.151166 1.34553986408e-20
134005.077645 1.11324504567e-20
150356.170088 9.86379514952e-21
168702.397557 8.41912186613e-21
189287.203344 7.14341335593e-21
212383.735315 5.90343885792e-21
238298.470417 4.99173029483e-21
267375.28144 4.20634550896e-21
300000.0 3.5841992415e-21
336605.536291 2.98853342502e-21
377677.623538 2.45814450094e-21
423761.263387 2.05099024706e-21
475467.957738 1.68941266151e-21
533483.823012 1.3859651487e-21
598578.694491 1.13458647572e-21
671616.341571 9.20938847035e-22
753565.929453 7.50277531988e-22
845514.879379 6.05350727766e-22
948683.298051 4.8599488296e-22
1064440.1677 3.82065093274e-22
1194321.51166 3.02657432217e-22
1340050.77645 2.3841550713e-22
1503561.70088 1.91127822751e-22
1687023.97557 1.4496974743e-22
1892872.03344 1.15530252587e-22
2123837.35315 8.59571440908e-23
2382984.70417 6.79999754237e-23
2673752.8144 4.96410758115e-23
3000000.0 3.88670893775e-23
3366055.36291 2.90477078863e-23
3776776.23538 2.1551266801e-23
4237612.63387 1.51549565818e-23
4754679.57738 1.16054708137e-23
5334838.23012 8.43069458244e-24
5985786.94491 6.08273699382e-24
6716163.41571 4.21402790234e-24
7535659.29453 3.14840341677e-24
8455148.79379 2.27436494411e-24
9486832.98051 1.65948242481e-24
10644401.677 1.23103559029e-24
11943215.1166 9.45802364619e-25
13400507.7645 7.55655049592e-25
15035617.0088 6.35740000907e-25
16870239.7557 6.02557628594e-25
18928720.3344 5.51701706324e-25
21238373.5315 5.990271226e-25
23829847.0417 7.91988515298e-25
26737528.144 1.53504706974e-24
30000000.0 3.15529694206e-24
38973952.2417 1e-300
50632298.4447 1e-300
65778026.0491 1e-300
85454321.5265 1e-300
111016421.534 1e-300
144224957.031 1e-300
187367219.579 1e-300
243414702.252 1e-300
316227766.017 1e-300
