100981.660887 2.59706943548e-21
113303.287061 2.26319390214e-21
127128.379016 1.97014466792e-21
142640.387322 1.71249845356e-21
160045.146904 1.48597352407e-21
179573.608347 1.28775451843e-21
201484.902471 1.11440997373e-21
226069.778836 9.62952576837e-22
253654.463814 8.31249212988e-22
284604.989415 7.1454612413e-22
319332.05031 6.13219090282e-22
358296.453498 5.24980994678e-22
402015.232936 4.48323323911e-22
451068.510265 3.81889193522e-22
506107.192671 3.24217519623e-22
567861.610032 2.7413426067e-22
637151.205946 2.31013567361e-22
714895.411252 1.93995909653e-22
802125.84432 1.62323513869e-22
900000.0 1.3532489727e-22
1009816.60887 1.12402737845e-22
1133032.87061 9.29306223269e-23
1271283.79016 7.65506279637e-23
1426403.87322 6.28192252054e-23
1600451.46904 5.13374357662e-23
1795736.08347 4.17694330152e-23
2014849.02471 3.38402992199e-23
2260697.78836 2.72522355935e-23
2536544.63814 2.18401030902e-23
2846049.89415 1.74138642673e-23
3193320.5031 1.38111563007e-23
3582964.53498 1.08938059897e-23
4020152.32936 8.54454990107e-24
4510685.10265 6.65244025925e-24
5061071.92671 5.14974189498e-24
5678616.10032 3.96059799899e-24
6371512.05946 3.02614534611e-24
7148954.11252 2.29749321653e-24
8021258.4432 1.73303296383e-24
9000000.0 1.29647734313e-24
10098166.0887 9.63823929815e-25
11330328.7061 7.12110779617e-25
12712837.9016 5.23105345587e-25
14264038.7322 3.82337221391e-25
16004514.6904 2.78362269859e-25
17957360.8347 2.02248915835e-25
20148490.2471 1.47152144237e-25
22606977.8836 1.07632712437e-25
25365446.3814 7.95178849999e-26
28460498.9415 5.96678116778e-26
31933205.031 4.57705691591e-26
35829645.3498 3.64767638906e-26
40201523.2936 3.02486666878e-26
45106851.0265 2.63339716461e-26
50610719.2671 2.41565467007e-26
56786161.0032 2.41352230009e-26
63715120.5946 2.67553416447e-26
71489541.1252 3.63513666185e-26
80212584.432 7.81081940166e-26
90000000.0 1.67900505204e-25
103486150.106 1e-300
118993147.374 1e-300
136823807.897 1e-300
157326323.579 1e-300
180901061.527 1e-300
208008382.305 1e-300
239177629.716 1e-300
275017467.675 1e-300
316227766.017 1e-300
