10000.0 7.356187816546031e-20
11220.18454301963 6.161592147306069e-20
12589.254117941675 5.42672710546399e-20
14125.375446227541 4.7695201447053296e-20
15848.93192461114 4.178728723896687e-20
17782.79410038923 3.8277761053811746e-20
19952.62314968879 3.0609852072200596e-20
22387.2113856834 2.6646746520757798e-20
25118.864315095794 2.4027339908311744e-20
28183.82931264455 2.169380024915352e-20
31622.776601683792 1.8695351481978492e-20
35481.338923357536 1.5447747920420257e-20
39810.717055349734 1.2820054056671563e-20
44668.3592150963 1.099416040482345e-20
50118.72336272724 9.40722991256179e-21
56234.13251903491 8.034962555119545e-21
63095.7344480193 7.054066054650906e-21
70794.57843841381 6.199847687271642e-21
79432.82347242814 5.2507112575862325e-21
89125.0938133746 4.187516828814878e-21
100000.0 3.6347232419791264e-21
112201.84543019635 3.069847455233826e-21
125892.54117941676 2.528485416825522e-21
141253.7544622754 2.2406047454889248e-21
158489.31924611132 1.8841527390781915e-21
177827.9410038923 1.584111419635236e-21
199526.23149688798 1.3316261364990865e-21
223872.11385683398 1.0794022081930915e-21
251188.64315095794 9.251815252631347e-22
281838.2931264454 7.80707464333044e-22
316227.7660168379 6.682860334285301e-22
354813.3892335755 5.514717092049604e-22
398107.17055349733 4.678117223632995e-22
446683.592150963 4.049674071039171e-22
501187.2336272722 3.4158689011288586e-22
562341.3251903491 2.912973683202047e-22
630957.3444801933 2.491406782775181e-22
707945.7843841381 2.1369046174502565e-22
794328.2347242814 1.8280567428226268e-22
891250.9381337456 1.57806311503889e-22
1000000.0 1.3626075813679867e-22
1122018.4543019636 1.178022342389938e-22
1258925.4117941672 1.0229323389086103e-22
1412537.5446227544 8.860194442675103e-23
1584893.1924611134 7.644834095169929e-23
1778279.410038923 6.671511676032675e-23
1995262.3149688798 5.757632957529094e-23
2238721.1385683394 5.002033769925657e-23
2511886.4315095805 4.317926752110764e-23
2818382.931264454 3.76002241679968e-23
3162277.6601683795 3.207248765665206e-23
3548133.892335755 2.757497416376775e-23
3981071.705534972 2.3743325862869753e-23
4466835.921509632 2.0202621297547176e-23
5011872.336272722 1.7344323050691063e-23
5623413.251903491 1.4762062386610877e-23
6309573.444801932 1.2528837947278009e-23
7079457.8438413795 1.0549901942670334e-23
7943282.3472428145 8.915110793297176e-24
8912509.381337455 7.648980766586268e-24
10000000.0 6.456326883835602e-24
14677992.676220706 1e-300
21544346.900318824 1e-300
31622776.60168379 1e-300
46415888.33612782 1e-300
68129206.90579608 1e-300
100000000.0 1e-300
146779926.76220676 1e-300
215443469.00318867 1e-300
316227766.01683795 1e-300
