10644.401677 1.23148495634e-19
16635.0942588 7.85501134007e-20
22625.7868406 5.77526850759e-20
28616.4794224 4.55444467038e-20
34607.1720042 3.75671507361e-20
40597.8645861 3.19746704114e-20
46588.5571679 2.77229957757e-20
52579.2497497 2.44795627341e-20
58569.9423315 2.19505535268e-20
64560.6349133 1.98783543373e-20
70551.3274951 1.8139582887e-20
76542.0200769 1.66455132457e-20
82532.7126587 1.54223870844e-20
88523.4052405 1.43681107159e-20
94514.0978223 1.33996543083e-20
100504.790404 1.26083297628e-20
106495.482986 1.18294656977e-20
112486.175568 1.12038947629e-20
118476.86815 1.05783238281e-20
124467.560731 1.00694294351e-20
130458.253313 9.58267010733e-21
136448.945895 9.13514375504e-21
142439.638477 8.74455683557e-21
148430.331059 8.3539699161e-21
154421.02364 8.01903441654e-21
160411.716222 7.71046534694e-21
166402.408804 7.40189627734e-21
172393.101386 7.1341021045e-21
178383.793968 6.89171820793e-21
184374.486549 6.64933431137e-21
190365.179131 6.41541484939e-21
196355.871713 6.22007080851e-21
202346.564295 6.02472676762e-21
208337.256877 5.82938272673e-21
214327.949459 5.64743903368e-21
220318.64204 5.49338538492e-21
226309.334622 5.33933173617e-21
232300.027204 5.18527808741e-21
238290.719786 5.03122443866e-21
244281.412368 4.90889955736e-21
250272.104949 4.78661577926e-21
256262.797531 4.66433200115e-21
262253.490113 4.54204822305e-21
268244.182695 4.42344284099e-21
274234.875277 4.32651998828e-21
280225.567858 4.22959713558e-21
286216.26044 4.13267428287e-21
292206.953022 4.03575143017e-21
298197.645604 3.93882857746e-21
304188.338186 3.8558690025e-21
310179.030767 3.77891820094e-21
316169.723349 3.70196739937e-21
322160.415931 3.6250165978e-21
328151.108513 3.54806579623e-21
334141.801095 3.47111499466e-21
340132.493677 3.40315293315e-21
346123.186258 3.34146990277e-21
352113.87884 3.2797868724e-21
358104.571422 3.21810384203e-21
364095.264004 3.15642081165e-21
370085.956586 3.09473778128e-21
376076.649167 3.03305475091e-21
382067.341749 2.98094334414e-21
388058.034331 2.93232280474e-21
394048.726913 2.88370226534e-21
400039.419495 2.83508172594e-21
406030.112076 2.78646118655e-21
412020.804658 2.73784064715e-21
418011.49724 2.68922010775e-21
424002.189822 2.64101271122e-21
429992.882404 2.60266506664e-21
435983.574985 2.56431742205e-21
441974.267567 2.52596977747e-21
447964.960149 2.48762213289e-21
453955.652731 2.4492744883e-21
459946.345313 2.41092684372e-21
465937.037895 2.37257919913e-21
471927.730476 2.33423155455e-21
477918.423058 2.29933501487e-21
483909.11564 2.26942434281e-21
489899.808222 2.23951367076e-21
495890.500804 2.2096029987e-21
501881.193385 2.17969232664e-21
507871.885967 2.14978165458e-21
513862.578549 2.11987098253e-21
519853.271131 2.08996031047e-21
525843.963713 2.06004963841e-21
531834.656294 2.03013896635e-21
537825.348876 2.00449420424e-21
543816.041458 1.98046988546e-21
549806.73404 1.95644556669e-21
555797.426622 1.93242124792e-21
561788.119203 1.90839692915e-21
567778.811785 1.88437261038e-21
573769.504367 1.8603482916e-21
579760.196949 1.83632397283e-21
585750.889531 1.81229965406e-21
591741.582113 1.78827533529e-21
597732.274694 1.76425101651e-21
603722.967276 1.74439037226e-21
609713.659858 1.72521480376e-21
615704.35244 1.70603923525e-21
621695.045022 1.68686366675e-21
627685.737603 1.66768809825e-21
633676.430185 1.64851252975e-21
639667.122767 1.62933696124e-21
645657.815349 1.61016139274e-21
651648.507931 1.59098582424e-21
657639.200512 1.57181025573e-21
663629.893094 1.55263468723e-21
669620.585676 1.53345911873e-21
675611.278258 1.51697037723e-21
681601.97084 1.50182389751e-21
687592.663421 1.48667741779e-21
693583.356003 1.47153093807e-21
699574.048585 1.45638445835e-21
705564.741167 1.44123797863e-21
711555.433749 1.42609149891e-21
717546.126331 1.41094501919e-21
723536.818912 1.39579853947e-21
729527.511494 1.38065205975e-21
735518.204076 1.36550558003e-21
741508.896658 1.35035910031e-21
747499.58924 1.33521262059e-21
753490.281821 1.32006614087e-21
759480.974403 1.30826352263e-21
765471.666985 1.29650366911e-21
771462.359567 1.28474381559e-21
777453.052149 1.27298396206e-21
783443.74473 1.26122410854e-21
789434.437312 1.24946425502e-21
795425.129894 1.23770440149e-21
801415.822476 1.22594454797e-21
807406.515058 1.21418469445e-21
813397.207639 1.20242484093e-21
819387.900221 1.1906649874e-21
825378.592803 1.17890513388e-21
831369.285385 1.16714528036e-21
837359.977967 1.15538542683e-21
843350.670549 1.14362557331e-21
849341.36313 1.13347296032e-21
855332.055712 1.12422938142e-21
861322.748294 1.11498580252e-21
867313.440876 1.10574222362e-21
873304.133458 1.09649864472e-21
879294.826039 1.08725506582e-21
885285.518621 1.07801148692e-21
891276.211203 1.06876790801e-21
897266.903785 1.05952432911e-21
903257.596367 1.05028075021e-21
909248.288948 1.04103717131e-21
915238.98153 1.03179359241e-21
921229.674112 1.02255001351e-21
927220.366694 1.01330643461e-21
933211.059276 1.00406285571e-21
939201.751857 9.94819276806e-22
945192.444439 9.85575697905e-22
951183.137021 9.7715229608e-22
957173.829603 9.6987421527e-22
963164.522185 9.62596134459e-22
969155.214767 9.55318053649e-22
975145.907348 9.48039972839e-22
981136.59993 9.40761892028e-22
987127.292512 9.33483811218e-22
993117.985094 9.26205730407e-22
999108.677676 9.18927649597e-22
1005099.37026 9.11649568787e-22
1011090.06284 9.04371487976e-22
1017080.75542 8.97093407166e-22
1023071.448 8.89815326356e-22
1029062.14058 8.82537245545e-22
1035052.83317 8.75259164735e-22
1041043.52575 8.67981083925e-22
1047034.21833 8.60703003114e-22
1053024.91091 8.53424922304e-22
1059015.60349 8.46146841493e-22
1065006.29608 8.39016868306e-22
1070996.98866 8.33306041982e-22
1076987.68124 8.27595215658e-22
1082978.37382 8.21884389335e-22
1088969.0664 8.16173563011e-22
1094959.75898 8.10462736687e-22
1100950.45157 8.04751910364e-22
1106941.14415 7.9904108404e-22
1112931.83673 7.93330257717e-22
1118922.52931 7.87619431393e-22
1124913.22189 7.81908605069e-22
1130903.91448 7.76197778746e-22
1136894.60706 7.70486952422e-22
1142885.29964 7.64776126099e-22
1148875.99222 7.59065299775e-22
1154866.6848 7.53354473451e-22
1160857.37738 7.47643647128e-22
1166848.06997 7.41932820804e-22
1172838.76255 7.36221994481e-22
1178829.45513 7.30511168157e-22
1184820.14771 7.24800341833e-22
1190810.84029 7.1908951551e-22
1196801.53288 7.13904463078e-22
1202792.22546 7.09463686274e-22
1208782.91804 7.05022909471e-22
1214773.61062 7.00582132667e-22
1220764.3032 6.96141355863e-22
1226754.99578 6.9170057906e-22
1232745.68837 6.87259802256e-22
1238736.38095 6.82819025453e-22
1244727.07353 6.78378248649e-22
1250717.76611 6.73937471845e-22
1256708.45869 6.69496695042e-22
1262699.15128 6.65055918238e-22
1268689.84386 6.60615141435e-22
1274680.53644 6.56174364631e-22
1280671.22902 6.51733587827e-22
1286661.9216 6.47292811024e-22
1292652.61418 6.4285203422e-22
1298643.30677 6.38411257417e-22
1304633.99935 6.33970480613e-22
1310624.69193 6.29529703809e-22
1316615.38451 6.25088927006e-22
1322606.07709 6.20648150202e-22
1328596.76968 6.16207373399e-22
1334587.46226 6.11766596595e-22
1340578.15484 6.07417554892e-22
1346568.84742 6.04018832141e-22
1352559.54 6.00620109389e-22
1358550.23258 5.97221386638e-22
1364540.92517 5.93822663887e-22
1370531.61775 5.90423941136e-22
1376522.31033 5.87025218385e-22
1382513.00291 5.83626495634e-22
1388503.69549 5.80227772883e-22
1394494.38808 5.76829050132e-22
1400485.08066 5.73430327381e-22
1406475.77324 5.7003160463e-22
1412466.46582 5.66632881879e-22
1418457.1584 5.63234159128e-22
1424447.85098 5.59835436377e-22
1430438.54357 5.56436713626e-22
1436429.23615 5.53037990875e-22
1442419.92873 5.49639268124e-22
1448410.62131 5.46240545373e-22
1454401.31389 5.42841822622e-22
1460392.00647 5.39443099871e-22
1466382.69906 5.3604437712e-22
1472373.39164 5.32645654369e-22
1478364.08422 5.29246931618e-22
1484354.7768 5.25848208867e-22
1490345.46938 5.22449486116e-22
1496336.16197 5.19050763365e-22
1502326.85455 5.15652040614e-22
1508317.54713 5.12892044796e-22
1514308.23971 5.10297893199e-22
1520298.93229 5.07703741602e-22
1526289.62487 5.05109590005e-22
1532280.31746 5.02515438408e-22
1538271.01004 4.99921286811e-22
1544261.70262 4.97327135214e-22
1550252.3952 4.94732983617e-22
1556243.08778 4.9213883202e-22
1562233.78037 4.89544680423e-22
1568224.47295 4.86950528826e-22
1574215.16553 4.84356377229e-22
1580205.85811 4.81762225632e-22
1586196.55069 4.79168074034e-22
1592187.24327 4.76573922437e-22
1598177.93586 4.7397977084e-22
1604168.62844 4.71385619243e-22
1610159.32102 4.68791467646e-22
1616150.0136 4.66197316049e-22
1622140.70618 4.63603164452e-22
1628131.39877 4.61009012855e-22
1634122.09135 4.58414861258e-22
1640112.78393 4.55820709661e-22
1646103.47651 4.53226558064e-22
1652094.16909 4.50632406467e-22
1658084.86167 4.4803825487e-22
1664075.55426 4.45444103272e-22
1670066.24684 4.42849951675e-22
1676056.93942 4.40255800078e-22
1682047.632 4.37661648481e-22
1688038.32458 4.35166784614e-22
1694029.01717 4.33159021192e-22
1700019.70975 4.3115125777e-22
1706010.40233 4.29143494349e-22
1712001.09491 4.27135730927e-22
1717991.78749 4.25127967505e-22
1723982.48007 4.23120204083e-22
1729973.17266 4.21112440661e-22
1735963.86524 4.19104677239e-22
1741954.55782 4.17096913818e-22
1747945.2504 4.15089150396e-22
1753935.94298 4.13081386974e-22
1759926.63557 4.11073623552e-22
1765917.32815 4.0906586013e-22
1771908.02073 4.07058096709e-22
1777898.71331 4.05050333287e-22
1783889.40589 4.03042569865e-22
1789880.09847 4.01034806443e-22
1795870.79106 3.99027043021e-22
1801861.48364 3.970192796e-22
1807852.17622 3.95011516178e-22
1813842.8688 3.93003752756e-22
1819833.56138 3.90995989334e-22
1825824.25397 3.88988225912e-22
1831814.94655 3.8698046249e-22
1837805.63913 3.84972699069e-22
1843796.33171 3.82964935647e-22
1849787.02429 3.80957172225e-22
1855777.71687 3.78949408803e-22
1861768.40946 3.76941645381e-22
1867759.10204 3.7493388196e-22
1873749.79462 3.72926118538e-22
1879740.4872 3.70918355116e-22
1885731.17978 3.68910591694e-22
1891721.87237 3.66902828272e-22
1897712.56495 3.65270682492e-22
1903703.25753 3.63727787404e-22
1909693.95011 3.62184892316e-22
1915684.64269 3.60641997228e-22
1921675.33527 3.5909910214e-22
1927666.02786 3.57556207052e-22
1933656.72044 3.56013311964e-22
1939647.41302 3.54470416875e-22
1945638.1056 3.52927521787e-22
1951628.79818 3.51384626699e-22
1957619.49077 3.49841731611e-22
1963610.18335 3.48298836523e-22
1969600.87593 3.46755941435e-22
1975591.56851 3.45213046347e-22
1981582.26109 3.43670151259e-22
1987572.95367 3.42127256171e-22
1993563.64626 3.40584361083e-22
1999554.33884 3.39041465995e-22
2005545.03142 3.37498570907e-22
2011535.724 3.35955675819e-22
2017526.41658 3.34412780731e-22
2023517.10917 3.32869885643e-22
2029507.80175 3.31326990555e-22
2035498.49433 3.29784095467e-22
2041489.18691 3.28241200379e-22
2047479.87949 3.26698305291e-22
2053470.57207 3.25155410203e-22
2059461.26466 3.23612515115e-22
2065451.95724 3.22069620027e-22
2071442.64982 3.20526724939e-22
2077433.3424 3.18983829851e-22
2083424.03498 3.17440934763e-22
2089414.72756 3.15898039675e-22
2095405.42015 3.14355144587e-22
2101396.11273 3.12812249499e-22
2107386.80531 3.11269354411e-22
2113377.49789 3.09726459323e-22
2119368.19047 3.08183564235e-22
2125358.88306 3.06732391053e-22
2131349.57564 3.05550630993e-22
2137340.26822 3.04368870933e-22
2143330.9608 3.03187110874e-22
2149321.65338 3.02005350814e-22
2155312.34596 3.00823590754e-22
2161303.03855 2.99641830694e-22
2167293.73113 2.98460070634e-22
2173284.42371 2.97278310574e-22
2179275.11629 2.96096550514e-22
2185265.80887 2.94914790454e-22
2191256.50146 2.93733030395e-22
2197247.19404 2.92551270335e-22
2203237.88662 2.91369510275e-22
2209228.5792 2.90187750215e-22
2215219.27178 2.89005990155e-22
2221209.96436 2.87824230095e-22
2227200.65695 2.86642470035e-22
2233191.34953 2.85460709976e-22
2239182.04211 2.84278949916e-22
2245172.73469 2.83097189856e-22
2251163.42727 2.81915429796e-22
2257154.11986 2.80733669736e-22
2263144.81244 2.79551909676e-22
2269135.50502 2.78370149616e-22
2275126.1976 2.77188389556e-22
2281116.89018 2.76006629497e-22
2287107.58276 2.74824869437e-22
2293098.27535 2.73643109377e-22
2299088.96793 2.72461349317e-22
2305079.66051 2.71279589257e-22
2311070.35309 2.70097829197e-22
2317061.04567 2.68916069137e-22
2323051.73826 2.67734309077e-22
2329042.43084 2.66552549018e-22
2335033.12342 2.65370788958e-22
2341023.816 2.64189028898e-22
2347014.50858 2.63007268838e-22
2353005.20116 2.61825508778e-22
2358995.89375 2.60643748718e-22
2364986.58633 2.59461988658e-22
2370977.27891 2.58280228599e-22
2376967.97149 2.57098468539e-22
2382958.66407 2.55916708479e-22
2388949.35666 2.5501437997e-22
2394940.04924 2.54113271385e-22
2400930.74182 2.532121628e-22
2406921.4344 2.52311054216e-22
2412912.12698 2.51409945631e-22
2418902.81956 2.50508837047e-22
2424893.51215 2.49607728462e-22
2430884.20473 2.48706619877e-22
2436874.89731 2.47805511293e-22
2442865.58989 2.46904402708e-22
2448856.28247 2.46003294124e-22
2454846.97506 2.45102185539e-22
2460837.66764 2.44201076954e-22
2466828.36022 2.4329996837e-22
2472819.0528 2.42398859785e-22
2478809.74538 2.414977512e-22
2484800.43796 2.40596642616e-22
2490791.13055 2.39695534031e-22
2496781.82313 2.38794425447e-22
2502772.51571 2.37893316862e-22
2508763.20829 2.36992208277e-22
2514753.90087 2.36091099693e-22
2520744.59346 2.35189991108e-22
2526735.28604 2.34288882523e-22
2532725.97862 2.33387773939e-22
2538716.6712 2.32486665354e-22
2544707.36378 2.3158555677e-22
2550698.05636 2.30684448185e-22
2556688.74895 2.297833396e-22
2562679.44153 2.28882231016e-22
2568670.13411 2.27981122431e-22
2574660.82669 2.27080013846e-22
2580651.51927 2.26178905262e-22
2586642.21186 2.25277796677e-22
2592632.90444 2.24376688093e-22
2598623.59702 2.23475579508e-22
2604614.2896 2.22574470923e-22
2610604.98218 2.21673362339e-22
2616595.67476 2.20772253754e-22
2622586.36735 2.1987114517e-22
2628577.05993 2.18970036585e-22
2634567.75251 2.18068928e-22
2640558.44509 2.17167819416e-22
2646549.13767 2.16266710831e-22
2652539.83026 2.15365602246e-22
2658530.52284 2.14464493662e-22
2664521.21542 2.13563385077e-22
2670511.908 2.12662276493e-22
2676502.60058 2.11900695819e-22
2682493.29316 2.11303563169e-22
2688483.98575 2.10706430518e-22
2694474.67833 2.10109297868e-22
2700465.37091 2.09512165217e-22
2706456.06349 2.08915032567e-22
2712446.75607 2.08317899916e-22
2718437.44865 2.07720767266e-22
2724428.14124 2.07123634615e-22
2730418.83382 2.06526501965e-22
2736409.5264 2.05929369314e-22
2742400.21898 2.05332236664e-22
2748390.91156 2.04735104013e-22
2754381.60415 2.04137971363e-22
2760372.29673 2.03540838712e-22
2766362.98931 2.02943706062e-22
2772353.68189 2.02346573411e-22
2778344.37447 2.01749440761e-22
2784335.06705 2.0115230811e-22
2790325.75964 2.0055517546e-22
2796316.45222 1.99958042809e-22
2802307.1448 1.99360910159e-22
2808297.83738 1.98763777508e-22
2814288.52996 1.98166644858e-22
2820279.22255 1.97569512207e-22
2826269.91513 1.96972379557e-22
2832260.60771 1.96375246906e-22
2838251.30029 1.95778114256e-22
2844241.99287 1.95180981605e-22
2850232.68545 1.94583848955e-22
2856223.37804 1.93986716304e-22
2862214.07062 1.93389583654e-22
2868204.7632 1.92792451003e-22
2874195.45578 1.92195318353e-22
2880186.14836 1.91598185702e-22
2886176.84095 1.91001053052e-22
2892167.53353 1.90403920401e-22
2898158.22611 1.89806787751e-22
2904148.91869 1.892096551e-22
2910139.61127 1.8861252245e-22
2916130.30385 1.88015389799e-22
2922120.99644 1.87418257149e-22
2928111.68902 1.86821124498e-22
2934102.3816 1.86223991848e-22
2940093.07418 1.85626859197e-22
2946083.76676 1.85029726547e-22
2952074.45935 1.84432593896e-22
2958065.15193 1.83835461246e-22
2964055.84451 1.83238328595e-22
2970046.53709 1.82641195945e-22
2976037.22967 1.82044063294e-22
2982027.92225 1.81446930644e-22
2988018.61484 1.80849797993e-22
2994009.30742 1.80252665343e-22
3000000.0 1.79655532692e-22
5033679.49621 1e-300
8445976.42353 1e-300
14171446.1162 1e-300
23778172.5823 1e-300
39897233.2616 1e-300
66943295.0082 1e-300
112323697.164 1e-300
188467163.784 1e-300
316227766.017 1e-300
