100192.13095377585 2.2615907812813172e-19
100397.68586661953 2.254669639747519e-19
100603.66249743444 2.24773429874884e-19
100810.06171142019 2.2407847291535544e-19
101016.88437555157 2.2338209017701687e-19
101224.13135858219 2.2268427873472923e-19
101431.80353104745 2.219850356573544e-19
101639.9017652693 2.212843580077387e-19
101848.42693535918 2.2058224284270305e-19
102057.37991722186 2.1987868721303036e-19
102266.7615885591 2.1917368816345263e-19
102476.57282887338 2.1846724273263907e-19
102686.81451947184 2.1775934795318266e-19
102897.48754346896 2.1705000085159035e-19
103108.59278579176 2.1633919844826668e-19
103320.13113318253 2.1562693775750391e-19
103532.1034742028 2.1491321578746887e-19
103744.5106992371 2.1419802954019015e-19
103957.3537004969 2.1348137601154523e-19
104170.63337202347 2.1276325219125011e-19
104384.35060969295 2.1204365506284309e-19
104598.50631121927 2.1132258160367421e-19
104813.1013761581 2.1060002878489267e-19
105028.13670591064 2.0987599357143312e-19
105243.61320372742 2.09150472922004e-19
105459.53177471232 2.0842346378907302e-19
105675.89332582545 2.0769496311885807e-19
105892.69876588833 2.0696496785130954e-19
106109.94900558678 2.062334749201004e-19
106327.64495747504 2.0550048125261303e-19
106545.78753597947 2.0476598376992583e-19
106764.37765740276 2.0402997938679966e-19
106983.41623992682 2.0329246501166805e-19
107202.90420361796 2.0255343754661948e-19
107422.84247042988 2.018128938873876e-19
107643.2319642078 2.010708309233372e-19
107864.07361069224 2.0032724553745145e-19
108085.36833752308 1.9958213460631847e-19
108307.11707424345 1.988354950001176e-19
108529.32075230296 1.9808732358260937e-19
108751.98030506283 1.973376172111178e-19
108975.09666779895 1.965863727365198e-19
109198.67077770602 1.9583358700323186e-19
109422.70357390153 1.9507925684919624e-19
109647.19599742984 1.9432337910586725e-19
109872.14899126533 1.9356595059820077e-19
110097.56350031763 1.9280696814463666e-19
110323.44047143478 1.9204642855708803e-19
110549.78085340737 1.9128432864092725e-19
110776.58559697248 1.9052066519497276e-19
111003.855654818 1.900378500632608e-19
111231.59198158572 1.8946725567769016e-19
111459.79553387658 1.88895490656481e-19
111688.46727025388 1.8832255259794868e-19
111917.6081512476 1.8774843909548114e-19
112147.21913935822 1.8717314773752888e-19
112377.30119906098 1.8659667610759505e-19
112607.85529681008 1.8601902178422437e-19
112838.88240104177 1.8544018234099535e-19
113070.38348217988 1.8486015534650685e-19
113302.35951263884 1.8427893836437e-19
113534.81146682827 1.8369652895319743e-19
113767.74032115673 1.8311292466659283e-19
114001.14705403632 1.8252812305314043e-19
114235.03264588572 1.8194212165639687e-19
114469.39807913572 1.8135491801487735e-19
114704.2443382325 1.8076650966204756e-19
114939.57240964187 1.801768941263131e-19
115175.38328185356 1.7958606893100841e-19
115411.67794538522 1.7899403159438713e-19
115648.4573927869 1.7840077962961066e-19
115885.72261864434 1.7780631054474012e-19
116123.47461958436 1.772106218427223e-19
116361.71439427834 1.766137110213817e-19
116600.4429434465 1.7601557557340942e-19
116839.6612698621 1.7541621298635241e-19
117079.37037835606 1.7481562074260251e-19
117319.57127581998 1.7421379631938812e-19
117560.26497121197 1.7361073718876027e-19
117801.45247555988 1.7300644081758415e-19
118043.13480196582 1.7240090466752787e-19
118285.31296561033 1.7179412619505207e-19
118527.98798375676 1.7118610285139885e-19
118771.16087575568 1.7057683208258083e-19
119014.83266304829 1.6996631132937254e-19
119259.00436917211 1.693545380272961e-19
119503.6770197642 1.6874150960661315e-19
119748.85164256599 1.6812722349231311e-19
119994.52926742735 1.6751167710410246e-19
120240.71092631125 1.6689486785639347e-19
120487.3976532971 1.6627679315829537e-19
120734.59048458654 1.6565745041360038e-19
120982.29045850695 1.650368370207747e-19
121230.49861551587 1.644149503729472e-19
121479.2159982054 1.637917878578987e-19
121728.44365130701 1.631673468580499e-19
121978.1826216947 1.625416247504533e-19
122228.43395839103 1.619146189067781e-19
122479.19871257049 1.6128632669330207e-19
122730.47793756417 1.6065674547089936e-19
122982.27268886418 1.6002587259502967e-19
123234.58402412804 1.5939370541572745e-19
123487.41300318354 1.5876024127758948e-19
123740.76068803188 1.581254775197669e-19
123994.62814285405 1.5748941147594956e-19
124249.01643401389 1.5685204047435806e-19
124503.92663006304 1.5549000853450192e-19
124759.35980174544 1.550330576140625e-19
125015.31702200201 1.5457516920975306e-19
125271.79936597413 1.5411634139822564e-19
125528.80791100973 1.536565722521852e-19
125786.3437366668 1.5319585984038285e-19
126044.40792471815 1.5273420222760753e-19
126303.00155915593 1.5227159747467812e-19
126562.12572619623 1.518080436384348e-19
126821.78151428394 1.5134353877173083e-19
127081.97001409615 1.5087808092342606e-19
127342.69231854843 1.50411668138376e-19
127603.94952279833 1.499442984574253e-19
127865.74272425017 1.494759699173994e-19
128128.0730225598 1.4900668055109588e-19
128390.94151963928 1.485364283872761e-19
128654.3493196607 1.4806521145065843e-19
128918.29752906215 1.4759302776190747e-19
129182.78725655156 1.471198753376275e-19
129447.81961311134 1.4664575219035354e-19
129713.39571200337 1.461706563285431e-19
129979.5166687736 1.4569458575656748e-19
130246.18360125601 1.4521753847470505e-19
130513.39762957861 1.447395124791301e-19
130781.1598761672 1.4426050576190652e-19
131049.47146575048 1.4378051631097846e-19
131318.33352536458 1.432995421101622e-19
131587.7471843578 1.428175811391377e-19
131857.71357439584 1.4233463137343943e-19
132128.2338294652 1.4185069078444986e-19
132399.30908587968 1.4136575733938823e-19
132670.94048228415 1.4087982900130374e-19
132943.12915965953 1.4039290372906655e-19
133215.87626132753 1.3990497947735916e-19
133489.18293295582 1.3941605419666744e-19
133763.05032256173 1.38926125833274e-19
134037.47958051861 1.384351923292464e-19
134312.4718595597 1.3794325162243093e-19
134588.02831478324 1.3745030164644272e-19
134864.15010365722 1.3695634033065786e-19
135140.8383860243 1.364613656002041e-19
135418.094324107 1.3596537537595197e-19
135695.9190825114 1.354683675745079e-19
135974.3138282337 1.349703401082026e-19
136253.27973066407 1.3447129088508414e-19
136532.81796159188 1.3397121780890862e-19
136812.92969521048 1.334701187791317e-19
137093.6161081224 1.3296799169089892e-19
137374.87837934346 1.3246483443503887e-19
137656.71769030896 1.3196064489805167e-19
137939.135224878 1.314554209621018e-19
138222.13216933832 1.309491605050086e-19
138505.7097124115 1.304418614002378e-19
138789.86904525798 1.2993352151689214e-19
139074.61136148218 1.2942413871970206e-19
139359.9378571365 1.2891371086901897e-19
139645.84973072808 1.284022358208029e-19
139932.3481832226 1.2691821104070472e-19
140219.43441804967 1.2653532467852268e-19
140507.1096411078 1.261516527838636e-19
140795.37506076987 1.2576719374512297e-19
141084.23188788703 1.2538194594739088e-19
141373.68133579544 1.249959077724432e-19
141663.72462032025 1.246090775987362e-19
141954.36295978108 1.2422145380139943e-19
142245.59757499694 1.2383303475222885e-19
142537.4296892919 1.2344381881967954e-19
142829.86052849886 1.2305380436886043e-19
143122.8913209666 1.226629897615252e-19
143416.5232975636 1.2227137335606686e-19
143710.7576916836 1.2187895350751056e-19
144005.59573925092 1.2148572856750635e-19
144301.03867872528 1.2109169688432288e-19
144597.0877511078 1.206968568028394e-19
144893.74419994457 1.2030120666454082e-19
145191.00927133384 1.1990474480750827e-19
145488.88421393014 1.195074695664136e-19
145787.37027894976 1.1910937927251205e-19
146086.46872017594 1.1871047225363532e-19
146386.18079396448 1.1831074683418405e-19
146686.5077592479 1.179102013351224e-19
146987.4508775424 1.1750883407396856e-19
147289.01141295204 1.1710664336478944e-19
147591.1906321743 1.1670362751819306e-19
147893.98980450543 1.1629978484132126e-19
148197.4102018458 1.1589511363784308e-19
148501.45309870553 1.1548961220794684e-19
148806.11977220853 1.1508327884833473e-19
149111.4115021 1.1467611185221313e-19
149417.3295707501 1.142681095092873e-19
149723.87526316004 1.1385927010575368e-19
150031.0498669674 1.1344959192429238e-19
150338.85467245174 1.1303907324406024e-19
150647.29097253876 1.1262771234068448e-19
150956.36006280783 1.1221550748625348e-19
151266.06324149587 1.118024569493111e-19
151576.40180950338 1.1138855899484887e-19
151887.37707039973 1.1097381188429883e-19
152198.99033042885 1.1055821387552598e-19
152511.2428985146 1.10141763222821e-19
152824.1360862656 1.0972445817689397e-19
153137.6712079821 1.0930629698486523e-19
153451.84958066055 1.088872778902591e-19
153766.6725239994 1.0846739913299618e-19
154082.1413604045 1.0804665894938657e-19
154398.25741499523 1.0762505557212089e-19
154715.0220156084 1.072025872302657e-19
155032.43649280624 1.0677925214925284e-19
155350.50217988034 1.0635504855087385e-19
155669.22041285757 1.0592997465327214e-19
155988.59253050596 1.0550402867093537e-19
156308.61987434042 1.0507720881468779e-19
156629.30378862724 1.0464951329168394e-19
156950.64562039138 1.0453875193358957e-19
157272.64671942126 1.0419975118328349e-19
157595.3084382745 1.0386005493654448e-19
157918.63213228344 1.0351966176648699e-19
158242.61915956135 1.0317857024329795e-19
158567.27088100783 1.0283677893423072e-19
158892.58866031375 1.0249428640359998e-19
159218.57386396863 1.0215109121277415e-19
159545.22786126516 1.0180719192017046e-19
159872.55202430527 1.0146258708124842e-19
160200.54772800597 1.0111727524850403e-19
160529.21635010536 1.0077125497146324e-19
160858.5592711671 1.0042452479667725e-19
161188.57787458817 1.000770832677142e-19
161519.27354660357 9.97289289251547e-20
161850.64767629214 9.938006030658509e-20
162182.70165558267 9.903047594659146e-20
162515.43687925956 9.868017437675345e-20
162848.8547449692 9.832915412563771e-20
163182.95665322428 9.797741371879314e-20
163517.74400741185 9.762495167874261e-20
163853.2182137979 9.727176652497814e-20
164189.38068153337 9.691785677395428e-20
164526.2328226604 9.656322093908198e-20
164863.7760521182 9.620785753072192e-20
165202.0117877481 9.58517650561797e-20
165540.94145030118 9.549494201969742e-20
165880.56646344298 9.513738692244878e-20
166220.8882537599 9.477909826253263e-20
166561.90825076515 9.442007453496632e-20
166903.62788690504 9.406031423167934e-20
167246.04859756364 9.369981584150821e-20
167589.17182107095 9.333857785018808e-20
167932.99899870748 9.297659874034785e-20
168277.53157471077 9.261387699150328e-20
168622.77099628124 9.22504110800507e-20
168968.71871358846 9.188619947926066e-20
169315.37617977752 9.152124065927108e-20
169662.74485097377 9.115553308708222e-20
170010.82618629097 9.078907522654827e-20
170359.6216478361 9.042186553837212e-20
170709.1327007157 9.005390248009862e-20
171059.36081304232 8.968518450610814e-20
171410.3074559407 8.931571006760969e-20
171761.97410355273 8.894547761263589e-20
172114.36223304571 8.857448558603414e-20
172467.47332461723 8.820273242946172e-20
172821.3088615016 8.78302165813788e-20
173175.87032997608 8.745693647704186e-20
173531.15921936737 8.708289054849714e-20
173887.17702205785 8.670807722457367e-20
174243.92523349074 8.633249493087824e-20
174601.4053521783 8.59561420897864e-20
174959.61887970683 8.557901712043747e-20
175318.56732074337 8.520111843872741e-20
175678.25218304186 8.482244445730225e-20
176038.67497744987 8.404712589165895e-20
176399.83721791374 8.378095369269154e-20
176761.74042148667 8.351423541288282e-20
177124.38610833415 8.324696993188938e-20
177487.7758017402 8.297915612706926e-20
177851.91102811423 8.271079287347713e-20
178216.79331699715 8.244187904386001e-20
178582.42420106824 8.217241350865173e-20
178948.8052161502 8.19023951359696e-20
179315.9379012177 8.163182279160789e-20
179683.82379840236 8.136069533903422e-20
180052.4644529997 8.108901163938462e-20
180421.86141347565 8.08167705514583e-20
180792.01623147322 8.054397093171328e-20
181162.93046181774 8.027061163426201e-20
181534.6056625256 7.999669151086536e-20
181907.0433948091 7.972220941092867e-20
182280.2452230837 7.94471641814968e-20
182654.21271497433 7.917155466724906e-20
183028.94744132247 7.889537971049436e-20
183404.4509761912 7.861863815116717e-20
183780.7248968742 7.834132882682124e-20
184157.77078390057 7.80634505726257e-20
184535.59022104225 7.778500222135987e-20
184914.1847953202 7.750598260340842e-20
185293.55609701155 7.722639054675645e-20
185673.70571965643 7.694622487698412e-20
186054.63526006293 7.666548441726323e-20
186436.34631831653 7.638416798835008e-20
186818.84049778502 7.610227440858214e-20
187202.1194051256 7.581980249387245e-20
187586.1846502917 7.553675105770474e-20
187971.03784654022 7.525311891112833e-20
188356.68061043666 7.496890486275394e-20
188743.11456186417 7.468410771874732e-20
189130.34132402888 7.439872628282518e-20
189518.36252346716 7.411275935624996e-20
189907.17979005238 7.38262057378247e-20
190296.79475700168 7.353906422388807e-20
190687.20906088347 7.325133360830907e-20
191078.42434162248 7.296301268248298e-20
191470.44224250907 7.267410023532469e-20
191863.2644102047 7.238459505326464e-20
192256.89249474902 7.209449592024359e-20
192651.328149567 7.180380161770734e-20
193046.5730314761 7.15125109246015e-20
193442.62880069186 7.122062261736733e-20
193839.49712083695 7.092813546993501e-20
194237.1796589469 7.063504825371959e-20
194635.6780854773 7.034135973761553e-20
195034.9940743107 7.004706868799157e-20
195435.12930276446 6.975217386868515e-20
195836.08545159578 6.945667404099863e-20
196237.86420501134 6.916056796369203e-20
196640.46725067275 6.886385439297919e-20
197043.89627970403 6.856653208252215e-20
197448.15298669878 6.758721589547355e-20
197853.23906972716 6.735760068800075e-20
198259.15623034356 6.712751440027907e-20
198665.90617359208 6.689695606583734e-20
199073.49060801606 6.666592471622075e-20
199481.91124566377 6.643441938098789e-20
199891.1698020959 6.620243908770642e-20
200301.2679963927 6.596998286194884e-20
200712.20755116193 6.573704972728843e-20
201123.99019254404 6.550363870529578e-20
201536.61765022212 6.526974881553354e-20
201950.09165742755 6.503537907555302e-20
202364.41395094752 6.480052850089004e-20
202779.5862711325 6.45651961050606e-20
203195.6103619034 6.432938089955686e-20
203612.4879707595 6.409308189384268e-20
204030.2208487839 6.38562980953505e-20
204448.8107506536 6.361902850947559e-20
204868.25943464495 6.338127213957306e-20
205288.56866264166 6.31430279869532e-20
205709.74020014226 6.290429505087735e-20
206131.77581626756 6.266507232855358e-20
206554.67728376682 6.242535881513328e-20
206978.44637902753 6.218515350370561e-20
207403.0848820812 6.194445538529415e-20
207828.5945766112 6.170326344885245e-20
208254.97724996044 6.146157668125983e-20
208682.2346931386 6.121939406731705e-20
209110.3687008304 6.097671458974186e-20
209539.38107140115 6.073353722916564e-20
209969.27360690705 6.048986096412772e-20
210400.04811310093 6.024568477107207e-20
210831.70639944033 6.000100762434268e-20
211264.25027909514 5.975582849617927e-20
211697.68156895548 5.951014635671284e-20
212132.00208963788 5.926396017396216e-20
212567.21366549522 5.901726891382808e-20
213003.31812462283 5.877007154009015e-20
213440.31729886663 5.852236701440198e-20
213878.21302383076 5.827415429628683e-20
214317.00713888562 5.802543234313322e-20
214756.70148717414 5.777620011019123e-20
215197.29791562184 5.752645655056688e-20
215638.79827494305 5.72762006152186e-20
216081.20441964894 5.702543125295253e-20
216524.5182080555 5.677414741041827e-20
216968.7415022912 5.65223480321043e-20
217413.87616830537 5.627003206033341e-20
217859.92407587415 5.601719843525909e-20
218306.88709861107 5.576384609485987e-20
218754.76711397318 5.550997397493545e-20
219203.5660032692 5.525558100910242e-20
219653.2856516677 5.500066612878949e-20
220103.92794820535 5.474522826323276e-20
220555.4947857929 5.44892663394724e-20
221007.98806122597 5.423277928234648e-20
221461.40967519133 5.465549676477623e-20
221915.7615322751 5.445855882582053e-20
222371.0455409709 5.426121684754065e-20
222827.26361368792 5.406347000100656e-20
223284.41766675908 5.3865317455587355e-20
223742.50962044782 5.3666758378948627e-20
224201.54139895824 5.346779193704775e-20
224661.51493044198 5.326841729413111e-20
225122.4321470063 5.3068633612730556e-20
225584.29498472245 5.2868440053659696e-20
226047.10538363425 5.2667835776010297e-20
226510.8652877643 5.2466819937149476e-20
226975.57664512488 5.226539169271506e-20
227441.24140772445 5.206355019661274e-20
227907.86153157632 5.1861294601012305e-20
228375.4389767065 5.165862405634423e-20
228843.97570716255 5.145553771129593e-20
229313.4736910216 5.1252034712808095e-20
229783.9349003973 5.10481142060719e-20
230255.36131145078 5.084377533452407e-20
230727.7549043968 5.063901723984432e-20
231201.11766351285 5.043383906195144e-20
231675.45157714738 5.022823993899955e-20
232150.75863772872 5.0022219007374486e-20
232627.0408417712 4.981577540169091e-20
233104.30018988685 4.960890825478736e-20
233582.53868679173 4.9401616697723595e-20
234061.75834131453 4.919389985977659e-20
234541.96116640558 4.8985756868436944e-20
235023.14917914526 4.877718684940503e-20
235505.32440075086 4.856818892658813e-20
235988.4888565878 4.8358762222095444e-20
236472.64457617636 4.814890585623536e-20
236957.79359320045 4.793861894751144e-20
237443.9379455165 4.772790061261879e-20
237931.07967516166 4.75167499664403e-20
238419.22082836315 4.7305166122042725e-20
238908.36345554455 4.70931481906739e-20
239398.5096113379 4.688069528175752e-20
239889.66135458986 4.6667806502890486e-20
240381.820748371 4.645448095983877e-20
240874.98985998458 4.6240717756533804e-20
241369.17076097557 4.602651599506833e-20
241864.36552713762 4.5811874775693695e-20
242360.5762385244 4.5596793196814523e-20
242857.8049794566 4.538127035498609e-20
243356.05383853117 4.5165305344910003e-20
243855.32490862987 4.4948897259430725e-20
244355.62028692858 4.473204518953142e-20
244856.94207490585 4.451474822433023e-20
245359.2923783504 4.429700545107707e-20
245862.67330737258 4.407881595514867e-20
246367.08697641146 4.3860178820045494e-20
246872.53550424404 4.3641093127387734e-20
247379.0210139942 4.3421557956911386e-20
247886.54563314226 4.320157238646425e-20
248395.1114935316 4.3410225531014953e-20
248904.72073138092 4.324157657490395e-20
249415.37548729117 4.3072581617354076e-20
249927.07790625482 4.290323994850622e-20
250439.83013766512 4.273355085704494e-20
250953.63433532554 4.256351363019527e-20
251468.49265745675 4.2393127553720426e-20
251984.40726670873 4.222239191191779e-20
252501.380330168 4.205130598761655e-20
253019.41401936684 4.187986906217458e-20
253538.510510293 4.170808041547534e-20
254058.67198339824 4.153593932592491e-20
254579.9006236083 4.136344507044878e-20
255102.1986203301 4.119059692448946e-20
255625.56816746382 4.10173941620025e-20
256150.01146341025 4.0843836055453985e-20
256675.53071108012 4.066992187581746e-20
257202.12811790413 4.049565089257072e-20
257729.80589584194 4.032102237369271e-20
258258.56626138993 4.0146035585661034e-20
258788.41143559315 3.997068979344788e-20
259319.3436440532 3.979498426051764e-20
259851.36511693746 3.9618918248823625e-20
260384.4780889889 3.944249101880493e-20
260918.68479953514 3.9265701829383387e-20
261453.98749249877 3.908854993796026e-20
261990.3884164042 3.8911034600413783e-20
262527.8898243907 3.873315507109508e-20
263066.4939742195 3.8554910602825586e-20
263606.2031282839 3.837630044689389e-20
264147.0195536186 3.8197323853052477e-20
264688.94552191027 3.801798006951446e-20
265231.98330950405 3.783826834295116e-20
265776.1351974174 3.765818791848772e-20
266321.4034713465 3.7477738039700857e-20
266867.7904216771 3.729691794861533e-20
267415.2983434942 3.711572688570089e-20
267963.9295365908 3.6934164089869013e-20
268513.6863054794 3.675222879846948e-20
269064.5709593983 3.6569920247288064e-20
269616.5858123253 3.6387237670542026e-20
270169.7331829849 3.6204180300877804e-20
270724.015394859 3.6020747369367447e-20
271279.4347761961 3.583693810550556e-20
271835.9936600219 3.56527517372057e-20
272393.6943841471 3.546818749079802e-20
272952.5392911802 3.52832445910248e-20
273512.53072853526 3.5097922261038033e-20
274073.67104844225 3.491221972239591e-20
274635.96260795713 3.4726136195059533e-20
275199.4077689721 3.4539670897389524e-20
275764.00889822334 3.435282304614342e-20
276329.7683673044 3.4165591856471326e-20
276896.68855267373 3.397797654191328e-20
277464.77183566545 3.378997631439585e-20
278034.02060249913 3.3601590384228796e-20
278604.43724429014 3.3412817960101706e-20
279176.0241570597 3.4066233692243763e-20
279748.7837417434 3.39346963998982e-20
280322.71840420406 3.380288924467614e-20
280897.83055523987 3.367081167292488e-20
281474.122610595 3.353846312985591e-20
282051.59699097 3.340584305954245e-20
282630.25612203206 3.327295090491711e-20
283210.1024344232 3.313978610776996e-20
283791.138363774 3.3006348108745466e-20
284373.36635071144 3.2872636347340646e-20
284956.78884086944 3.27386502619026e-20
285541.4082848998 3.260438928962611e-20
286127.22713848174 3.2469852866551317e-20
286714.2478623333 3.233504042756121e-20
287302.4729222194 3.219995140637976e-20
287891.90478896495 3.20645852355688e-20
288482.54593846406 3.192894134652609e-20
289074.39885169006 3.179301916948288e-20
289667.4660147063 3.1656818133501437e-20
290261.7499186772 3.1520337666472595e-20
290857.2530598762 3.138357719511383e-20
291453.9779397 3.124653614496606e-20
292051.92706467654 3.110921394039179e-20
292651.1029464762 3.0971610004572505e-20
293251.5081019223 3.0833723759506345e-20
293853.1450530017 3.0695554626005544e-20
294456.01632687595 3.0557102023693997e-20
295060.12445588957 3.0418365371005276e-20
295665.47197758436 3.027934408517941e-20
296272.0614347074 3.014003758226093e-20
296879.8953752225 3.000044527709638e-20
297488.97635232087 2.986056658333177e-20
298099.30692443275 2.9720400913409984e-20
298710.88965523517 2.9579947678568926e-20
299323.72711366665 2.9439206288838137e-20
299937.82187393575 2.929817615303691e-20
300553.176515532 2.9156856678771735e-20
301169.7936232373 2.901524727243365e-20
301787.67578713706 2.887334733919574e-20
302406.8256026285 2.873115628301119e-20
303027.2456704358 2.858867350660985e-20
303648.9385966177 2.8445898411496387e-20
304271.9069925799 2.8302830397947605e-20
304896.1534750857 2.8159468865009845e-20
305521.68066626665 2.80158132104966e-20
306148.4911936348 2.787186283098574e-20
306776.587690091 2.7727617121817565e-20
307405.97279393935 2.758307547709143e-20
308036.6491488962 2.743823728966378e-20
308668.619404102 2.729310195114543e-20
309301.88621413196 2.7147668851899e-20
309936.4522390081 2.700193738103625e-20
310572.3201442078 2.6855906926416087e-20
311209.4926006791 2.670957687464107e-20
311847.9722848489 2.6562946611055475e-20
312487.7618786352 2.641601551974255e-20
313128.8640694582 2.6175821624498908e-20
313771.28155025153 2.607824502293729e-20
314415.0170194746 2.5980468232502062e-20
315060.0731811208 2.5882490842484465e-20
315706.45274473296 2.578431244133282e-20
316354.15842541243 2.5685932616651204e-20
317003.1929438306 2.558735095519762e-20
317653.55902624095 2.5488567042882273e-20
318305.2594044904 2.5389580464765694e-20
318958.29681602895 2.5290390805057438e-20
319612.67400392453 2.5190997647113713e-20
320268.39371687215 2.5091400573436067e-20
320925.4587092061 2.499159916566945e-20
321583.8717409115 2.4891593004600552e-20
322243.6355776365 2.47913816701559e-20
322904.7529907012 2.4690964741400483e-20
323567.2267571135 2.459034179653539e-20
324231.0596595779 2.4489512412896466e-20
324896.2544865079 2.438847616695241e-20
325562.8140320378 2.4287232634302985e-20
326230.7410960343 2.418578138967726e-20
326900.03848410904 2.408412200693172e-20
327570.7090076275 2.398225405904887e-20
328242.75548372534 2.3880177118134836e-20
328916.1807353169 2.377789075541798e-20
329590.987591108 2.367539454124699e-20
330267.1788856082 2.357268804508908e-20
330944.7574591426 2.346977083552808e-20
331623.7261578619 2.3366642480263025e-20
332304.0878337577 2.3263302546105722e-20
332985.84534467227 2.3159750598979372e-20
333669.0015543111 2.3055986203916608e-20
334353.5593322546 2.295200892505768e-20
335039.52155397076 2.284781832564862e-20
335726.8911008273 2.274341396803933e-20
336415.6708601016 2.2638795413682095e-20
337105.86372499645 2.2533962223129205e-20
337797.4725946497 2.2428913956031455e-20
338490.50037414726 2.2323650171136244e-20
339184.94997453486 2.2218170426285638e-20
339880.8243128314 2.2112474278414535e-20
340578.1263120383 2.200656128354909e-20
341276.85890115594 2.1900430996804322e-20
341977.0250151931 2.179408297238261e-20
342678.62759517995 2.1687516763571745e-20
343381.6695881806 2.158073192274301e-20
344086.1539473055 2.1473728001349356e-20
344792.08363172424 2.136650454992338e-20
345499.4616066753 2.1259061118075875e-20
346208.29084348306 2.1151397254493263e-20
346918.57431956695 2.104351250693619e-20
347630.31501845503 2.0935406422237464e-20
348343.5159297962 2.0827078546300195e-20
349058.1800493738 2.0718528424095707e-20
349774.3103791154 2.060975559966216e-20
350491.909927109 2.0500759616101905e-20
351210.98170761374 1.99845034364535e-20
351931.5287410726 1.9908522012341446e-20
352653.55405412527 1.9832384704180798e-20
353377.06067962205 1.9756091192158602e-20
354102.0516566328 1.9679641155806043e-20
354828.5300304647 1.960303427399656e-20
355556.4988526721 1.9526270224944852e-20
356285.9611810699 1.9449348686205467e-20
357016.9200797463 1.9372269334671395e-20
357749.3786190759 1.929503184657274e-20
358483.3398757332 1.9217635897475307e-20
359218.8069327027 1.914008116227947e-20
359955.7828792961 1.9062367315218447e-20
360694.2708111626 1.8984494029857153e-20
361434.27383030206 1.8906460979090813e-20
362175.7950450788 1.8828267835143528e-20
362918.8375702349 1.874991426956688e-20
363663.4045269005 1.8671399953238832e-20
364409.4990426111 1.859272455636188e-20
365157.1242513182 1.8513887748461987e-20
365906.28329340275 1.843488919838711e-20
366656.9793156886 1.8355728574305814e-20
367409.2154714556 1.827640554370588e-20
368162.9949204537 1.8196919773392808e-20
368918.32082891325 1.811727092948877e-20
369675.1963695624 1.8037458677430708e-20
370433.62472163804 1.7957482681969258e-20
371193.6090708997 1.787734260716724e-20
371955.15260964236 1.7797038116398277e-20
372718.25853671157 1.7716568872345274e-20
373482.9300575131 1.7635934536999353e-20
374249.1703840315 1.755513477165791e-20
375016.98273483984 1.7474169236923575e-20
375786.3703351149 1.739303759270261e-20
376557.33641665 1.731173949820359e-20
377329.8842178698 1.7230274611935813e-20
378104.0169838403 1.7148642591708218e-20
378879.73796628776 1.7066843094627477e-20
379657.05042360886 1.6984875777096823e-20
380435.9576208848 1.6902740294814608e-20
381216.46282989625 1.682043630277278e-20
381998.56932913564 1.6737963455255475e-20
382782.2804038225 1.6655321405837485e-20
383567.59934591415 1.6572509807383106e-20
384354.52945412387 1.6489528312044204e-20
385143.07403393195 1.6406376571259078e-20
385933.2363976003 1.6323054235750925e-20
386725.0198641861 1.6239560955526353e-20
387518.42775955686 1.6155896379873832e-20
388313.46341640095 1.6072060157362588e-20
389110.1301742467 1.5988051935840563e-20
389908.4313794727 1.590387136243333e-20
390708.37038532353 1.5819518083542498e-20
391509.95055192284 1.573499174484421e-20
392313.175246288 1.565029199128771e-20
393118.0478423452 1.55654184670937e-20
393924.5717209401 1.5584514931519087e-20
394732.7502698567 1.5518758718331965e-20
395542.58688382903 1.545286759921419e-20
396354.0849645555 1.5386841297391763e-20
397167.2479207134 1.5320679535522855e-20
397982.0791679744 1.525438203569656e-20
398798.58212901506 1.5187948519432026e-20
399616.76023353654 1.5121378707676856e-20
400436.61691827537 1.5054672320806238e-20
401258.1556270193 1.4987829078621636e-20
402081.37981062103 1.4920848700349692e-20
402906.29292701324 1.4853730904641005e-20
403732.89844122354 1.478647540956888e-20
404561.1998253862 1.4719081932628422e-20
405391.2005587614 1.4651550190734953e-20
406222.90412774635 1.4583879900223068e-20
407056.31402589113 1.4516070776845414e-20
407891.43375391327 1.4448122535771455e-20
408728.26681971306 1.4380034891586242e-20
409566.81673838536 1.4311807558289453e-20
410407.0870322387 1.4243440249293815e-20
411249.0812308078 1.417493267742416e-20
412092.8028708681 1.4106284554916135e-20
412938.2554964512 1.403749559341502e-20
413785.44265886076 1.3968565503974426e-20
414634.36791668343 1.3899493997055392e-20
415485.0348358095 1.383028078252469e-20
416337.446989444 1.376092556965395e-20
417191.6079581229 1.369142806711833e-20
418047.5213297282 1.3621787982995304e-20
418905.1906995024 1.3552005024763447e-20
419764.61967006524 1.3482078899301114e-20
420625.8118514248 1.34120093128855e-20
421488.7708609984 1.334179597119098e-20
422353.5003236236 1.3271438579288184e-20
423220.00387157506 1.320093684164263e-20
424088.28514457913 1.3130290462113537e-20
424958.3477898305 1.305949914395248e-20
425830.19546200393 1.298856258980244e-20
426703.83182327467 1.291748050169612e-20
427579.2605433302 1.2846252581054988e-20
428456.4852993873 1.2774878528687936e-20
429335.50977620645 1.2703358044790044e-20
430216.337666108 1.2631690828941313e-20
431098.9726689885 1.2559876580105305e-20
431983.4184923323 1.2487914996628233e-20
432869.6788512329 1.241580577623716e-20
433757.757468405 1.2343548616039128e-20
434647.6580742005 1.2271143212519731e-20
435539.38440662454 1.2198589261541884e-20
436432.9402113523 1.2125886458344464e-20
437328.329241741 1.2053034497541293e-20
438225.55525885045 1.198003307311946e-20
439124.62203145627 1.1906881878438324e-20
440025.5333360662 1.1833580606228092e-20
440928.2929569353 1.176012894858862e-20
441832.90468608297 1.1614524910405408e-20
442739.3723233092 1.1566724686915791e-20
443647.69967620657 1.1518826396136115e-20
444557.8905601825 1.147082983687075e-20
445469.94879847113 1.1422734807511348e-20
446383.87822215015 1.1374541106035948e-20
447299.68267015746 1.13262485300081e-20
448217.36598930747 1.1277856876576e-20
449136.93203430425 1.1229365942471823e-20
450058.3846677631 1.1180775524010544e-20
450981.7277602225 1.1132085417089341e-20
451906.96519016224 1.1083295417186629e-20
452834.10084401903 1.1034405319361236e-20
453763.1386162038 1.0985414918251475e-20
454694.08240911475 1.0936324008074491e-20
455626.936133159 1.0887132382625094e-20
456561.7037067652 1.0837839835275086e-20
457498.38905640127 1.0788446158972352e-20
458436.99611659057 1.0738951146239997e-20
459377.52882992855 1.0689354589175454e-20
460319.9911471005 1.063965627944957e-20
461264.38702689385 1.0589856008305935e-20
462210.7204362208 1.053995356655971e-20
463158.9953501312 1.0489948744596935e-20
464109.2157518302 1.0439841332373601e-20
465061.3856326948 1.0389631119414782e-20
466015.50899229187 1.0339317894813665e-20
466971.58983839065 1.028890144723093e-20
467929.63218698587 1.0238381564893487e-20
468889.64006231056 1.018775803559383e-20
469851.6174968537 1.01370306466891e-20
470815.5685313776 1.0086199185100151e-20
471781.49721493426 1.0035263437310714e-20
472749.4076048843 9.98422318936639e-21
473719.30376690894 9.933078226874007e-21
474691.18977503374 9.881828335000361e-21
475665.06971164176 9.830473298471573e-21
476640.9476674913 9.779012901572095e-21
477618.82774173317 9.72744692814381e-21
478598.71404192934 9.67577516158509e-21
479580.6106840657 9.623997384850067e-21
480564.52179257554 9.572113380447438e-21
481550.45150035294 9.520122930439731e-21
482538.40394877095 9.468025816442366e-21
483528.3832876993 9.415821819622719e-21
484520.3936755222 9.363510720699145e-21
485514.43927915266 9.311092299940293e-21
486510.5242740554 9.258566337163841e-21
487508.65284426056 9.205932611735791e-21
488508.8291823822 9.1531909025695e-21
489511.0574896362 9.100340988124726e-21
490515.3419758574 9.047382646406735e-21
491521.6868595186 8.994315654965284e-21
492530.09636774444 8.941139790893901e-21
493540.57473633497 8.887854830828636e-21
494553.1262097791 8.834460550947367e-21
495567.75504127424 8.55829205618017e-21
496584.46549274336 8.522176160979433e-21
497603.2618348542 8.485986170142406e-21
498624.1483470335 8.449721931654016e-21
499647.1293174904 8.413383293187198e-21
500672.2090432311 8.376970102102404e-21
501699.39183007716 8.340482205446938e-21
502728.6819926844 8.303919449954302e-21
503760.0838545603 8.267281682043556e-21
504793.60174808366 8.230568747818628e-21
505829.24001451855 8.193780493067836e-21
506867.00300403876 8.156916763262994e-21
507906.8950757416 8.119977403558929e-21
508948.92059766786 8.082962258792783e-21
509993.08394681965 8.045871173483363e-21
511039.3895091802 8.008703991830454e-21
512087.8416797276 7.971460557714316e-21
513138.44486246014 7.934140714694796e-21
514191.2034704103 7.896744306010824e-21
515246.1219256643 7.85927117457972e-21
516303.2046593808 7.821721162996532e-21
517362.4561118091 7.784094113533377e-21
518423.88073230995 7.746389868138735e-21
519487.4829793686 7.708608268436937e-21
520553.26732062077 7.670749155727283e-21
521621.2382328671 7.632812370983512e-21
522691.40020209237 7.594797754853116e-21
523763.7577234856 7.556705147656643e-21
524838.3153014587 7.518534389387009e-21
525915.0774496618 7.480285319708978e-21
526994.0486910084 7.441957777958251e-21
528075.2335576903 7.40355160314094e-21
529158.6365911976 7.36506663393287e-21
530244.2623423374 7.326502708678896e-21
531332.1153712549 7.287859665392164e-21
532422.2002474474 7.249137341753622e-21
533514.52154979 7.210335575111074e-21
534609.0838665514 7.171454202478671e-21
535705.891795413 7.132493060536175e-21
536804.9499434892 7.093451985628286e-21
537906.2629273464 7.054330813763943e-21
539009.8353730231 7.015129380615604e-21
540115.6719160458 6.9758475215187e-21
541223.7772014544 6.93648507147073e-21
542334.1558838172 6.897041865130713e-21
543446.8126272525 6.85751773681843e-21
544561.7521054469 6.817912520513779e-21
545678.9790016769 6.778226049855992e-21
546798.4980088242 6.738458158143126e-21
547920.3138294013 6.6986086783311e-21
549044.4311755676 6.6586774430331746e-21
550170.8547691498 6.618664284519189e-21
551299.5893416621 6.5785690347148796e-21
552430.6396343262 6.538391525201138e-21
553564.0103980913 6.49813158721331e-21
554699.706393651 6.457789051640607e-21
555837.7323914688 6.417363749025176e-21
556978.093171795 6.343542227118649e-21
558120.7935246859 6.315270009628936e-21
559265.8382500262 6.286939788649861e-21
560413.2321575489 6.258551445181008e-21
561562.9800668508 6.230104859977911e-21
562715.0868074206 6.201599913551365e-21
563869.5572186537 6.173036486167058e-21
565026.3961498745 6.144414457845028e-21
566185.608460356 6.1157337083591574e-21
567347.1990193403 6.086994117236677e-21
568511.1727060609 6.05819556375762e-21
569677.5344097578 6.029337926954442e-21
570846.2890297053 6.000421085611336e-21
572017.4414752282 5.971444918263824e-21
573190.9966657228 5.942409303198245e-21
574366.9595306785 5.91331411845122e-21
575545.3350096991 5.884159241809127e-21
576726.1280525192 5.854944550807688e-21
577909.3436190312 5.825669922731299e-21
579094.9866793029 5.7963352346126125e-21
580283.062213598 5.76694036323201e-21
581473.5752123985 5.7374851851170625e-21
582666.5306764258 5.7079695765419995e-21
583861.9336166567 5.678393413527309e-21
585059.7890543526 5.648756571839029e-21
586260.1020210757 5.619058926988338e-21
587462.8775587103 5.5893003542310275e-21
588668.1207194851 5.559480728566954e-21
589875.836565994 5.529599924739525e-21
591086.0301712182 5.499657817235139e-21
592298.7066185435 5.469654280282786e-21
593513.8710017882 5.439589187853325e-21
594731.5284252199 5.409462413659086e-21
595951.684003578 5.37927383115331e-21
597174.3428620959 5.349023313529606e-21
598399.5101365227 5.3187107337214046e-21
599627.1909731403 5.288335964401528e-21
600857.3905287927 5.257898877981489e-21
602090.1139709024 5.227399346611067e-21
603325.3664774934 5.196837242177742e-21
604563.1532372131 5.166212436306153e-21
605803.4794493536 5.1355248003575775e-21
607046.3503238757 5.10477420542933e-21
608291.7710814248 5.073960522354366e-21
609539.7469533612 5.04308362170055e-21
610790.2831817758 5.0121433737702365e-21
612043.3850195154 4.981139648599678e-21
613299.0577302026 4.950072315958512e-21
614557.3065882607 4.918941245349144e-21
615818.1368789298 4.887746306006358e-21
617081.5538982976 4.8564873668965556e-21
618347.5629533154 4.825164296717347e-21
619616.169361823 4.7937769638969546e-21
620887.3784525697 4.7623252365936736e-21
622161.1955652388 4.730808982695279e-21
623437.6260504648 4.6992280698185944e-21
624716.6752698632 4.6344763030962126e-21
625998.3485960484 4.611518942500825e-21
627282.6514126572 4.5885144824155755e-21
628569.5891143715 4.5654628262108035e-21
629859.1671069406 4.542363877058599e-21
631151.3908072064 4.519217537932386e-21
632446.2656431197 4.496023711606584e-21
633743.7970537707 4.472782300656088e-21
635043.9904894083 4.4494932074559325e-21
636346.8514114622 4.426156334180858e-21
637652.385292567 4.402771582804915e-21
638960.5976165866 4.379338855101017e-21
640271.4938786319 4.355858052640619e-21
641585.0795850906 4.3323290767931796e-21
642901.3602536471 4.3087518287258194e-21
644220.3414133053 4.285126209402898e-21
645542.0286044127 4.261452119585591e-21
646866.4273786831 4.2377294598314775e-21
648193.5432992221 4.2139581304940936e-21
649523.3819405441 4.190138031722609e-21
650855.9488886045 4.166269063461274e-21
652191.2497408175 4.1423511254490806e-21
653529.2901060808 4.118384117219329e-21
654870.0756047997 4.094367938099203e-21
656213.6118689114 4.070302487209312e-21
657559.904541904 4.046187663463384e-21
658908.9592788471 4.02202336556768e-21
660260.7817464119 3.9978094920206664e-21
661615.3776228946 3.973545941112575e-21
662972.7525982416 3.949232610924967e-21
664332.912374072 3.924869399330306e-21
665695.8626637051 3.9004562039915026e-21
667061.6091921765 3.875992922361594e-21
668430.1576962714 3.851479451683149e-21
669801.513924544 3.826915688987949e-21
671175.6836373416 3.8023015310965206e-21
672552.6726068301 3.777636874617707e-21
673932.4866170185 3.752921615948215e-21
675315.1314637781 3.728155651272261e-21
676700.6129548756 3.7033388765610105e-21
678088.9369099914 3.678471187572217e-21
679480.1091607455 3.653552479849775e-21
680874.1355507222 3.628582648723281e-21
682271.021935496 3.6035615893075494e-21
683670.7741826505 3.578489196502298e-21
685073.3981718112 3.5533653649915484e-21
686478.8997946654 3.528189989243264e-21
687887.2849549875 3.5029629635089154e-21
689298.559568664 3.477684181823009e-21
690712.7295637188 3.452353538002652e-21
692129.800880339 3.426970925647086e-21
693549.7794708944 3.401536238137331e-21
694972.6712999712 3.376049368635591e-21
696398.4823443908 3.3505102100849086e-21
697827.2185932368 3.324918655208688e-21
699258.8860478803 3.2992745965102386e-21
700693.490722006 3.3681241513269075e-21
702131.0386416323 3.350326488832034e-21
703571.5358451444 3.332492312521871e-21
705014.988383315 3.3146215474844087e-21
706461.4023193306 3.2967141186539438e-21
707910.7837288168 3.2787699508107696e-21
709363.1386998637 3.2607889685808566e-21
710818.4733330538 3.2427710964355223e-21
712276.7937414806 3.2247162586911774e-21
713738.1060507842 3.206624379508913e-21
715202.4163991708 3.18849538289424e-21
716669.7309374389 3.1703291926967618e-21
718140.0558290067 3.1521257326098503e-21
719613.3972499389 3.133884926170306e-21
721089.7613889661 3.115606696758117e-21
722569.1544475207 3.0972909675960163e-21
724051.582639756 3.078937661749244e-21
725537.0521925748 3.0605467021251962e-21
727025.5693456547 3.042118011473105e-21
728517.1403514764 3.023651512383698e-21
730011.7714753437 3.0051471272889448e-21
731509.4689954186 2.9866047784616194e-21
733010.2392027423 2.9680243880150482e-21
734514.0884012625 2.9494058779027664e-21
736021.0229078601 2.9307491699181873e-21
737531.0490523761 2.912054185694275e-21
739044.1731776388 2.893320846703195e-21
740560.4016394855 2.8745490742560646e-21
742079.7408067972 2.8557387895025028e-21
743602.1970615204 2.8368899134303777e-21
745127.7767986945 2.818002366865458e-21
746656.486426479 2.7990760704710754e-21
748188.3323661821 2.780110944747775e-21
749723.3210522812 2.76110691003306e-21
751261.4589324595 2.7420638865009366e-21
752802.7524676268 2.72298179416166e-21
754347.2081319483 2.703860552861379e-21
755894.8324128711 2.6847000822817983e-21
757445.6318111524 2.665500301939837e-21
758999.6128408879 2.6462611311872807e-21
760556.7820295331 2.6269824892105096e-21
762117.1459179395 2.607664295030055e-21
763680.7110603771 2.588306467500319e-21
765247.4840245619 2.568908925309235e-21
766817.4713916846 2.5494715869779088e-21
768390.6797564396 2.5299943708602694e-21
769967.1157270463 2.5104771951427942e-21
771546.7859252857 2.490919977844056e-21
773129.6969865236 2.4713226368144508e-21
774715.8555597379 2.4516850897358376e-21
776305.2683075484 2.432007254121191e-21
777897.9419062433 2.4122890473142544e-21
779493.88304581 2.392530386489173e-21
781093.0984299564 2.3727311886502245e-21
782695.5947761482 2.3528913706313526e-21
784301.3788156313 2.3330108490959e-21
785910.4572934613 2.267780083905405e-21
787522.8369685323 2.2564744916507795e-21
789138.5246136063 2.2451457047599144e-21
790757.5270153357 2.2337936756465443e-21
792379.8509743015 2.222418356626743e-21
794005.5033050347 2.2110196999187675e-21
795634.4908360473 2.199597657642846e-21
797266.820409861 2.1881521818209743e-21
798902.4988830367 2.176683224376706e-21
800541.5331261979 2.1651907371349946e-21
802183.9300240685 2.153674671821924e-21
803829.6964754957 2.1421349800645477e-21
805478.8393934801 2.1305716133906817e-21
807131.365705206 2.1189845232286903e-21
808787.282352068 2.107373660907293e-21
810446.596289705 2.0957389776553384e-21
812109.31448802 2.084080424601656e-21
813775.4439312211 2.0723979527747717e-21
815444.9916178435 2.0606915131027552e-21
817117.9645607802 2.0489610564129993e-21
818794.3697873126 2.037206533432013e-21
820474.2143391403 2.0254278947852058e-21
822157.5052724053 2.0136250909967223e-21
823844.2496577308 2.001798072489169e-21
825534.4545802441 1.98994678958345e-21
827228.1271396093 1.9780711924985476e-21
828925.2744500552 1.9661712313513138e-21
830625.9036404068 1.9542468561562575e-21
832330.0218541163 1.9422980168253283e-21
834037.6362492864 1.9303246631677476e-21
835748.7539987101 1.9183267448897312e-21
837463.3822898951 1.906304211594322e-21
839181.5283250943 1.8942570127811724e-21
840903.1993213374 1.8821850978463213e-21
842628.4025104622 1.8700884160819814e-21
844357.1451391382 1.857966916676367e-21
846089.4344689072 1.8458205487134088e-21
847825.2777762072 1.8336492611725952e-21
849564.6823524047 1.8214530029287343e-21
851307.6555038253 1.8092317227517483e-21
853054.2045517839 1.796985369306457e-21
854804.3368326182 1.784713891152344e-21
856558.0596977114 1.7724172367433982e-21
858315.3805135345 1.7600953544278167e-21
860076.3066616695 1.7477481924478398e-21
861840.8455388428 1.735375698939525e-21
863609.0045569559 1.7229778219325206e-21
865380.7911431184 1.7105545093498408e-21
867156.2127396717 1.6981057090076976e-21
868935.276804232 1.6856313686152043e-21
870717.9908097134 1.673131435774204e-21
872504.3622443613 1.6606058579790408e-21
874294.3986117847 1.6480545826163406e-21
876088.1074309881 1.6354775569647705e-21
877885.4962363971 1.6228747281948736e-21
879686.5725779001 1.6102460433687703e-21
881491.3440208737 1.6151846952012e-21
883299.8181462166 1.6058503308526844e-21
885112.0025503739 1.5964968160536303e-21
886927.9048453881 1.5871241115147939e-21
888747.5326589047 1.577732177866402e-21
890570.8936342315 1.5683209756578332e-21
892397.9954303434 1.5588904653576089e-21
894228.8457219437 1.5494406073530647e-21
896063.4521994694 1.5399713619503282e-21
897901.8225691353 1.5304826893740905e-21
899743.9645529777 1.5209745497673813e-21
901589.8858888608 1.5114469031915346e-21
903439.594330538 1.5018997096258726e-21
905293.0976476602 1.492332928967665e-21
907150.4036258176 1.4827465210319075e-21
909011.5200665854 1.473140445551096e-21
910876.454787529 1.4635146621751888e-21
912745.2156222678 1.4538691304712835e-21
914617.810420477 1.444203809923606e-21
916494.2470479524 1.4345186599331776e-21
918374.5333866152 1.4248136398177874e-21
920258.6773345572 1.4150887088117633e-21
922146.6868060858 1.4053438260657329e-21
924038.5697317299 1.3955789506466005e-21
925934.3340583042 1.3857940415372118e-21
927833.9877489117 1.3759890576363385e-21
929737.5387830077 1.366163957758354e-21
931644.9951564071 1.3563187006331885e-21
933556.3648813289 1.3464532449061075e-21
935471.6559864419 1.3365675491374684e-21
937390.8765168703 1.3266615718026961e-21
939314.0345342599 1.3167352712919382e-21
941241.1381167802 1.3067886059100583e-21
943172.1953591895 1.2968215338762963e-21
945107.2143728414 1.286834013324236e-21
947046.2032857311 1.2768260023015658e-21
948989.1702425411 1.2667974587698462e-21
950936.1234046476 1.25674834060447e-21
952887.0709501862 1.2466786055943288e-21
954842.0210740601 1.23658821144177e-21
956800.9819879839 1.2264771157623673e-21
958763.9619205322 1.2163452760846743e-21
960730.9691171452 1.2061926498501931e-21
962702.0118401954 1.196019194413029e-21
964677.0983689906 1.185824867039878e-21
966656.23699984 1.1756096249096825e-21
968639.4360460625 1.1653734251135923e-21
970626.703838032 1.1551162246547276e-21
972618.0487232252 1.1448379804479315e-21
974613.4790662284 1.1345386493197392e-21
976613.0032488051 1.1242181880080248e-21
978616.6296698985 1.1138765531619898e-21
980624.3667456994 1.1035137013418154e-21
982636.2229096533 1.0931295890186196e-21
984652.2066125076 1.0827241725742222e-21
986672.3263223597 1.0722974083008869e-21
988696.5905246638 1.0618492524012936e-21
990725.0077222992 1.104718101984964e-21
992757.5864355776 1.0984969714292382e-21
994794.3352022909 1.0922630775563165e-21
996835.2625777599 1.086016394180858e-21
998880.3771348405 1.0797568950638509e-21
1000929.6874639937 1.0734845539124e-21
1002983.2021732883 1.0671993443797172e-21
1005040.9298884694 1.0609012400649138e-21
1007102.8792529668 1.0545902145129712e-21
1009169.0589279436 1.0482662412145969e-21
1011239.4775923433 1.0419292936060744e-21
1013314.1439429006 1.0355793450692378e-21
1015393.066694207 1.029216368931263e-21
1017476.2545787179 1.022840338464652e-21
1019563.7163468199 1.0164512268870237e-21
1021655.4607668399 1.010049007361086e-21
1023751.4966250942 1.0036336529944895e-21
1025851.8327259371 9.972051368396718e-22
1027956.4778917697 9.907634318938384e-22
1030065.4409631097 9.843085110987418e-22
1032178.7307985956 9.77840347340675e-22
1034296.3562750567 9.713589134502518e-22
1036418.3262875217 9.64864182202384e-22
1038544.6497492688 9.583561263161278e-22
1040675.3355918748 9.518347184545307e-22
1042810.3927652235 9.452999312246093e-22
1044949.8302375785 9.387517371771256e-22
1047093.6569955884 9.321901088065687e-22
1049241.8820443403 9.25615018550994e-22
1051394.5144074077 9.190264387918745e-22
1053551.5631268614 9.124243418540703e-22
1055713.0372633382 9.058087000056127e-22
1057878.9458960483 8.991794854576899e-22
1060049.2981228456 8.925366703644246e-22
1062224.1030602355 8.858802268228526e-22
1064403.3698434278 8.792101268727608e-22
1066587.1076263867 8.725263424965348e-22
1068775.3255818398 8.658288456191332e-22
1070968.0329013502 8.591176081078592e-22
1073165.238795322 8.523926017723555e-22
1075366.952493072 8.456537983643729e-22
1077573.183242839 8.389011695777512e-22
1079783.9403118365 8.321346870482539e-22
1081999.232986303 8.253543223534132e-22
1084219.0705715104 8.185600470125047e-22
1086443.4623918408 8.117518324863158e-22
1088672.4177907915 8.049296501771272e-22
1090905.9461310296 7.980934714285443e-22
1093144.056794444 7.912432675253428e-22
1095386.759182154 7.843790096934397e-22
1097634.0627145837 7.775006690996637e-22
1099885.9768314662 7.706082168517445e-22
1102142.5109919198 7.637016239980813e-22
1104403.6746744553 7.567808615277167e-22
1106669.4773770296 7.498459003701753e-22
1108939.9286170995 7.4289671139529835e-22
1111215.03793163 7.045031792708411e-22
1113494.8148771692 7.005061962086383e-22
1115779.2690298548 6.96501012906592e-22
1118068.4099854883 6.924876125410152e-22
1120362.2473595445 6.884659782537267e-22
1122660.7907872254 6.844360931519607e-22
1124964.0499235142 6.803979403082698e-22
1127272.0344431845 6.763515027605093e-22
1129584.754040877 6.722967635117033e-22
1131902.2184311028 6.682337055300378e-22
1134224.4373483227 6.641623117487222e-22
1136551.4205469547 6.6008256506597705e-22
1138883.1778014288 6.559944483449365e-22
1141219.7189062426 6.518979444135524e-22
1143561.0536759691 6.477930360645781e-22
1145907.1919453358 6.436797060554324e-22
1148258.1435692331 6.395579371081842e-22
1150613.9184227707 6.354277119094534e-22
1152974.5264013305 6.312890131103161e-22
1155339.977420578 6.27141823326288e-22
1157710.281416541 6.229861251371853e-22
1160085.4483456123 6.188219010871181e-22
1162465.488184631 6.146491336843512e-22
1164850.4109308904 6.104678054012874e-22
1167240.226602194 6.062778986743699e-22
1169634.945236912 6.020793959039832e-22
1172034.576893991 5.978722794544388e-22
1174439.1316530334 5.9365653165383185e-22
1176848.6196143015 5.894321347940362e-22
1179263.0508987992 5.851990711305613e-22
1181682.4356482802 5.809573228825371e-22
1184106.7840253045 5.767068722326154e-22
1186536.1062132965 5.724477013268664e-22
1188970.4124165536 5.681797922747673e-22
1191409.7128603284 5.639031271490545e-22
1193854.0177908363 5.596176879857123e-22
1196303.337475314 5.553234567838689e-22
1198757.682202078 5.510204155056965e-22
1201217.0622805313 5.467085460763946e-22
1203681.488041249 5.423878303840463e-22
1206150.96983598 5.380582502796108e-22
1208625.5180377308 5.337197875767773e-22
1211105.1430407742 5.2937242405195e-22
1213589.8552607081 5.250161414441467e-22
1216079.665134514 5.20650921454893e-22
1218574.5831205663 5.162767457482088e-22
1221074.6196987156 5.118935959504614e-22
1223579.7853702928 5.075014536503567e-22
1226090.0906581942 5.031003003987933e-22
1228605.5461068894 4.986901177088453e-22
1231126.1622824804 4.9427088705565975e-22
1233651.9497727635 4.898425898763509e-22
1236182.9191872352 4.854052075699848e-22
1238719.0811571798 4.809587214974305e-22
1241260.4463356717 4.765031129813519e-22
1243807.0253976625 4.720383633060586e-22
1246358.8290399888 4.72861889871603e-22
1248915.8679814327 4.699446984618097e-22
1251478.1529627827 4.670215221206562e-22
1254045.6947468424 4.640923485694254e-22
1256618.5041185175 4.6115716550418485e-22
1259196.5918848242 4.582159605957774e-22
1261779.9688749507 4.552687214897513e-22
1264368.6459403178 4.523154358062907e-22
1266962.6339545883 4.49356091140204e-22
1269561.9438137547 4.463906750608269e-22
1272166.5864361422 4.434191751120146e-22
1274776.5727624982 4.404415788120443e-22
1277391.9137559994 4.374578736536024e-22
1280012.6204023154 4.344680471037164e-22
1282638.703709669 4.314720866036827e-22
1285270.1747088474 4.284699795690557e-22
1287907.0444532894 4.25461713389548e-22
1290549.3240190893 4.224472754290247e-22
1293197.0245050876 4.194266530254023e-22
1295850.1570328786 4.163998334906383e-22
1298508.7327468737 4.133668041106582e-22
1301172.7628143646 4.1032755214528633e-22
1303842.2584255324 4.0728206482823247e-22
1306517.2307935373 4.0423032936699157e-22
1309197.6911545284 4.0117233294283064e-22
1311883.6507677075 3.981080627107186e-22
1314575.1209153912 3.950375057992524e-22
1317272.1129030222 3.91960649310647e-22
1319974.6380592582 3.888774803206309e-22
1322682.7077359785 3.8578798587844246e-22
1325396.3333083726 3.82692153006725e-22
1328115.5261749516 3.7958996870151596e-22
1330840.2977576116 3.7648141993217396e-22
1333570.6595016983 3.733664936413051e-22
1336306.6228760176 3.7024517674475194e-22
1339048.1993729258 3.671174561314882e-22
1341795.4005083358 3.639833186636139e-22
1344548.237821808 3.608427511762509e-22
1347306.7228765616 3.5769574047752964e-22
1350070.8672595383 3.5454227334851697e-22
1352840.682581469 3.5138233654314025e-22
1355616.1804768825 3.482159167881765e-22
1358397.372604199 3.45043000783146e-22
1361184.2706457416 3.4186357520030074e-22
1363976.8863078 3.386776266845494e-22
1366775.2313206978 3.35485141853382e-22
1369579.3174388024 3.322861072968584e-22
1372389.156440618 3.2908050957750145e-22
1375204.7601287928 3.258683352302903e-22
1378026.14033021 3.2264957076255463e-22
1380853.3088960021 3.1942420265396076e-22
1383686.2777016135 3.161922173564368e-22
1386525.0586468705 3.1295360129409684e-22
1389369.6636559903 3.0970834086322777e-22
1392220.1046776762 3.064564224321811e-22
1395076.3936851237 3.0319783234136783e-22
1397938.5426761142 3.1023588564559625e-22
1400806.5636730278 3.0825636552427806e-22
1403680.468722909 3.0627278420492228e-22
1406560.2698975357 3.042851333555373e-22
1409445.9792934295 3.022934046270531e-22
1412337.6090319518 3.002975896532552e-22
1415235.1712593096 2.9829768005078056e-22
1418138.6781466524 2.962936674190507e-22
1421048.1418900827 2.942855433402647e-22
1423963.5747107242 2.9227329937935167e-22
1426884.988854791 2.90256927083923e-22
1429812.396593599 2.8823641798426544e-22
1432745.8102236628 2.8621176359327282e-22
1435685.2420667075 2.8418295540643883e-22
1438630.7044697367 2.821499849018097e-22
1441582.2098051035 2.8011284353993527e-22
1444539.7704705207 2.780715227638624e-22
1447503.39888916 2.7602601399906604e-22
1450473.1075096566 2.739763086534458e-22
1453448.908806209 2.7192239811725756e-22
1456430.8152785902 2.698642737631054e-22
1459418.8394522183 2.678019269458933e-22
1462412.9938782258 2.657353490027771e-22
1465413.2911334713 2.6366453125315606e-22
1468419.7438206414 2.6158946499860335e-22
1471432.3645682528 2.5951014152286342e-22
1474451.1660307555 2.5742655209178185e-22
1477476.1608885443 2.5533868795329737e-22
1480507.361848028 2.532465403373927e-22
1483544.7816417024 2.5115010045604614e-22
1486588.4330281622 2.490493595032224e-22
1489638.3287922004 2.469443086548033e-22
1492694.4817448219 2.448349390685796e-22
1495756.9047233148 2.4272124188420126e-22
1498825.6105913229 2.406032082231276e-22
1501900.612238856 2.3848082918861964e-22
1504981.922582394 2.3635409586566847e-22
1508069.5545648916 2.342229993209929e-22
1511163.5211558824 2.3208753060296637e-22
1514263.8353514893 2.2994768074161013e-22
1517370.5101744984 2.278034407485426e-22
1520483.5586744326 2.256548016169287e-22
1523602.9939275612 2.235017543214721e-22
1526728.829037007 2.213442898183426e-22
1529861.0771327496 2.1918239904517345e-22
1532999.7513717317 2.1701607292098736e-22
1536144.8649378691 2.1484530234619034e-22
1539296.4310421273 2.1267007820251884e-22
1542454.4629225929 2.1049039135298973e-22
1545618.9738444877 2.0830623264189137e-22
1548789.9771002731 2.0611759289471106e-22
1551967.4860096565 2.0392446291813106e-22
1555151.5139196974 2.0172683349995463e-22
1558342.0742048193 1.9952469540909893e-22
1561539.1802668844 1.9731803939554224e-22
1564742.8455352697 1.9510685619027233e-22
1567953.0834668782 1.9563775513160567e-22
1571169.9075462471 1.9434309280612385e-22
1574393.3312855589 1.9304577434189203e-22
1577623.3682247181 1.917457942895589e-22
1580860.0319314275 1.904431471885856e-22
1584103.336001199 1.8913782756724078e-22
1587353.2940574628 1.8782982994255667e-22
1590609.919751574 1.8651914882032717e-22
1593873.2267629204 1.8520577869506381e-22
1597143.2287989352 1.838897140499907e-22
1600419.9395951736 1.8257094935701398e-22
1603703.3729153904 1.8124947907669002e-22
1606993.5425515522 1.7992529765822134e-22
1610290.4623239473 1.7859839953941167e-22
1613594.1460811922 1.7726877914666387e-22
1616904.6077003404 1.7593643089493545e-22
1620221.8610868973 1.7460134918773352e-22
1623545.920174896 1.7326352841708327e-22
1626876.798926977 1.7192296296349674e-22
1630214.5113344 1.705796471959676e-22
1633559.0714171557 1.6923357547192614e-22
1636910.4932239784 1.6788474213723445e-22
1640268.7908324252 1.665331415261544e-22
1643633.978348955 1.65178767961316e-22
1647006.06990894 1.6382161575371241e-22
1650385.0796767802 1.624616792026543e-22
1653771.0218459081 1.6109895259576744e-22
1657163.910638903 1.5973343020894744e-22
1660563.7603075022 1.5836510630635435e-22
1663970.585132683 1.5699397514038052e-22
1667384.3994247413 1.5562003095161827e-22
1670805.2175233054 1.5424326796885481e-22
1674233.0537974497 1.528636804090261e-22
1677667.9226457009 1.5148126247721475e-22
1681109.838496154 1.5009600836660313e-22
1684558.8158064834 1.4870791225846872e-22
1688014.869064025 1.4731696832215124e-22
1691478.0127858585 1.4592317071501997e-22
1694948.2615188186 1.4452651358246836e-22
1698425.629839612 1.4312699105786744e-22
1701910.1323548236 1.417245972625635e-22
1705401.7837010336 1.4031932630583075e-22
1708900.5985448284 1.3891117228486645e-22
1712406.591582886 1.3750012928475774e-22
1715919.7775420565 1.3608619137844803e-22
1719440.1711793754 1.34669352626732e-22
1722967.7872821824 1.332496070782084e-22
1726502.640668134 1.3182694876927432e-22
1730044.7461852864 1.304013717240919e-22
1733594.1187121791 1.2897286995455463e-22
1737150.7731578492 1.275414374602823e-22
1740714.7244619485 1.2610706822857276e-22
1744285.9875947514 1.2466975623439953e-22
1747864.5775572737 1.2322949544036381e-22
1751450.5093812859 1.21786279796689e-22
1755043.7981293981 1.203401032411867e-22
1758644.4588951438 1.1969777818073255e-22
1762252.506802995 1.188775390400133e-22
1765867.9570084806 1.1805561709063803e-22
1769490.824698194 1.1723200888014728e-22
1773121.125089916 1.1640671094899205e-22
1776758.8734326249 1.155797198305306e-22
1780404.0850065844 1.1475103205100908e-22
1784056.775123429 1.13920644129542e-22
1787716.9591261784 1.1308855257810876e-22
1791384.6523893578 1.1225475390152647e-22
1795059.8703190146 1.1141924459744605e-22
1798742.628352802 1.1058202115633334e-22
1802432.941960068 1.0974308006144892e-22
1806130.8266418676 1.0890241778884492e-22
1809836.2979310886 1.0806003080733708e-22
1813549.371392455 1.072159155785035e-22
1817270.0626226547 1.0637006855665552e-22
1820998.38725035 1.0552248618883591e-22
1824734.3609362682 1.0467316491479766e-22
1828477.9993732888 1.0382210116698452e-22
1832229.3182864564 1.029692913705279e-22
1835988.3334331068 1.0211473194321828e-22
1839755.060602875 1.0125841929550336e-22
1843529.5156178186 1.0040034983045995e-22
1847311.7143324346 9.954051994379043e-23
1851101.6726337462 9.867892602380254e-23
1854899.4064413942 9.781556445138909e-23
1858704.9317076493 9.695043160002477e-23
1862518.2644175405 9.608352383573725e-23
1866339.420588861 9.521483751710558e-23
1870168.4162722975 9.434436899523109e-23
1874005.2675514428 9.34721146137343e-23
1877849.990542887 9.259807070873413e-23
1881702.6013963092 9.172223360882754e-23
1885563.1162944888 9.084459963508623e-23
1889431.551453438 8.996516510102698e-23
1893307.9231224137 8.908392631260894e-23
1897192.2475840112 8.820087956821222e-23
1901084.541154254 8.731602115861753e-23
1904984.8201826077 8.642934736700274e-23
1908893.1010521129 8.554085446891327e-23
1912809.4001793903 8.465053873226037e-23
1916733.7340147719 8.375839641729155e-23
1920666.1190423162 8.286442377658704e-23
1924606.5717799012 8.196861705503881e-23
1928555.1087793142 8.10709724898297e-23
1932511.7466262714 8.017148631042967e-23
1936476.5019405475 7.927015473856576e-23
1940449.3913759813 7.836697398822103e-23
1944430.4316206123 7.746194026560356e-23
1948419.6393966924 7.65550497691436e-23
1952417.031460781 7.564629868947221e-23
1956422.62460384 7.473568320939945e-23
1960436.4356512467 7.382319950391151e-23
1964458.4814629303 7.290884374013962e-23
1968488.7789333866 7.1992612077357e-23
1972527.34499177 7.107450066695745e-23
1976574.1966019939 7.253408250814316e-23
1980629.3507627402 7.204024690023813e-23
1984692.8245075992 7.154539813556641e-23
1988764.6349050745 7.10495341355302e-23
1992844.7990587202 7.055265281726311e-23
1996933.334107156 7.005475209362855e-23
2001030.2572241623 6.955582987320801e-23
2005135.5856187798 6.905588406028913e-23
2009249.3365353202 6.855491255486412e-23
2013371.5272535095 6.805291325261249e-23
2017502.1750884887 6.754988404490088e-23
2021641.297390958 6.704582281876565e-23
2025788.911547189 6.654072745691113e-23
2029945.0349791234 6.603459583769793e-23
2034109.6851444703 6.552742583513082e-23
2038282.8795367214 6.50192153188569e-23
2042464.6356852928 6.450996215414853e-23
2046654.971155538 6.399966420190157e-23
2050853.9035488483 6.348831931862324e-23
2055061.4505027512 6.297592535642005e-23
2059277.6296909256 6.2462480162996e-23
2063502.4588233433 6.194798158163545e-23
2067735.955646277 6.143242745120188e-23
2071978.1379424417 6.091581560612105e-23
2076229.0235310087 6.039814387637883e-23
2080488.630267709 5.987941008750912e-23
2084756.976044931 5.935961206058147e-23
2089034.078791738 5.883874761219935e-23
2093319.956474009 5.831681455448263e-23
2097614.6270944504 5.779381069506655e-23
2101918.1086927354 5.726973383708438e-23
2106230.419345522 5.674458177916551e-23
2110551.577166555 5.62183523154228e-23
2114881.6003067675 5.569104323544046e-23
2119220.5069542965 5.516265232427193e-23
2123568.3153346274 5.463317736242238e-23
2127925.0437106034 5.410261612584751e-23
2132290.710382571 5.3570966385936e-23
2136665.333688395 5.303822590950746e-23
2141048.9320035633 5.2504392458799876e-23
2145441.5237412876 5.196946379145704e-23
2149843.1273525227 5.143343766052662e-23
2154253.7613261114 5.089631181444209e-23
2158673.4441888044 5.0358083997020814e-23
2163102.194505359 4.98187519474514e-23
2167540.030878648 4.927831340028084e-23
2171986.971949675 4.873676608541272e-23
2176443.0363977225 4.8194107728088873e-23
2180908.24294036 4.765033604888862e-23
2185382.610333594 4.7105448763710437e-23
2189866.1573718833 4.655944358377e-23
2194358.902888247 4.601231821558726e-23
2198860.8657543687 4.546407036097357e-23
2203372.064880612 4.4914697717029713e-23
2207892.5192161743 4.436419797612751e-23
2212422.2477490935 4.381256882590864e-23
2216961.269506399 4.406861422282831e-23
2221509.6035541296 4.3761108657576296e-23
2226067.268997439 4.3452972211645303e-23
2230634.284980706 4.3144203590714693e-23
2235210.6706875484 4.283480149781079e-23
2239796.4453409784 4.252476463329659e-23
2244391.628203419 4.221409169487067e-23
2248996.2385768113 4.1902781377559673e-23
2253610.295802725 4.159083237371116e-23
2258233.8192623733 4.1278243372992393e-23
2262866.8283767696 4.0965013062379823e-23
2267509.342606735 4.065114012615862e-23
2272161.3814530526 4.033662324591208e-23
2276822.9644564856 4.0021461100520587e-23
2281494.1111978884 3.970565236615399e-23
2286174.8412983147 3.938919571626433e-23
2290865.1744190357 3.907208982158467e-23
2295565.1302616964 3.875433335011832e-23
2300274.7285683258 3.843592496713847e-23
2304993.9891214934 3.8116863335177293e-23
2309722.931744325 3.7797147114025125e-23
2314461.5763006164 3.7476774960722544e-23
2319209.9426949443 3.715574552955307e-23
2323968.0508726854 3.683405747204185e-23
2328735.920820172 3.6511709436945e-23
2333513.572564705 3.618870007024887e-23
2338301.0261747087 3.5865028015159464e-23
2343098.301759754 3.5540691912100987e-23
2347905.419470666 3.521569039870846e-23
2352722.399499644 3.489002210981976e-23
2357549.2620802713 3.456368567747476e-23
2362386.0274876836 3.423667973090407e-23
2367232.7160385833 3.3909002896528047e-23
2372089.348091355 3.3580653797948996e-23
2376955.9440461793 3.325163105594344e-23
2381832.524345052 3.2921933288460864e-23
2386719.109471946 3.25915591106127e-23
2391615.719952821 3.226050713467181e-23
2396522.376355786 3.19287759700613e-23
2401439.0992911183 3.1596364223353404e-23
2406365.9094113815 3.1263270498261493e-23
2411302.8274115366 3.0929493395632414e-23
2416249.8740289663 3.0595031513445074e-23
2421207.0700436337 3.025988344679942e-23
2426174.4362780987 2.992404778791565e-23
2431151.9935976784 2.9587523126123144e-23
2436139.762910469 2.925030804785914e-23
2441137.7651674594 2.891240113666083e-23
2446146.0213626535 2.8573800973157286e-23
2451164.5525330873 2.8234506135068337e-23
2456193.3797589946 2.7894515197193175e-23
2461232.524163829 2.755382673140901e-23
2466282.0069143805 2.721243930666313e-23
2471341.849220895 2.68703514889648e-23
2476412.0723370947 2.6527561841384117e-23
2481492.697560344 2.6184068924040336e-23
2486583.7462316626 2.5595707823985652e-23
2491685.2397358934 2.5422392500801178e-23
2496797.199501723 2.524872160262481e-23
2501919.6470017987 2.5074694399956633e-23
2507052.6037528557 2.4900310161799018e-23
2512196.0913157286 2.472556815565605e-23
2517350.13129553 2.4550467647527586e-23
2522514.7453416544 2.4375007901909012e-23
2527689.9551479556 2.4199188181785358e-23
2532875.7824527626 2.4023007748630624e-23
2538072.2490390027 2.3846465862403676e-23
2543279.3767343247 2.3669561781543993e-23
2548497.1874111183 2.3492294762971127e-23
2553725.702986687 2.3314664062078695e-23
2558964.9454232594 2.3136668932734066e-23
2564214.9367281636 2.295830862727244e-23
2569475.6989538455 2.2779582396496198e-23
2574747.2541979956 2.260048948967059e-23
2580029.624603671 2.242102915451963e-23
2585322.832359316 2.224120063722538e-23
2590626.899698937 2.2061003182421944e-23
2595941.8489021272 2.188043603319476e-23
2601267.702294187 2.16994984310764e-23
2606604.4822462522 2.1518189616042242e-23
2611952.211175312 2.1336508826509885e-23
2617310.9115443886 2.1154455299332973e-23
2622680.6058625486 2.097202826980095e-23
2628061.3166850805 2.0789226971632912e-23
2633453.0666135144 2.0606050636976926e-23
2638855.8782957504 2.042249849640573e-23
2644269.774426186 2.023856977891243e-23
2649694.7777457344 2.005426371190978e-23
2655130.911042009 1.9869579521224003e-23
2660578.1971493294 1.968451643109451e-23
2666036.6589489067 1.949907366416767e-23
2671506.319368863 1.931325044149615e-23
2676987.2013843586 1.912704598253452e-23
2682479.3280177237 1.8940459505134863e-23
2687982.7223384767 1.875349022554607e-23
2693497.4074635105 1.8566137358407632e-23
2699023.406557111 1.8378400116748857e-23
2704560.7428310886 1.8190277711984533e-23
2710109.4395449073 1.8001769353910464e-23
2715669.5200057076 1.7812874250702738e-23
2721241.0075684898 1.7623591608911455e-23
2726823.925636127 1.7433920633460348e-23
2732418.297659549 1.724386052764047e-23
2738024.1471377644 1.7053410493109485e-23
2743641.497617993 1.6862569729887134e-23
2749270.372695797 1.667133743635083e-23
2754910.7960151043 1.6479712809234848e-23
2760562.791268393 1.6287695043623962e-23
2766226.3821967063 1.6095283332953117e-23
2771901.592589839 1.5902476869000965e-23
2777588.446286359 1.5709274841889152e-23
2783286.967173742 1.5515676440077764e-23
2788997.1791885053 1.517445327769735e-23
2794719.1063162293 1.507232259037838e-23
2800452.7725917483 1.496998237098987e-23
2806198.2020991617 1.4867432189654685e-23
2811955.418972025 1.476467161561294e-23
2817724.447393373 1.4661700217221624e-23
2823505.3115958543 1.4558517561952147e-23
2829298.0358618665 1.4455123216387945e-23
2835102.6445235806 1.4351516746224047e-23
2840919.161963133 1.4247697716263667e-23
2846747.6126126493 1.414366569041776e-23
2852588.0209543784 1.4039420231702615e-23
2858440.411520833 1.393496090223736e-23
2864304.8088948107 1.3830287263243622e-23
2870181.2377095884 1.372539887504197e-23
2876069.722648936 1.362029529705177e-23
2881970.2884473107 1.3514976087787648e-23
2887882.9598898795 1.3409440804859113e-23
2893807.7618126604 1.3303689004968045e-23
2899744.7191026583 1.3197720243906244e-23
2905693.85669789 1.3091534076554983e-23
2911655.199587585 1.2985130056881506e-23
2917628.7728121895 1.2878507737938807e-23
2923614.6014635735 1.277166667186207e-23
2929612.7106850483 1.266460640986829e-23
2935623.1256715097 1.2557326502253718e-23
2941645.8716695798 1.244982649839135e-23
2947680.973977629 1.2342105946730545e-23
2953728.4579459773 1.2234164394793383e-23
2959788.348976919 1.2126001389174282e-23
2965860.672524861 1.2017616475537465e-23
2971945.454096473 1.1909009198614364e-23
2978042.7192507023 1.1800179102203269e-23
2984152.4935989836 1.1691125729165649e-23
2990274.8028052473 1.1581848621425953e-23
2996409.672586124 1.1472347319968003e-23
3002557.12871097 1.1362621364834525e-23
3008717.197002007 1.1252670295124607e-23
3014889.9033344737 1.1142493648991091e-23
3021075.2736366442 1.1032090963640167e-23
3027273.333890037 1.0921461775327668e-23
3033484.110129424 1.0810605619358902e-23
3039707.6284430395 1.0699522030084912e-23
3045943.9149726056 1.058821054090207e-23
3052192.9959134758 1.047667068424948e-23
3058454.8975147833 1.0364901991606295e-23
3064729.646079463 1.0252903993491389e-23
3071017.2679644655 1.0140676219459501e-23
3077317.7895807773 1.0028218198100903e-23
3083631.2373935687 9.915529457038705e-24
3089957.637922345 9.802609522926221e-24
3096297.0177409686 9.689457921446539e-24
3102649.4034778713 9.576074177308725e-24
3109014.8218160644 9.462457814247655e-24
3115393.2994933547 9.34860835502018e-24
3121784.8633023663 9.23452532140472e-24
3128189.5400906894 9.068920071841752e-24
3134607.356761035 9.010827037326292e-24
3141038.340271256 8.952614818714024e-24
3147482.517634563 8.894283171485755e-24
3153939.915919537 8.835831850621074e-24
3160410.5622503445 8.777260610596442e-24
3166894.4838067596 8.718569205384946e-24
3173391.70782432 8.659757388454923e-24
3179902.2615944794 8.600824912768568e-24
3186426.1724646306 8.541771530781726e-24
3192963.467838323 8.482596994441906e-24
3199514.1751752775 8.423301055188182e-24
3206078.3219916024 8.363883463949205e-24
3212655.9358598194 8.304343971142988e-24
3219247.044409017 8.244682326675497e-24
3225851.6753250104 8.184898279939241e-24
3232469.856350359 8.124991579813076e-24
3239101.6152845933 8.064961974660154e-24
3245746.979984238 8.004809212327748e-24
3252405.978362968 7.944533040145795e-24
3259078.638391767 7.884133204925501e-24
3265764.9880989487 7.823609452959116e-24
3272465.0555703864 7.762961530017875e-24
3279178.8689495185 7.702189181351947e-24
3285906.456437576 7.641292151688357e-24
3292647.846293611 7.580270185230768e-24
3299403.066834648 7.519123025658062e-24
3306172.14643585 7.457850416122879e-24
3312955.113530539 7.39645209925139e-24
3319751.9966104263 7.334927817141263e-24
3326562.824225622 7.273277311361527e-24
3333387.624984865 7.211500322950537e-24
3340226.4275555466 7.149596592415706e-24
3347079.260663873 7.087565859732094e-24
3353946.153095024 7.025407864340906e-24
3360827.1336931842 6.963122345149286e-24
3367722.2313617673 6.900709040528219e-24
3374631.4750634455 6.838167688312298e-24
3381554.89382031 6.775498025798261e-24
3388492.5167140365 6.712699789743511e-24
3395444.372885909 6.649772716365875e-24
3402410.4915370517 6.5867165413415035e-24
3409390.901928447 6.523530999804753e-24
3416385.63338116 6.4602158263460896e-24
3423394.7152763726 6.396770755011837e-24
3430418.1770555433 6.333195519302682e-24
3437456.0482205767 6.269489852172178e-24
3444508.3583338466 6.205653486026518e-24
3451575.137018433 6.1416861527223916e-24
3458656.4139581355 6.0775875835668614e-24
3465752.218897709 6.01335750931524e-24
3472862.5816428913 5.948995660170826e-24
3479987.532060568 5.884501765783416e-24
3487127.100078945 5.819875555247752e-24
3494281.3156875703 5.755116757103317e-24
3501450.2089375765 5.69022509933214e-24
3508633.8099416923 5.593629292776852e-24
3515832.1488744826 5.557773069576037e-24
3523045.2559723756 5.521843283483956e-24
3530273.161533834 5.485839783578515e-24
3537515.8959195223 5.449762418627766e-24
3544773.4895523363 5.413611037089785e-24
3552045.972917647 5.37738548711145e-24
3559333.376563323 5.341085616528319e-24
3566635.731099909 5.304711272863758e-24
3573953.0672007897 5.2682623033281105e-24
3581285.415602224 5.231738554818525e-24
3588632.8071035882 5.195139873917769e-24
3595995.2725673863 5.158466106894146e-24
3603372.8429194996 5.121717099700265e-24
3610765.549149216 5.084892697972906e-24
3618173.4223093954 5.047992747032173e-24
3625596.4935166547 5.011017091880597e-24
3633034.7939513903 4.9739655772029964e-24
3640488.354858026 4.936838047365278e-24
3647957.2075450285 4.8996343464143196e-24
3655441.3833851567 4.862354318076759e-24
3662940.91381549 4.824997805758841e-24
3670455.830337603 4.787564652545542e-24
3677986.1645177454 4.7500547011996955e-24
3685531.947986867 4.712467794161825e-24
3693093.2124408726 4.6748037735489316e-24
3700669.989640651 4.637062481154302e-24
3708262.3114122483 4.5992437584466595e-24
3715870.2096470552 4.56134744656925e-24
3723493.716301826 4.5233733863397206e-24
3731132.863398941 4.485321418248821e-24
3738787.6830264153 4.44719138246037e-24
3746458.20733816 4.408983118809941e-24
3754144.468554003 4.3706964668047646e-24
3761846.4989598803 4.3323312656227836e-24
3769564.3309080056 4.2938873541117856e-24
3777297.9968169113 4.255364570789224e-24
3785047.5291716964 4.216762753840962e-24
3792812.960524048 4.178081741121182e-24
3800594.3234924986 4.1393213701511034e-24
3808391.6507624513 4.10048147811884e-24
3816204.97508637 4.061561901878464e-24
3824034.329283959 4.022562477949118e-24
3831879.746242196 3.983483042514848e-24
3839741.258915587 3.9443234314233075e-24
3847618.9003261896 3.905083480185688e-24
3855512.703563872 3.865763023975393e-24
3863422.7017863397 3.826361897627912e-24
3871348.928219328 3.786879935639874e-24
3879291.4161567856 3.747316972168125e-24
3887250.1989609012 3.707672841029586e-24
3895225.310062377 3.667947375699914e-24
3903216.782960449 3.628140409313368e-24
3911224.651223087 3.58825177466185e-24
3919248.9484871705 3.548281304194001e-24
3927289.7084585293 3.508228830015008e-24
3935346.964912207 3.468094183885297e-24
3943420.751692475 3.5532639876072215e-24
3951511.1027131053 3.531619177913358e-24
3959618.0519574 3.509929961568714e-24
3967741.6334783793 3.488196247468324e-24
3975881.8813989777 3.4664179443201764e-24
3984038.8299120716 3.4445949606451375e-24
3992212.51328075 3.422727204776228e-24
4000402.9658383336 3.400814584858568e-24
4008610.2219886477 3.37885700884866e-24
4016834.316206049 3.356854384514298e-24
4025075.2830356243 3.334806619434051e-24
4033333.1570933815 3.3127136209967456e-24
4041607.973066281 3.290575296401382e-24
4049899.7657125136 3.2683915526563934e-24
4058208.5698615313 3.246162296579559e-24
4066534.4204142406 3.223887434797494e-24
4074877.352343203 3.2015668737451022e-24
4083237.4006926618 3.179200519665522e-24
4091614.6005788245 3.1567882786093458e-24
4100008.9871898773 3.134330056434608e-24
4108420.5957862632 3.1118257588060157e-24
4116849.461700719 3.089275291194875e-24
4125295.6203384683 3.0666785588785547e-24
4133759.1071774233 3.0440354669399546e-24
4142239.9577682135 3.0213459202674242e-24
4150738.2077344754 2.9986098235539992e-24
4159253.892772861 2.9758270812973622e-24
4167787.0486533265 2.952997597799086e-24
4176337.7112191636 2.930121277164538e-24
4184905.9163872 2.907198023302351e-24
4193491.700148002 2.8842277399238773e-24
4202095.098565902 2.8612103305431117e-24
4210716.147779299 2.8381456984759055e-24
4219354.884000658 2.8150337468399388e-24
4228011.343516809 2.791874378553949e-24
4236685.562688977 2.7686674963376286e-24
4245377.577952987 2.7454130027110983e-24
4254087.425819464 2.7221107999943467e-24
4262815.142873876 2.6987607903071434e-24
4271560.765776809 2.6753628755682664e-24
4280324.331264022 2.651916957495402e-24
4289105.876146631 2.6284229376046083e-24
4297905.437311334 2.6048807172097427e-24
4306723.051720432 2.581290197422395e-24
4315558.756412126 2.557651279151083e-24
4324412.588500543 2.5339638631012107e-24
4333284.585176015 2.510227849774286e-24
4342174.783705126 2.486443139467827e-24
4351083.221430914 2.4626096322747964e-24
4360009.935773086 2.4387272280830534e-24
4368954.964228046 2.4147958265752445e-24
4377918.344369199 2.3908153272280254e-24
4386900.113846964 2.3667856293120004e-24
4395900.310389073 2.3427066318909293e-24
4404918.971800611 2.318578233821631e-24
4413956.135964221 2.2944003337534213e-24
4423011.840840321 2.365175632959284e-24
4432086.124467138 2.3534461776768184e-24
4441179.024961009 2.3416926581575944e-24
4450290.5805164175 2.3299150250312696e-24
4459420.829406206 2.3181132288262147e-24
4468569.809981795 2.306287219969231e-24
4477737.56067321 2.294436948785513e-24
4486924.119989399 2.2825623654982426e-24
4496129.526518233 2.27066342022858e-24
4505353.818926834 2.258740062995253e-24
4514597.035961591 2.2467922437145225e-24
4523859.216448387 2.2348199121998953e-24
4533140.399292818 2.222823018161844e-24
4542440.623480224 2.2108015112077637e-24
4551759.928076 2.1987553408415664e-24
4561098.352225616 2.1866844564636617e-24
4570455.935154926 2.1745888073705538e-24
4579832.716170205 2.1624683427547957e-24
4589228.734658368 2.1503230117047024e-24
4598644.030087195 2.1381527632040643e-24
4608078.64200536 2.125957546132108e-24
4617532.610042754 2.1137373092630772e-24
4627005.973910494 2.101492001266224e-24
4636498.7734012455 2.0892215707053866e-24
4646011.04838926 2.0769259660389535e-24
4655542.838830589 2.06460513561957e-24
4665094.18476332 2.052259027693845e-24
4674665.126307603 2.03988759040231e-24
4684255.703665978 2.0274907717790025e-24
4693865.957123406 2.015068519751422e-24
4703495.9270474985 2.002620782140233e-24
4713145.6538887415 1.9901475066589738e-24
4722815.1781805325 1.9776486409140128e-24
4732504.540539506 1.9651241324041274e-24
4742213.781665547 1.952573928520483e-24
4751942.942342119 1.93999797654621e-24
4761692.0634363 1.927396223656362e-24
4771461.185899009 1.9147686169176165e-24
4781250.35076524 1.902115103287977e-24
4791059.599154099 1.8894356296167237e-24
4800888.9722691225 1.8767301426439966e-24
4810738.511398313 1.8639985890007642e-24
4820608.257914449 1.8512409152084016e-24
4830498.253275137 1.8384570676786464e-24
4840408.539023035 1.8256469927132922e-24
4850339.156786089 1.8128106365038857e-24
4860290.148277571 1.7999479451316865e-24
4870261.555296415 1.7870588645672283e-24
4880253.419727244 1.7741433406702763e-24
4890265.783540616 1.761201319189522e-24
4900298.688793256 1.7482327457622737e-24
4910352.177628091 1.7352375659144154e-24
4920426.292274589 1.7222157250599677e-24
4930521.075048775 1.7091671685010658e-24
4940636.5683535775 1.6960918414275203e-24
4950772.81467885 1.682989688916772e-24
4960929.856601621 1.597001129773682e-24
4971107.736786333 1.589123014086354e-24
4981306.497984877 1.5812287355989484e-24
4991526.183036935 1.5733182611517144e-24
5001766.834869998 1.5653915575169344e-24
5012028.496499707 1.5574485913986546e-24
5022311.211029899 1.5494893294326604e-24
5032615.0216528345 1.541513738186288e-24
5042939.971649458 1.5335217841582323e-24
5053286.10438942 1.5255134337785232e-24
5063653.463331435 1.5174886534082518e-24
5074042.092023314 1.5094474093395456e-24
5084452.034102212 1.5013896677953746e-24
5094883.33329487 1.4933153949293667e-24
5105336.033417662 1.4852245568257705e-24
5115810.178376932 1.477117119499192e-24
5126305.812169024 1.4689930488945752e-24
5136822.978880627 1.460852310886931e-24
5147361.7226888165 1.4526948712813103e-24
5157922.087861301 1.4445206958126077e-24
5168504.118756674 1.4363297501453704e-24
5179107.859824448 1.4281219998737689e-24
5189733.355605414 1.4198974105213207e-24
5200380.650731662 1.4116559475408757e-24
5211049.789926929 1.4033975763143428e-24
5221740.818006649 1.3951222621526553e-24
5232453.779878194 1.38682997029558e-24
5243188.720541138 1.3785206659115183e-24
5253945.685087287 1.3701943140974799e-24
5264724.718701045 1.361850879878796e-24
5275525.86665943 1.3534903282091146e-24
5286349.174332437 1.3451126239701145e-24
5297194.687183079 1.3367177319714735e-24
5308062.45076764 1.3283056169506748e-24
5318952.510735932 1.319876243572806e-24
5329864.912831337 1.3114295764305283e-24
5340799.702891171 1.3029655800437937e-24
5351756.926846724 1.2944842188598145e-24
5362736.63072352 1.2859854572528608e-24
5373738.8606415745 1.2774692595240631e-24
5384763.662815434 1.2689355899013807e-24
5395811.083554551 1.260384412539312e-24
5406881.169263296 1.2518156915188847e-24
5417973.9664413305 1.2432293908473665e-24
5429089.521683651 1.2346254744582323e-24
5440227.881680845 1.2260039062109647e-24
5451389.093219362 1.217364649890846e-24
5462573.203181549 1.2087076692089304e-24
5473780.258546022 1.2000329278017527e-24
5485010.306387694 1.1913403892313132e-24
5496263.393878143 1.182630016984786e-24
5507539.568285663 1.1739017744744873e-24
5518838.876975518 1.16515562503767e-24
5530161.367410218 1.1563915319363166e-24
5541507.087149555 1.1476094583571091e-24
5552876.083850987 1.1388093674111301e-24
5564268.405269679 1.176493692103612e-24
5575684.099258767 1.1705460254808997e-24
5587123.213769638 1.164586156581583e-24
5598585.796851958 1.1586140603714056e-24
5610071.8966540685 1.1526297117647028e-24
5621581.561422996 1.146633085624392e-24
5633114.839504847 1.1406241567617703e-24
5644671.779344847 1.1346028999364944e-24
5656252.429487609 1.1285692898564376e-24
5667856.838577409 1.1225233011775476e-24
5679485.055358234 1.1164649085038235e-24
5691137.128674163 1.1103940863871142e-24
5702813.10746939 1.104310809327108e-24
5714513.0407886235 1.0982150517711262e-24
5726236.977777114 1.0921067881141049e-24
5737984.967680945 1.0859859926984467e-24
5749757.0598473 1.0798526398138786e-24
5761553.303724511 1.0737067036974308e-24
5773373.748862453 1.0675481585332258e-24
5785218.444912564 1.0613769784524744e-24
5797087.44162824 1.055193137533264e-24
5808980.788864884 1.0489966098005375e-24
5820898.536580176 1.0427873692259477e-24
5832840.734834369 1.036565389727709e-24
5844807.433790318 1.0303306451705782e-24
5856798.6837138925 1.0240831093656405e-24
5868814.534974014 1.0178227560702901e-24
5880855.038042941 1.011549558988083e-24
5892920.243496555 1.0052634917685859e-24
5905010.2020144 9.989645280073559e-25
5917124.964380094 9.926526412457276e-25
5929264.581481345 9.863278049708038e-25
5941429.104310361 9.799899926152422e-25
5953618.58396389 9.736391775572332e-25
5965833.071643513 9.672753331203497e-25
5978072.61865593 9.608984325733962e-25
5990337.276413005 9.545084491303871e-25
6002627.096432171 9.48105355950331e-25
6014942.130336465 9.416891261372207e-25
6027282.429854926 9.352597327398174e-25
6039648.046822651 9.288171487516271e-25
6052039.033181079 9.223613471107505e-25
6064455.440978288 9.15892300699728e-25
6076897.32236904 9.094099823455175e-25
6089364.7296151975 9.029143648192766e-25
6101857.715085766 8.964054208363392e-25
6114376.331257195 8.898831230560623e-25
6126920.63071367 8.833474440816704e-25
6139490.666147155 8.767983564602332e-25
6152086.490357822 8.702358326824464e-25
6164708.156254066 8.63659845182618e-25
6177355.716852928 8.570703663384512e-25
6190029.225280144 8.504673684710182e-25
6202728.734770448 8.43850823844604e-25
6215454.29866786 8.372207046665518e-25
6228205.970425744 8.305769830872387e-25
6240983.803607229 7.702962274509401e-25
6253787.851885232 7.664977742347692e-25
6266618.169042891 7.626915280840322e-25
6279474.808973605 7.588774730106949e-25
6292357.825681345 7.55055592993922e-25
6305267.273280951 7.512258719799864e-25
6318203.205998185 7.473882938822563e-25
6331165.678170158 7.435428425810653e-25
6344154.7442453625 7.396895019237067e-25
6357170.458784095 7.358282557243037e-25
6370212.8764585145 7.319590877637961e-25
6383282.052052943 7.280819817898486e-25
6396378.040464181 7.2419692151675785e-25
6409500.896701546 7.20303890625442e-25
6422650.675887322 7.164028727633056e-25
6435827.433256801 7.124938515442288e-25
6449031.224158596 7.085768105484732e-25
6462262.104054954 7.046517333225906e-25
6475520.128521803 7.007186033794076e-25
6488805.353249196 6.967774041978948e-25
6502117.834041336 6.928281192231588e-25
6515457.626817015 6.88870731866311e-25
6528824.787609678 6.849052255044529e-25
6542219.37256772 6.80931583480582e-25
6555641.437954814 6.769497891034979e-25
6569091.040149959 6.72959825647789e-25
6582568.235647923 6.689616763536979e-25
6596073.081059279 6.649553244271136e-25
6609605.633110844 6.6094075303944e-25
6623165.948645739 6.569179453275773e-25
6636754.084623704 6.528868843938306e-25
6650370.098121417 6.488475533058128e-25
6664014.04633255 6.447999350964312e-25
6677685.986568222 6.4074401276375015e-25
6691385.976257046 6.366797692709774e-25
6705114.07294546 6.326071875463681e-25
6718870.334298047 6.285262504831275e-25
6732654.818097584 6.244369409393985e-25
6746467.582245506 6.203392417381215e-25
6760308.684761928 6.162331356670304e-25
6774178.183786112 6.121186054785124e-25
6788076.137576511 6.079956338895946e-25
6802002.604511109 6.038642035818462e-25
6815957.643087735 5.997242972012805e-25
6829941.311924126 5.95575897358341e-25
6843953.669758389 5.914189866277617e-25
6857994.775449026 5.872535475485584e-25
6872064.6879754085 5.830795626238927e-25
6886163.466437822 5.78897014321053e-25
6900291.170057809 5.747058850713582e-25
6914447.858178488 5.705061572700581e-25
6928633.590264619 5.66297813276317e-25
6942848.425903072 5.62080835413075e-25
6957092.424802851 5.578552059670387e-25
6971365.646795576 5.536209071885401e-25
6985668.15183553 5.493779212915213e-25
7000000.0 5.879197736485312e-25
10689958.902486885 1e-300
16325031.619551228 1e-300
24930559.584971644 1e-300
38072379.62562104 1e-300
58141739.07396673 1e-300
88790400.17426002 1e-300
135595104.1140291 1e-300
207072298.62248632 1e-300
316227766.01683795 1e-300
