800.0 4.030984587502882e-15
897.6147634415704 3.6191856303765016e-15
1007.140329435334 3.238926660093437e-15
1130.0300356982032 2.8895811998663635e-15
1267.9145539688911 2.5681652973392575e-15
1422.6235280311382 2.2761254347192414e-15
1596.2098519751032 2.011682326594123e-15
1790.9769108546718 1.7729536986730836e-15
2009.5091452076636 1.5581170062044945e-15
2254.706345011564 1.3654865419228357e-15
2529.8221281347037 1.1924488741031816e-15
2838.5071138686026 1.0382162214412881e-15
3184.8573644279786 9.011012916216183e-16
3573.468737207704 7.795510563607771e-16
4009.4978690181797 6.72064208851621e-16
4498.730601522792 5.771683752604927e-16
5047.658755841544 4.931037538697736e-16
5663.566275073104 4.193645119291295e-16
6354.625877794251 3.5495072117103936e-16
7130.007505069967 2.9895961146174866e-16
8000.0 2.506068162207872e-16
8976.147634415709 2.0921014101161573e-16
10071.40329435334 1.7391012794349736e-16
11300.300356982032 1.4396307782174623e-16
12679.145539688907 1.1863414723884033e-16
14226.235280311384 9.724324980167568e-17
15962.09851975104 7.923044072066664e-17
17909.76910854672 6.415850289624443e-17
20095.091452076635 5.1501779961384536e-17
22547.06345011563 4.106043611465393e-17
25298.221281347032 3.248482745397621e-17
28385.071138686042 2.5493013516010185e-17
31848.57364427979 1.983872508684916e-17
35734.68737207704 1.530037101034097e-17
40094.97869018178 1.1656833840596907e-17
44987.30601522793 8.788638409389392e-18
50476.587558415464 6.556517175274037e-18
56635.66275073104 4.837053057109133e-18
63546.25877794251 3.527324204043694e-18
71300.07505069964 2.543201440207523e-18
80000.0 1.805890074568192e-18
89761.47634415708 1.264989622821394e-18
100714.03294353338 8.7407954468928e-19
113003.00356982037 5.958723449593513e-19
126791.45539688908 4.00683147903096e-19
142262.35280311384 2.6545772179591573e-19
159620.98519751037 1.7249558821065147e-19
179097.69108546714 1.1069712382835775e-19
200950.9145207664 7.00016292325224e-20
225470.6345011563 4.358967913667133e-20
252982.21281347034 2.6749005901555822e-20
283850.7113868604 1.621476953049274e-20
318485.73644279776 9.769148400497263e-21
357346.8737207705 5.913668044329943e-21
400949.7869018178 3.621843991570528e-21
449873.0601522793 2.240070875616625e-21
504765.8755841546 1.4048308087711886e-21
566356.6275073104 8.93038438913378e-22
635462.5877794252 5.411142882673675e-22
713000.7505069965 2.781313471448744e-22
800000.0 1.5164837827082375e-22
1554660.4270332805 1e-300
3021211.304229127 1e-300
5871197.070488283 1e-300
11409647.181002323 1e-300
22172658.698395114 1e-300
43088693.80063765 1e-300
83735358.88050696 1e-300
162725060.99369273 1e-300
316227766.01683795 1e-300
