10098.1660887 1.4507024904e-20
28114.0014272 5.44903019356e-21
46129.8367657 3.37163883802e-21
64145.6721042 2.44344670839e-21
82161.5074427 1.92238686496e-21
100177.342781 1.57696958748e-21
118193.17812 1.34190110467e-21
136209.013458 1.16545341732e-21
154224.848797 1.02781437204e-21
172240.684135 9.20103412986e-22
190256.519474 8.31848126498e-22
208272.354812 7.57013731064e-22
226288.190151 6.92684186121e-22
244304.025489 6.42028005184e-22
262319.860828 5.96324871966e-22
280335.696166 5.55966348709e-22
298351.531505 5.22108668277e-22
316367.366843 4.90269968633e-22
334383.202182 4.63932874152e-22
352399.03752 4.38679452071e-22
370414.872859 4.1703795167e-22
388430.708197 3.97154189138e-22
406446.543536 3.78216900644e-22
424462.378874 3.62181101376e-22
442478.214213 3.46145302108e-22
460494.049551 3.31898215633e-22
478509.88489 3.19281335343e-22
496525.720228 3.06664455053e-22
514541.555567 2.95222105436e-22
532557.390905 2.85114027704e-22
550573.226244 2.75005949972e-22
568589.061582 2.64984006325e-22
586604.896921 2.57009098131e-22
604620.732259 2.49034189937e-22
622636.567598 2.41059281742e-22
640652.402936 2.33405309811e-22
658668.238275 2.2708181823e-22
676684.073613 2.20758326649e-22
694699.908952 2.14434835068e-22
712715.74429 2.08111343487e-22
730731.579629 2.02870103419e-22
748747.414967 1.9777782286e-22
766763.250306 1.926855423e-22
784779.085644 1.87593261741e-22
802794.920983 1.82538419017e-22
820810.756321 1.78454205094e-22
838826.59166 1.74369991171e-22
856842.426998 1.70285777248e-22
874858.262337 1.66201563325e-22
892874.097675 1.62117349402e-22
910889.933014 1.58565352204e-22
928905.768352 1.55361614668e-22
946921.603691 1.52157877132e-22
964937.439029 1.48954139596e-22
982953.274368 1.45750402059e-22
1000969.10971 1.42546664523e-22
1018984.94504 1.39697307824e-22
1037000.78038 1.37189930749e-22
1055016.61572 1.34682553674e-22
1073032.45106 1.32175176599e-22
1091048.2864 1.29667799524e-22
1109064.12174 1.27160422449e-22
1127079.95708 1.24653045374e-22
1145095.79241 1.22492702432e-22
1163111.62775 1.20503616855e-22
1181127.46309 1.18514531277e-22
1199143.29843 1.16525445699e-22
1217159.13377 1.14536360122e-22
1235174.96911 1.12547274544e-22
1253190.80445 1.10558188966e-22
1271206.63978 1.08569103388e-22
1289222.47512 1.06989420726e-22
1307238.31046 1.05411498816e-22
1325254.1458 1.03833576906e-22
1343269.98114 1.02255654997e-22
1361285.81648 1.00677733087e-22
1379301.65181 9.9099811177e-23
1397317.48715 9.75218892673e-23
1415333.32249 9.59439673575e-23
1433349.15783 9.44907881438e-23
1451364.99317 9.32364446038e-23
1469380.82851 9.19821010638e-23
1487396.66385 9.07277575237e-23
1505412.49918 8.94734139837e-23
1523428.33452 8.82190704437e-23
1541444.16986 8.69647269036e-23
1559460.0052 8.57103833636e-23
1577475.84054 8.44560398236e-23
1595491.67588 8.32016962835e-23
1613507.51122 8.21394569251e-23
1631523.34655 8.11501950428e-23
1649539.18189 8.01609331604e-23
1667555.01723 7.91716712781e-23
1685570.85257 7.81824093957e-23
1703586.68791 7.71931475134e-23
1721602.52325 7.62038856311e-23
1739618.35858 7.52146237487e-23
1757634.19392 7.42253618664e-23
1775650.02926 7.3236099984e-23
1793665.8646 7.22468381017e-23
1811681.69994 7.14505889045e-23
1829697.53528 7.06793985381e-23
1847713.37062 6.99082081716e-23
1865729.20595 6.91370178051e-23
1883745.04129 6.83658274386e-23
1901760.87663 6.75946370721e-23
1919776.71197 6.68234467057e-23
1937792.54731 6.60522563392e-23
1955808.38265 6.52810659727e-23
1973824.21799 6.45098756062e-23
1991840.05332 6.37386852398e-23
2009855.88866 6.29674948733e-23
2027871.724 6.23124924265e-23
2045887.55934 6.17020385081e-23
2063903.39468 6.10915845898e-23
2081919.23002 6.04811306714e-23
2099935.06535 5.98706767531e-23
2117950.90069 5.92602228347e-23
2135966.73603 5.86497689164e-23
2153982.57137 5.8039314998e-23
2171998.40671 5.74288610797e-23
2190014.24205 5.68184071613e-23
2208030.07739 5.6207953243e-23
2226045.91272 5.55974993246e-23
2244061.74806 5.49870454063e-23
2262077.5834 5.43860214325e-23
2280093.41874 5.38986932856e-23
2298109.25408 5.34113651387e-23
2316125.08942 5.29240369917e-23
2334140.92476 5.24367088448e-23
2352156.76009 5.19493806979e-23
2370172.59543 5.1462052551e-23
2388188.43077 5.0974724404e-23
2406204.26611 5.04873962571e-23
2424220.10145 5.00000681102e-23
2442235.93679 4.95127399633e-23
2460251.77212 4.90254118163e-23
2478267.60746 4.85380836694e-23
2496283.4428 4.80507555225e-23
2514299.27814 4.75634273756e-23
2532315.11348 4.70760992286e-23
2550330.94882 4.66676638274e-23
2568346.78416 4.62834320599e-23
2586362.61949 4.58992002924e-23
2604378.45483 4.55149685249e-23
2622394.29017 4.51307367574e-23
2640410.12551 4.47465049899e-23
2658425.96085 4.43622732224e-23
2676441.79619 4.39780414549e-23
2694457.63153 4.35938096874e-23
2712473.46686 4.32095779199e-23
2730489.3022 4.28253461524e-23
2748505.13754 4.24411143849e-23
2766520.97288 4.20568826174e-23
2784536.80822 4.16726508498e-23
2802552.64356 4.12884190823e-23
2820568.47889 4.09041873148e-23
2838584.31423 4.05199555473e-23
2856600.14957 4.01845557291e-23
2874615.98491 3.98837104127e-23
2892631.82025 3.95828650963e-23
2910647.65559 3.92820197799e-23
2928663.49093 3.89811744635e-23
2946679.32626 3.86803291471e-23
2964695.1616 3.83794838307e-23
2982710.99694 3.80786385143e-23
3000726.83228 3.77777931979e-23
3018742.66762 3.74769478815e-23
3036758.50296 3.71761025651e-23
3054774.3383 3.68752572487e-23
3072790.17363 3.65744119323e-23
3090806.00897 3.62735666159e-23
3108821.84431 3.59727212995e-23
3126837.67965 3.56718759831e-23
3144853.51499 3.53710306667e-23
3162869.35033 3.50701853503e-23
3180885.18566 3.47693400339e-23
3198901.021 3.44881573348e-23
3216916.85634 3.42507897244e-23
3234932.69168 3.4013422114e-23
3252948.52702 3.37760545037e-23
3270964.36236 3.35386868933e-23
3288980.1977 3.33013192829e-23
3306996.03303 3.30639516726e-23
3325011.86837 3.28265840622e-23
3343027.70371 3.25892164518e-23
3361043.53905 3.23518488414e-23
3379059.37439 3.21144812311e-23
3397075.20973 3.18771136207e-23
3415091.04507 3.16397460103e-23
3433106.8804 3.14023783999e-23
3451122.71574 3.11650107896e-23
3469138.55108 3.09276431792e-23
3487154.38642 3.06902755688e-23
3505170.22176 3.04529079585e-23
3523186.0571 3.02155403481e-23
3541201.89243 2.99781727377e-23
3559217.72777 2.97408051273e-23
3577233.56311 2.9503437517e-23
3595249.39845 2.93041395143e-23
3613265.23379 2.9122601241e-23
3631281.06913 2.89410629677e-23
3649296.90447 2.87595246944e-23
3667312.7398 2.85779864211e-23
3685328.57514 2.83964481478e-23
3703344.41048 2.82149098745e-23
3721360.24582 2.80333716012e-23
3739376.08116 2.78518333279e-23
3757391.9165 2.76702950546e-23
3775407.75184 2.74887567813e-23
3793423.58717 2.7307218508e-23
3811439.42251 2.71256802347e-23
3829455.25785 2.69441419614e-23
3847471.09319 2.67626036881e-23
3865486.92853 2.65810654148e-23
3883502.76387 2.63995271415e-23
3901518.5992 2.62179888682e-23
3919534.43454 2.60364505949e-23
3937550.26988 2.58549123216e-23
3955566.10522 2.56733740484e-23
3973581.94056 2.54918357751e-23
3991597.7759 2.53102975018e-23
4009613.61124 2.51287592285e-23
4027629.44657 2.49648683328e-23
4045645.28191 2.48258507585e-23
4063661.11725 2.46868331842e-23
4081676.95259 2.45478156099e-23
4099692.78793 2.44087980355e-23
4117708.62327 2.42697804612e-23
4135724.45861 2.41307628869e-23
4153740.29394 2.39917453126e-23
4171756.12928 2.38527277382e-23
4189771.96462 2.37137101639e-23
4207787.79996 2.35746925896e-23
4225803.6353 2.34356750153e-23
4243819.47064 2.32966574409e-23
4261835.30597 2.31576398666e-23
4279851.14131 2.30186222923e-23
4297866.97665 2.2879604718e-23
4315882.81199 2.27405871436e-23
4333898.64733 2.26015695693e-23
4351914.48267 2.2462551995e-23
4369930.31801 2.23235344207e-23
4387946.15334 2.21845168463e-23
4405961.98868 2.2045499272e-23
4423977.82402 2.19064816977e-23
4441993.65936 2.17674641234e-23
4460009.4947 2.1628446549e-23
4478025.33004 2.14894289747e-23
4496041.16538 2.13504114004e-23
4514057.00071 2.12168184592e-23
4532072.83605 2.11067843522e-23
4550088.67139 2.09967502452e-23
4568104.50673 2.08867161382e-23
4586120.34207 2.07766820312e-23
4604136.17741 2.06666479241e-23
4622152.01274 2.05566138171e-23
4640167.84808 2.04465797101e-23
4658183.68342 2.03365456031e-23
4676199.51876 2.02265114961e-23
4694215.3541 2.01164773891e-23
4712231.18944 2.00064432821e-23
4730247.02478 1.98964091751e-23
4748262.86011 1.97863750681e-23
4766278.69545 1.9676340961e-23
4784294.53079 1.9566306854e-23
4802310.36613 1.9456272747e-23
4820326.20147 1.934623864e-23
4838342.03681 1.9236204533e-23
4856357.87215 1.9126170426e-23
4874373.70748 1.9016136319e-23
4892389.54282 1.8906102212e-23
4910405.37816 1.8796068105e-23
4928421.2135 1.8686033998e-23
4946437.04884 1.85759998909e-23
4964452.88418 1.84659657839e-23
4982468.71951 1.83559316769e-23
5000484.55485 1.82458975699e-23
5018500.39019 1.81358634629e-23
5036516.22553 1.80258293559e-23
5054532.06087 1.79157952489e-23
5072547.89621 1.78234302626e-23
5090563.73155 1.77411344629e-23
5108579.56688 1.76588386633e-23
5126595.40222 1.75765428636e-23
5144611.23756 1.74942470639e-23
5162627.0729 1.74119512643e-23
5180642.90824 1.73296554646e-23
5198658.74358 1.7247359665e-23
5216674.57892 1.71650638653e-23
5234690.41425 1.70827680656e-23
5252706.24959 1.7000472266e-23
5270722.08493 1.69181764663e-23
5288737.92027 1.68358806667e-23
5306753.75561 1.6753584867e-23
5324769.59095 1.66712890674e-23
5342785.42628 1.65889932677e-23
5360801.26162 1.6506697468e-23
5378817.09696 1.64244016684e-23
5396832.9323 1.63421058687e-23
5414848.76764 1.62598100691e-23
5432864.60298 1.61775142694e-23
5450880.43832 1.60952184698e-23
5468896.27365 1.60129226701e-23
5486912.10899 1.59306268704e-23
5504927.94433 1.58483310708e-23
5522943.77967 1.57660352711e-23
5540959.61501 1.56837394715e-23
5558975.45035 1.56014436718e-23
5576991.28569 1.55191478722e-23
5595007.12102 1.54368520725e-23
5613022.95636 1.53545562728e-23
5631038.7917 1.52722604732e-23
5649054.62704 1.51899646735e-23
5667070.46238 1.51076688739e-23
5685086.29772 1.50326295282e-23
5703102.13305 1.49705388432e-23
5721117.96839 1.49084481582e-23
5739133.80373 1.48463574732e-23
5757149.63907 1.47842667882e-23
5775165.47441 1.47221761032e-23
5793181.30975 1.46600854182e-23
5811197.14509 1.45979947332e-23
5829212.98042 1.45359040482e-23
5847228.81576 1.44738133632e-23
5865244.6511 1.44117226782e-23
5883260.48644 1.43496319932e-23
5901276.32178 1.42875413082e-23
5919292.15712 1.42254506232e-23
5937307.99246 1.41633599382e-23
5955323.82779 1.41012692532e-23
5973339.66313 1.40391785682e-23
5991355.49847 1.39770878832e-23
6009371.33381 1.39149971982e-23
6027387.16915 1.38529065132e-23
6045403.00449 1.37908158282e-23
6063418.83982 1.37287251433e-23
6081434.67516 1.36666344583e-23
6099450.5105 1.36045437733e-23
6117466.34584 1.35424530883e-23
6135482.18118 1.34803624033e-23
6153498.01652 1.34182717183e-23
6171513.85186 1.33561810333e-23
6189529.68719 1.32940903483e-23
6207545.52253 1.32319996633e-23
6225561.35787 1.31699089783e-23
6243577.19321 1.31078182933e-23
6261593.02855 1.30457276083e-23
6279608.86389 1.29836369233e-23
6297624.69923 1.29215462383e-23
6315640.53456 1.28594555533e-23
6333656.3699 1.27973648683e-23
6351672.20524 1.27352741833e-23
6369688.04058 1.26731834983e-23
6387703.87592 1.2623877122e-23
6405719.71126 1.25760109067e-23
6423735.54659 1.25281446913e-23
6441751.38193 1.24802784759e-23
6459767.21727 1.24324122605e-23
6477783.05261 1.23845460452e-23
6495798.88795 1.23366798298e-23
6513814.72329 1.22888136144e-23
6531830.55863 1.2240947399e-23
6549846.39396 1.21930811837e-23
6567862.2293 1.21452149683e-23
6585878.06464 1.20973487529e-23
6603893.89998 1.20494825375e-23
6621909.73532 1.20016163222e-23
6639925.57066 1.19537501068e-23
6657941.406 1.19058838914e-23
6675957.24133 1.1858017676e-23
6693973.07667 1.18101514607e-23
6711988.91201 1.17622852453e-23
6730004.74735 1.17144190299e-23
6748020.58269 1.16665528145e-23
6766036.41803 1.16186865991e-23
6784052.25336 1.15708203838e-23
6802068.0887 1.15229541684e-23
6820083.92404 1.1475087953e-23
6838099.75938 1.14272217376e-23
6856115.59472 1.13793555223e-23
6874131.43006 1.13314893069e-23
6892147.2654 1.12836230915e-23
6910163.10073 1.12357568761e-23
6928178.93607 1.11878906608e-23
6946194.77141 1.11400244454e-23
6964210.60675 1.109215823e-23
6982226.44209 1.10442920146e-23
7000242.27743 1.09964257993e-23
7018258.11277 1.09485595839e-23
7036273.9481 1.09006933685e-23
7054289.78344 1.08528271531e-23
7072305.61878 1.08049609378e-23
7090321.45412 1.07570947224e-23
7108337.28946 1.0709228507e-23
7126353.1248 1.06613622916e-23
7144368.96013 1.06134960763e-23
7162384.79547 1.05731882449e-23
7180400.63081 1.05354607994e-23
7198416.46615 1.04977333538e-23
7216432.30149 1.04600059082e-23
7234448.13683 1.04222784627e-23
7252463.97217 1.03845510171e-23
7270479.8075 1.03468235715e-23
7288495.64284 1.03090961259e-23
7306511.47818 1.02713686804e-23
7324527.31352 1.02336412348e-23
7342543.14886 1.01959137892e-23
7360558.9842 1.01581863436e-23
7378574.81954 1.01204588981e-23
7396590.65487 1.00827314525e-23
7414606.49021 1.00450040069e-23
7432622.32555 1.00072765614e-23
7450638.16089 9.96954911578e-24
7468653.99623 9.93182167021e-24
7486669.83157 9.89409422464e-24
7504685.6669 9.85636677907e-24
7522701.50224 9.81863933349e-24
7540717.33758 9.78091188792e-24
7558733.17292 9.74318444235e-24
7576749.00826 9.70545699678e-24
7594764.8436 9.6677295512e-24
7612780.67894 9.63000210563e-24
7630796.51427 9.59227466006e-24
7648812.34961 9.55454721449e-24
7666828.18495 9.51681976891e-24
7684844.02029 9.47909232334e-24
7702859.85563 9.44136487777e-24
7720875.69097 9.4036374322e-24
7738891.52631 9.36590998662e-24
7756907.36164 9.32818254105e-24
7774923.19698 9.29045509548e-24
7792939.03232 9.25272764991e-24
7810954.86766 9.21500020433e-24
7828970.703 9.17727275876e-24
7846986.53834 9.13954531319e-24
7865002.37367 9.10181786762e-24
7883018.20901 9.06409042204e-24
7901034.04435 9.02636297647e-24
7919049.87969 8.9886355309e-24
7937065.71503 8.95090808533e-24
7955081.55037 8.91318063975e-24
7973097.38571 8.87545319418e-24
7991113.22104 8.83772574861e-24
8009129.05638 8.79999830304e-24
8027144.89172 8.76635001744e-24
8045160.72706 8.74110709018e-24
8063176.5624 8.71586416293e-24
8081192.39774 8.69062123568e-24
8099208.23308 8.66537830843e-24
8117224.06841 8.64013538118e-24
8135239.90375 8.61489245392e-24
8153255.73909 8.58964952667e-24
8171271.57443 8.56440659942e-24
8189287.40977 8.53916367217e-24
8207303.24511 8.51392074492e-24
8225319.08044 8.48867781766e-24
8243334.91578 8.46343489041e-24
8261350.75112 8.43819196316e-24
8279366.58646 8.41294903591e-24
8297382.4218 8.38770610866e-24
8315398.25714 8.3624631814e-24
8333414.09248 8.33722025415e-24
8351429.92781 8.3119773269e-24
8369445.76315 8.28673439965e-24
8387461.59849 8.2614914724e-24
8405477.43383 8.23624854514e-24
8423493.26917 8.21100561789e-24
8441509.10451 8.18576269064e-24
8459524.93985 8.16051976339e-24
8477540.77518 8.13527683614e-24
8495556.61052 8.11003390888e-24
8513572.44586 8.08479098163e-24
8531588.2812 8.05954805438e-24
8549604.11654 8.03430512713e-24
8567619.95188 8.00906219988e-24
8585635.78721 7.98381927262e-24
8603651.62255 7.95857634537e-24
8621667.45789 7.93333341812e-24
8639683.29323 7.90809049087e-24
8657699.12857 7.88284756362e-24
8675714.96391 7.85760463636e-24
8693730.79925 7.83236170911e-24
8711746.63458 7.80711878186e-24
8729762.46992 7.78187585461e-24
8747778.30526 7.75663292736e-24
8765794.1406 7.7313900001e-24
8783809.97594 7.70614707285e-24
8801825.81128 7.6809041456e-24
8819841.64662 7.65566121835e-24
8837857.48195 7.6304182911e-24
8855873.31729 7.60517536384e-24
8873889.15263 7.57993243659e-24
8891904.98797 7.55468950934e-24
8909920.82331 7.52944658209e-24
8927936.65865 7.50420365484e-24
8945952.49398 7.47896072758e-24
8963968.32932 7.45371780033e-24
8981984.16466 7.42847487308e-24
9000000.0 7.40323194583e-24
13365750.2503 1e-300
19849253.3058 1e-300
29477795.8156 1e-300
43776984.0888 1e-300
65012470.6713 1e-300
96548938.4606 1e-300
143383222.044 1e-300
212936037.324 1e-300
316227766.017 1e-300
