400.0 2.3922962203690484e-16
448.8073817207852 2.182276970738189e-16
503.570164717667 1.9866510014958615e-16
565.0150178491016 1.8037086676763692e-16
633.9572769844456 1.6340084283233282e-16
711.3117640155691 1.4755068188258939e-16
798.1049259875516 1.3288484331657025e-16
895.4884554273359 1.1941077338990187e-16
1004.7545726038318 1.0709506818221854e-16
1127.353172505782 9.587759726197533e-17
1264.9110640673518 8.552711213075797e-17
1419.2535569343013 7.61210525376913e-17
1592.4286822139893 6.764712867199928e-17
1786.734368603852 6.004654530730664e-17
2004.7489345090898 5.3217559333879147e-17
2249.365300761396 4.7025239542514414e-17
2523.829377920772 4.153174371172321e-17
2831.783137536552 3.6606419739877587e-17
3177.3129388971256 3.220659190846343e-17
3565.0037525349835 2.8305882984263664e-17
4000.0 2.4870334036415102e-17
4488.0738172078545 2.1848338441023956e-17
5035.70164717667 1.9155570988844432e-17
5650.150178491016 1.6816710096844098e-17
6339.572769844453 1.4769517252126137e-17
7113.117640155692 1.2967063946660296e-17
7981.04925987552 1.1380062257281436e-17
8954.88455427336 9.995701046200594e-18
10047.545726038317 8.784884459159584e-18
11273.531725057815 7.722397214889829e-18
12649.110640673516 6.787387662437819e-18
14192.535569343021 5.9677934924327624e-18
15924.286822139895 5.253802818061131e-18
17867.34368603852 4.634359945511607e-18
20047.48934509089 4.0856195078124175e-18
22493.653007613964 3.606364591541981e-18
25238.293779207732 3.184826902967726e-18
28317.83137536552 2.810731525058116e-18
31773.129388971254 2.4776020194336523e-18
35650.03752534982 2.1834231414506426e-18
40000.0 1.9280191893599782e-18
44880.73817207854 1.7012525291861046e-18
50357.01647176669 1.49915823158821e-18
56501.501784910186 1.320101960541856e-18
63395.72769844454 1.1618156479632752e-18
71131.17640155692 1.0201294730715448e-18
79810.49259875518 8.916530054559298e-19
89548.84554273357 7.795478287068632e-19
100475.4572603832 6.800833488681606e-19
112735.31725057815 5.909339155550127e-19
126491.10640673517 5.111350263161883e-19
141925.3556934302 4.408014489756589e-19
159242.86822139888 3.7775804723489845e-19
178673.43686038526 3.223497905937211e-19
200474.8934509089 2.738169843605425e-19
224936.53007613964 2.3171790330431577e-19
252382.9377920773 1.9563978891923186e-19
283178.3137536552 1.6441866493334853e-19
317731.2938897126 1.374305311760154e-19
356500.37525349826 1.145251002584382e-19
400000.0 9.781431830142214e-20
839563.0674438832 1e-300
1762165.3605394554 1e-300
3698622.3885946455 1e-300
7763066.894712855 1e-300
16293960.63724296 1e-300
34199518.9335339 1e-300
71781632.55235718 1e-300
150663019.0294667 1e-300
316227766.01683795 1e-300
