10644.401677 1.76494228438e-17
16635.0942588 9.51041296243e-18
22625.7868406 6.09568116857e-18
28616.4794224 4.28224652501e-18
34607.1720042 3.19002479692e-18
40597.8645861 2.48562153956e-18
46588.5571679 1.99030520073e-18
52579.2497497 1.63366185036e-18
58569.9423315 1.36924086455e-18
64560.6349133 1.16654828151e-18
70551.3274951 1.00494591094e-18
76542.0200769 8.71380893732e-19
82532.7126587 7.6692419319e-19
88523.4052405 6.80400632782e-19
94514.0978223 6.02991808967e-19
100504.790404 5.44480329206e-19
106495.482986 4.87287070784e-19
112486.175568 4.45163830743e-19
118476.86815 4.03040590702e-19
124467.560731 3.70294619947e-19
130458.253313 3.39327639753e-19
136448.945895 3.11732105119e-19
142439.638477 2.89029602323e-19
148430.331059 2.66327099526e-19
154421.02364 2.4775221585e-19
160411.716222 2.3113290816e-19
166402.408804 2.14513600471e-19
172393.101386 2.00687285215e-19
178383.793968 1.88601519048e-19
184374.486549 1.7651575288e-19
190365.179131 1.65020350357e-19
196355.871713 1.56215443695e-19
202346.564295 1.47410537033e-19
208337.256877 1.3860563037e-19
214327.949459 1.30588075802e-19
220318.64204 1.24209231294e-19
226309.334622 1.17830386786e-19
232300.027204 1.11451542278e-19
238290.719786 1.0507269777e-19
244281.412368 1.00468230952e-19
250272.104949 9.58660627592e-20
256262.797531 9.12638945667e-20
262253.490113 8.66617263743e-20
268244.182695 8.22471297616e-20
274234.875277 7.89381852412e-20
280225.567858 7.56292407208e-20
286216.26044 7.23202962004e-20
292206.953022 6.90113516799e-20
298197.645604 6.57024071595e-20
304188.338186 6.30528450416e-20
310179.030767 6.06870328788e-20
316169.723349 5.8321220716e-20
322160.415931 5.59554085532e-20
328151.108513 5.35895963903e-20
334141.801095 5.12237842275e-20
340132.493677 4.92577398052e-20
346123.186258 4.75709507706e-20
352113.87884 4.58841617361e-20
358104.571422 4.41973727015e-20
364095.264004 4.2510583667e-20
370085.956586 4.08237946325e-20
376076.649167 3.91370055979e-20
382067.341749 3.78104752679e-20
388058.034331 3.66153349099e-20
394048.726913 3.54201945519e-20
400039.419495 3.42250541938e-20
406030.112076 3.30299138358e-20
412020.804658 3.18347734778e-20
418011.49724 3.06396331198e-20
424002.189822 2.9458853601e-20
429992.882404 2.86207988938e-20
435983.574985 2.77827441867e-20
441974.267567 2.69446894795e-20
447964.960149 2.61066347723e-20
453955.652731 2.52685800652e-20
459946.345313 2.4430525358e-20
465937.037895 2.35924706509e-20
471927.730476 2.27544159437e-20
477918.423058 2.20206822238e-20
483909.11564 2.14376627376e-20
489899.808222 2.08546432513e-20
495890.500804 2.02716237651e-20
501881.193385 1.96886042789e-20
507871.885967 1.91055847926e-20
513862.578549 1.85225653064e-20
519853.271131 1.79395458202e-20
525843.963713 1.73565263339e-20
531834.656294 1.67735068477e-20
537825.348876 1.63193464645e-20
543816.041458 1.5914134343e-20
549806.73404 1.55089222215e-20
555797.426622 1.51037101001e-20
561788.119203 1.46984979786e-20
567778.811785 1.42932858571e-20
573769.504367 1.38880737356e-20
579760.196949 1.34828616141e-20
585750.889531 1.30776494926e-20
591741.582113 1.26724373711e-20
597732.274694 1.22672252496e-20
603722.967276 1.19724676554e-20
609713.659858 1.16958838444e-20
615704.35244 1.14193000334e-20
621695.045022 1.11427162225e-20
627685.737603 1.08661324115e-20
633676.430185 1.05895486005e-20
639667.122767 1.03129647895e-20
645657.815349 1.00363809786e-20
651648.507931 9.75979716759e-21
657639.200512 9.48321335662e-21
663629.893094 9.20662954565e-21
669620.585676 8.93004573467e-21
675611.278258 8.71369236532e-21
681601.97084 8.52742839869e-21
687592.663421 8.34116443207e-21
693583.356003 8.15490046544e-21
699574.048585 7.96863649882e-21
705564.741167 7.78237253219e-21
711555.433749 7.59610856557e-21
717546.126331 7.40984459894e-21
723536.818912 7.22358063232e-21
729527.511494 7.03731666569e-21
735518.204076 6.85105269907e-21
741508.896658 6.66478873245e-21
747499.58924 6.47852476582e-21
753490.281821 6.2922607992e-21
759480.974403 6.16680397827e-21
765471.666985 6.04212482118e-21
771462.359567 5.91744566409e-21
777453.052149 5.792766507e-21
783443.74473 5.66808734991e-21
789434.437312 5.54340819282e-21
795425.129894 5.41872903573e-21
801415.822476 5.29404987864e-21
807406.515058 5.16937072155e-21
813397.207639 5.04469156446e-21
819387.900221 4.92001240737e-21
825378.592803 4.79533325028e-21
831369.285385 4.67065409319e-21
837359.977967 4.5459749361e-21
843350.670549 4.42129577901e-21
849341.36313 4.32408899893e-21
855332.055712 4.24242023359e-21
861322.748294 4.16075146825e-21
867313.440876 4.07908270291e-21
873304.133458 3.99741393757e-21
879294.826039 3.91574517223e-21
885285.518621 3.83407640689e-21
891276.211203 3.75240764155e-21
897266.903785 3.67073887621e-21
903257.596367 3.58907011087e-21
909248.288948 3.50740134552e-21
915238.98153 3.42573258018e-21
921229.674112 3.34406381484e-21
927220.366694 3.2623950495e-21
933211.059276 3.18072628416e-21
939201.751857 3.09905751882e-21
945192.444439 3.01738875348e-21
951183.137021 2.94810291836e-21
957173.829603 2.89610899571e-21
963164.522185 2.84411507306e-21
969155.214767 2.79212115041e-21
975145.907348 2.74012722776e-21
981136.59993 2.6881333051e-21
987127.292512 2.63613938245e-21
993117.985094 2.5841454598e-21
999108.677676 2.53215153715e-21
1005099.37026 2.4801576145e-21
1011090.06284 2.42816369185e-21
1017080.75542 2.3761697692e-21
1023071.448 2.32417584655e-21
1029062.14058 2.2721819239e-21
1035052.83317 2.22018800125e-21
1041043.52575 2.1681940786e-21
1047034.21833 2.11620015595e-21
1053024.91091 2.0642062333e-21
1059015.60349 2.01221231065e-21
1065006.29608 1.96203495792e-21
1070996.98866 1.92926372834e-21
1076987.68124 1.89649249876e-21
1082978.37382 1.86372126919e-21
1088969.0664 1.83095003961e-21
1094959.75898 1.79817881003e-21
1100950.45157 1.76540758045e-21
1106941.14415 1.73263635087e-21
1112931.83673 1.69986512129e-21
1118922.52931 1.66709389171e-21
1124913.22189 1.63432266213e-21
1130903.91448 1.60155143255e-21
1136894.60706 1.56878020298e-21
1142885.29964 1.5360089734e-21
1148875.99222 1.50323774382e-21
1154866.6848 1.47046651424e-21
1160857.37738 1.43769528466e-21
1166848.06997 1.40492405508e-21
1172838.76255 1.3721528255e-21
1178829.45513 1.33938159592e-21
1184820.14771 1.30661036634e-21
1190810.84029 1.27383913677e-21
1196801.53288 1.24642325253e-21
1202792.22546 1.22658829438e-21
1208782.91804 1.20675333623e-21
1214773.61062 1.18691837809e-21
1220764.3032 1.16708341994e-21
1226754.99578 1.1472484618e-21
1232745.68837 1.12741350365e-21
1238736.38095 1.1075785455e-21
1244727.07353 1.08774358736e-21
1250717.76611 1.06790862921e-21
1256708.45869 1.04807367106e-21
1262699.15128 1.02823871292e-21
1268689.84386 1.00840375477e-21
1274680.53644 9.88568796626e-22
1280671.22902 9.6873383848e-22
1286661.9216 9.48898880334e-22
1292652.61418 9.29063922188e-22
1298643.30677 9.09228964042e-22
1304633.99935 8.89394005896e-22
1310624.69193 8.6955904775e-22
1316615.38451 8.49724089603e-22
1322606.07709 8.29889131457e-22
1328596.76968 8.10054173311e-22
1334587.46226 7.90219215165e-22
1340578.15484 7.71105462606e-22
1346568.84742 7.59462954278e-22
1352559.54 7.4782044595e-22
1358550.23258 7.36177937621e-22
1364540.92517 7.24535429293e-22
1370531.61775 7.12892920965e-22
1376522.31033 7.01250412637e-22
1382513.00291 6.89607904309e-22
1388503.69549 6.7796539598e-22
1394494.38808 6.66322887652e-22
1400485.08066 6.54680379324e-22
1406475.77324 6.43037870996e-22
1412466.46582 6.31395362667e-22
1418457.1584 6.19752854339e-22
1424447.85098 6.08110346011e-22
1430438.54357 5.96467837683e-22
1436429.23615 5.84825329355e-22
1442419.92873 5.73182821026e-22
1448410.62131 5.61540312698e-22
1454401.31389 5.4989780437e-22
1460392.00647 5.38255296042e-22
1466382.69906 5.26612787713e-22
1472373.39164 5.14970279385e-22
1478364.08422 5.03327771057e-22
1484354.7768 4.91685262729e-22
1490345.46938 4.80042754401e-22
1496336.16197 4.68400246072e-22
1502326.85455 4.56757737744e-22
1508317.54713 4.49133232466e-22
1514308.23971 4.42551993956e-22
1520298.93229 4.35970755445e-22
1526289.62487 4.29389516934e-22
1532280.31746 4.22808278423e-22
1538271.01004 4.16227039912e-22
1544261.70262 4.09645801401e-22
1550252.3952 4.0306456289e-22
1556243.08778 3.96483324379e-22
1562233.78037 3.89902085868e-22
1568224.47295 3.83320847357e-22
1574215.16553 3.76739608846e-22
1580205.85811 3.70158370335e-22
1586196.55069 3.63577131824e-22
1592187.24327 3.56995893313e-22
1598177.93586 3.50414654802e-22
1604168.62844 3.43833416291e-22
1610159.32102 3.3725217778e-22
1616150.0136 3.30670939269e-22
1622140.70618 3.24089700758e-22
1628131.39877 3.17508462248e-22
1634122.09135 3.10927223737e-22
1640112.78393 3.04345985226e-22
1646103.47651 2.97764746715e-22
1652094.16909 2.91183508204e-22
1658084.86167 2.84602269693e-22
1664075.55426 2.78021031182e-22
1670066.24684 2.71439792671e-22
1676056.93942 2.6485855416e-22
1682047.632 2.58277315649e-22
1688038.32458 2.52222032657e-22
1694029.01717 2.48747060125e-22
1700019.70975 2.45272087592e-22
1706010.40233 2.4179711506e-22
1712001.09491 2.38322142527e-22
1717991.78749 2.34847169995e-22
1723982.48007 2.31372197462e-22
1729973.17266 2.2789722493e-22
1735963.86524 2.24422252397e-22
1741954.55782 2.20947279864e-22
1747945.2504 2.17472307332e-22
1753935.94298 2.13997334799e-22
1759926.63557 2.10522362267e-22
1765917.32815 2.07047389734e-22
1771908.02073 2.03572417202e-22
1777898.71331 2.00097444669e-22
1783889.40589 1.96622472137e-22
1789880.09847 1.93147499604e-22
1795870.79106 1.89672527071e-22
1801861.48364 1.86197554539e-22
1807852.17622 1.82722582006e-22
1813842.8688 1.79247609474e-22
1819833.56138 1.75772636941e-22
1825824.25397 1.72297664409e-22
1831814.94655 1.68822691876e-22
1837805.63913 1.65347719344e-22
1843796.33171 1.61872746811e-22
1849787.02429 1.58397774278e-22
1855777.71687 1.54922801746e-22
1861768.40946 1.51447829213e-22
1867759.10204 1.47972856681e-22
1873749.79462 1.44497884148e-22
1879740.4872 1.41022911616e-22
1885731.17978 1.37547939083e-22
1891721.87237 1.34072966551e-22
1897712.56495 1.32010793934e-22
1903703.25753 1.302843174e-22
1909693.95011 1.28557840867e-22
1915684.64269 1.26831364334e-22
1921675.33527 1.25104887801e-22
1927666.02786 1.23378411267e-22
1933656.72044 1.21651934734e-22
1939647.41302 1.19925458201e-22
1945638.1056 1.18198981668e-22
1951628.79818 1.16472505135e-22
1957619.49077 1.14746028601e-22
1963610.18335 1.13019552068e-22
1969600.87593 1.11293075535e-22
1975591.56851 1.09566599002e-22
1981582.26109 1.07840122468e-22
1987572.95367 1.06113645935e-22
1993563.64626 1.04387169402e-22
1999554.33884 1.02660692869e-22
2005545.03142 1.00934216336e-22
2011535.724 9.92077398023e-23
2017526.41658 9.74812632691e-23
2023517.10917 9.57547867358e-23
2029507.80175 9.40283102026e-23
2035498.49433 9.23018336694e-23
2041489.18691 9.05753571362e-23
2047479.87949 8.88488806029e-23
2053470.57207 8.71224040697e-23
2059461.26466 8.53959275365e-23
2065451.95724 8.36694510032e-23
2071442.64982 8.194297447e-23
2077433.3424 8.02164979368e-23
2083424.03498 7.84900214036e-23
2089414.72756 7.67635448703e-23
2095405.42015 7.50370683371e-23
2101396.11273 7.33105918039e-23
2107386.80531 7.15841152707e-23
2113377.49789 6.98576387374e-23
2119368.19047 6.81311622042e-23
2125358.88306 6.66450651691e-23
2131349.57564 6.58650305515e-23
2137340.26822 6.50849959338e-23
2143330.9608 6.43049613162e-23
2149321.65338 6.35249266985e-23
2155312.34596 6.27448920809e-23
2161303.03855 6.19648574632e-23
2167293.73113 6.11848228456e-23
2173284.42371 6.0404788228e-23
2179275.11629 5.96247536103e-23
2185265.80887 5.88447189927e-23
2191256.50146 5.8064684375e-23
2197247.19404 5.72846497574e-23
2203237.88662 5.65046151397e-23
2209228.5792 5.57245805221e-23
2215219.27178 5.49445459044e-23
2221209.96436 5.41645112868e-23
2227200.65695 5.33844766691e-23
2233191.34953 5.26044420515e-23
2239182.04211 5.18244074339e-23
2245172.73469 5.10443728162e-23
2251163.42727 5.02643381986e-23
2257154.11986 4.94843035809e-23
2263144.81244 4.87042689633e-23
2269135.50502 4.79242343456e-23
2275126.1976 4.7144199728e-23
2281116.89018 4.63641651103e-23
2287107.58276 4.55841304927e-23
2293098.27535 4.4804095875e-23
2299088.96793 4.40240612574e-23
2305079.66051 4.32440266397e-23
2311070.35309 4.24639920221e-23
2317061.04567 4.16839574045e-23
2323051.73826 4.09039227868e-23
2329042.43084 4.01238881692e-23
2335033.12342 3.93438535515e-23
2341023.816 3.85638189339e-23
2347014.50858 3.77837843162e-23
2353005.20116 3.70037496986e-23
2358995.89375 3.62237150809e-23
2364986.58633 3.54436804633e-23
2370977.27891 3.46636458456e-23
2376967.97149 3.3883611228e-23
2382958.66407 3.31035766104e-23
2388949.35666 3.27747674555e-23
2394940.04924 3.24479282319e-23
2400930.74182 3.21210890084e-23
2406921.4344 3.17942497848e-23
2412912.12698 3.14674105613e-23
2418902.81956 3.11405713377e-23
2424893.51215 3.08137321142e-23
2430884.20473 3.04868928906e-23
2436874.89731 3.01600536671e-23
2442865.58989 2.98332144435e-23
2448856.28247 2.950637522e-23
2454846.97506 2.91795359964e-23
2460837.66764 2.88526967728e-23
2466828.36022 2.85258575493e-23
2472819.0528 2.81990183257e-23
2478809.74538 2.78721791022e-23
2484800.43796 2.75453398786e-23
2490791.13055 2.72185006551e-23
2496781.82313 2.68916614315e-23
2502772.51571 2.6564822208e-23
2508763.20829 2.62379829844e-23
2514753.90087 2.59111437609e-23
2520744.59346 2.55843045373e-23
2526735.28604 2.52574653138e-23
2532725.97862 2.49306260902e-23
2538716.6712 2.46037868667e-23
2544707.36378 2.42769476431e-23
2550698.05636 2.39501084196e-23
2556688.74895 2.3623269196e-23
2562679.44153 2.32964299725e-23
2568670.13411 2.29695907489e-23
2574660.82669 2.26427515254e-23
2580651.51927 2.23159123018e-23
2586642.21186 2.19890730783e-23
2592632.90444 2.16622338547e-23
2598623.59702 2.13353946312e-23
2604614.2896 2.10085554076e-23
2610604.98218 2.06817161841e-23
2616595.67476 2.03548769605e-23
2622586.36735 2.0028037737e-23
2628577.05993 1.97011985134e-23
2634567.75251 1.93743592899e-23
2640558.44509 1.90475200663e-23
2646549.13767 1.87206808428e-23
2652539.83026 1.83938416192e-23
2658530.52284 1.80670023957e-23
2664521.21542 1.77401631721e-23
2670511.908 1.74133239486e-23
2676502.60058 1.71807001851e-23
2682493.29316 1.7059119051e-23
2688483.98575 1.69375379169e-23
2694474.67833 1.68159567829e-23
2700465.37091 1.66943756488e-23
2706456.06349 1.65727945147e-23
2712446.75607 1.64512133806e-23
2718437.44865 1.63296322465e-23
2724428.14124 1.62080511124e-23
2730418.83382 1.60864699784e-23
2736409.5264 1.59648888443e-23
2742400.21898 1.58433077102e-23
2748390.91156 1.57217265761e-23
2754381.60415 1.5600145442e-23
2760372.29673 1.54785643079e-23
2766362.98931 1.53569831739e-23
2772353.68189 1.52354020398e-23
2778344.37447 1.51138209057e-23
2784335.06705 1.49922397716e-23
2790325.75964 1.48706586375e-23
2796316.45222 1.47490775034e-23
2802307.1448 1.46274963694e-23
2808297.83738 1.45059152353e-23
2814288.52996 1.43843341012e-23
2820279.22255 1.42627529671e-23
2826269.91513 1.4141171833e-23
2832260.60771 1.40195906989e-23
2838251.30029 1.38980095649e-23
2844241.99287 1.37764284308e-23
2850232.68545 1.36548472967e-23
2856223.37804 1.35332661626e-23
2862214.07062 1.34116850285e-23
2868204.7632 1.32901038944e-23
2874195.45578 1.31685227604e-23
2880186.14836 1.30469416263e-23
2886176.84095 1.29253604922e-23
2892167.53353 1.28037793581e-23
2898158.22611 1.2682198224e-23
2904148.91869 1.25606170899e-23
2910139.61127 1.24390359559e-23
2916130.30385 1.23174548218e-23
2922120.99644 1.21958736877e-23
2928111.68902 1.20742925536e-23
2934102.3816 1.19527114195e-23
2940093.07418 1.18311302854e-23
2946083.76676 1.17095491514e-23
2952074.45935 1.15879680173e-23
2958065.15193 1.14663868832e-23
2964055.84451 1.13448057491e-23
2970046.53709 1.1223224615e-23
2976037.22967 1.11016434809e-23
2982027.92225 1.09800623469e-23
2988018.61484 1.08584812128e-23
2994009.30742 1.07369000787e-23
3000000.0 1.06153189446e-23
5033679.49621 1e-300
8445976.42353 1e-300
14171446.1162 1e-300
23778172.5823 1e-300
39897233.2616 1e-300
66943295.0082 1e-300
112323697.164 1e-300
188467163.784 1e-300
316227766.017 1e-300
