100.0 0.0
112.2018454301963 0.0
125.89254117941675 0.0
141.2537544622754 0.0
158.4893192461114 0.0
177.82794100389228 0.0
199.5262314968879 0.0
223.87211385683398 0.0
251.18864315095794 0.0
281.8382931264455 0.0
316.22776601683796 0.0
354.8133892335753 0.0
398.1071705534973 0.0
446.683592150963 0.0
501.18723362727246 0.0
562.341325190349 0.0
630.957344480193 0.0
707.945784384138 0.0
794.3282347242814 0.0
891.2509381337459 0.0
1000.0 0.0
1122.0184543019636 0.0
1258.9254117941675 0.0
1412.537544622754 0.0
1584.8931924611134 0.0
1778.279410038923 0.0
1995.26231496888 0.0
2238.72113856834 0.0
2511.8864315095793 0.0
2818.382931264454 0.0
3162.277660168379 0.0
3548.1338923357553 0.0
3981.0717055349737 0.0
4466.83592150963 0.0
5011.872336272722 0.0
5623.413251903491 0.0
6309.573444801933 0.0
7079.45784384138 0.0
7943.282347242814 0.0
8912.509381337455 0.0
10000.0 0.0
11220.184543019635 0.0
12589.254117941673 0.0
14125.375446227546 0.0
15848.931924611135 0.0
17782.79410038923 0.0
19952.623149688796 0.0
22387.211385683393 0.0
25118.8643150958 0.0
28183.82931264454 0.0
31622.776601683792 0.0
35481.33892335755 0.0
39810.71705534972 0.0
44668.359215096316 0.0
50118.72336272722 0.0
56234.13251903491 0.0
63095.73444801933 0.0
70794.5784384138 0.0
79432.82347242815 0.0
89125.09381337457 0.0
100000.0 0.0
244843.67468222292 1e-300
599484.2503189408 1e-300
1467799.2676220706 1e-300
3593813.6638046256 1e-300
8799225.435691074 1e-300
21544346.900318865 1e-300
52749970.6370262 1e-300
129154966.50148827 1e-300
316227766.01683795 1e-300
