500.0 6.369874343247256e-15
561.0092271509816 5.949819749411709e-15
629.4627058970838 5.536179312527572e-15
706.268772311377 5.132096044974132e-15
792.446596230557 4.7337527441620155e-15
889.1397050194614 4.35010164555536e-15
997.6311574844394 3.982314722634976e-15
1119.36056928417 3.630793899121997e-15
1255.9432157547897 3.2963684294293473e-15
1409.1914656322274 2.9809154882499235e-15
1581.1388300841897 2.681329051589942e-15
1774.0669461678767 2.4009271179292376e-15
1990.5358527674869 2.140076082908132e-15
2233.417960754815 1.899051743229973e-15
2505.9361681363625 1.6773519215178977e-15
2811.7066259517455 1.4734738570239271e-15
3154.7867224009656 1.287007307313138e-15
3539.72892192069 1.1187957667740379e-15
3971.641173621407 9.67428483813089e-16
4456.254690668729 8.321529608351751e-16
5000.0 7.121658837973469e-16
5610.092271509818 6.063179853882442e-16
6294.627058970837 5.130612766451412e-16
7062.6877231137705 4.322381344306063e-16
7924.465962305568 3.625524763531778e-16
8891.397050194615 3.0271353210425165e-16
9976.311574844398 2.515212282244265e-16
11193.6056928417 2.0790094856454456e-16
12559.432157547897 1.7072691338873373e-16
14091.91465632227 1.3942264779034346e-16
15811.388300841896 1.1317721140105797e-16
17740.669461678775 9.131755329373469e-17
19905.358527674867 7.323718724724947e-17
22334.17960754815 5.837285289953938e-17
25059.36168136361 4.6134585029533767e-17
28117.066259517454 3.6198459999146583e-17
31547.867224009664 2.818751301228108e-17
35397.289219206905 2.177676178771865e-17
39716.41173621407 1.6685929172825543e-17
44562.546906687276 1.2674617828531196e-17
50000.0 9.512376932988943e-18
56100.922715098175 7.063626098805575e-18
62946.270589708365 5.192765800992989e-18
70626.87723113773 3.77531379740421e-18
79244.65962305566 2.710072333366677e-18
88913.97050194615 1.9184441685913685e-18
99763.11574844399 1.3338226943201873e-18
111936.05692841698 9.111567413287654e-19
125594.321575479 6.109293258519954e-19
140919.1465632227 4.01718802346404e-19
158113.88300841898 2.5873441401425756e-19
177406.69461678775 1.6287065709816372e-19
199053.5852767486 9.911576436473209e-20
223341.79607548157 5.860059495971648e-20
250593.61681363612 3.37177307685843e-20
281170.6625951745 1.8853883393031327e-20
315478.6722400966 1.0065552698362995e-20
353972.892192069 5.1882073331398785e-21
397164.11736214074 2.5162429104142563e-21
445625.4690668728 1.1098957004521805e-21
500000.0 5.987454815793556e-22
1023753.8768734329 1e-300
2096144.000826768 1e-300
4291871.094662785 1e-300
8787639.344404101 1e-300
17992759.69479842 1e-300
36840314.98640387 1e-300
75430830.58513878 1e-300
154445210.4946379 1e-300
316227766.01683795 1e-300
