11094.2523472 7.61109584999e-18
12474.8249878 7.31768006741e-18
13855.3976284 7.05548457955e-18
15235.970269 6.81309904776e-18
16616.5429096 6.58826970383e-18
17997.1155502 6.37724268546e-18
19377.6881907 6.18145233048e-18
20758.2608313 5.99988029199e-18
22138.8334719 5.82319056134e-18
23519.4061125 5.66326640369e-18
24899.9787531 5.50413135226e-18
26280.5513937 5.36148816588e-18
27661.1240343 5.2188449795e-18
29041.6966749 5.09103221411e-18
30422.2693154 4.96582606168e-18
31802.841956 4.84496162033e-18
33183.4145966 4.7309594939e-18
34563.9872372 4.61695736747e-18
35944.5598778 4.51166831683e-18
37325.1325184 4.41162983871e-18
38705.705159 4.31159136059e-18
40086.2777995 4.21801109403e-18
41466.8504401 4.13031510603e-18
42847.4230807 4.04261911804e-18
44227.9957213 3.95536435436e-18
45608.5683619 3.87765731626e-18
46989.1410025 3.79995027815e-18
48369.7136431 3.72224324005e-18
49750.2862837 3.64585299823e-18
51130.8589242 3.57751281936e-18
52511.4315648 3.50917264049e-18
53892.0042054 3.44083246162e-18
55272.576846 3.37249228274e-18
56653.1494866 3.31074165694e-18
58033.7221272 3.25106419954e-18
59414.2947678 3.19138674213e-18
60794.8674083 3.13170928473e-18
62175.4400489 3.07203182733e-18
63556.0126895 3.0188857002e-18
64936.5853301 2.9669253029e-18
66317.1579707 2.9149649056e-18
67697.7306113 2.8630045083e-18
69078.3032519 2.81104411099e-18
70458.8758925 2.76132982202e-18
71839.448533 2.71612705951e-18
73220.0211736 2.67092429701e-18
74600.5938142 2.62572153451e-18
75981.1664548 2.58051877201e-18
77361.7390954 2.53531600951e-18
78742.311736 2.49104392096e-18
80122.8843766 2.45223287779e-18
81503.4570172 2.41342183462e-18
82884.0296577 2.37461079145e-18
84264.6022983 2.33579974827e-18
85645.1749389 2.2969887051e-18
87025.7475795 2.25817766193e-18
88406.3202201 2.22048026e-18
89786.8928607 2.18713009275e-18
91167.4655013 2.15377992551e-18
92548.0381418 2.12042975826e-18
93928.6107824 2.08707959102e-18
95309.183423 2.05372942377e-18
96689.7560636 2.02037925653e-18
98070.3287042 1.98702908928e-18
99450.9013448 1.95582279517e-18
100831.473985 1.92763556328e-18
102212.046626 1.8994483314e-18
103592.619267 1.87126109952e-18
104973.191907 1.84307386763e-18
106353.764548 1.81488663575e-18
107734.337188 1.78669940387e-18
109114.909829 1.75851217198e-18
110495.482469 1.7303249401e-18
111876.05511 1.70513778796e-18
113256.627751 1.68138728628e-18
114637.200391 1.65763678461e-18
116017.773032 1.63388628293e-18
117398.345672 1.61013578125e-18
118778.918313 1.58638527958e-18
120159.490954 1.5626347779e-18
121540.063594 1.53888427622e-18
122920.636235 1.51513377454e-18
124301.208875 1.49138327287e-18
125681.781516 1.4709499193e-18
127062.354157 1.45100866485e-18
128442.926797 1.4310674104e-18
129823.499438 1.41112615595e-18
131204.072078 1.3911849015e-18
132584.644719 1.37124364706e-18
133965.217359 1.35130239261e-18
135345.79 1.33136113816e-18
136726.362641 1.31141988371e-18
138106.935281 1.29147862927e-18
139487.507922 1.27153737482e-18
140868.080562 1.25467403376e-18
142248.653203 1.23827467933e-18
143629.225844 1.22187532489e-18
145009.798484 1.20547597045e-18
146390.371125 1.18907661601e-18
147770.943765 1.17267726158e-18
149151.516406 1.15627790714e-18
150532.089046 1.1398785527e-18
151912.661687 1.12347919826e-18
153293.234328 1.10707984383e-18
154673.806968 1.09068048939e-18
156054.379609 1.07428113495e-18
157434.952249 1.05949296501e-18
158815.52489 1.04616392322e-18
160196.097531 1.03283488144e-18
161576.670171 1.01950583965e-18
162957.242812 1.00617679787e-18
164337.815452 9.92847756084e-19
165718.388093 9.79518714299e-19
167098.960734 9.66189672514e-19
168479.533374 9.52860630729e-19
169860.106015 9.39531588944e-19
171240.678655 9.26202547159e-19
172621.251296 9.12873505374e-19
174001.823936 8.99544463589e-19
175382.396577 8.86215421803e-19
176762.969218 8.74635514338e-19
178143.541858 8.63900475849e-19
179524.114499 8.5316543736e-19
180904.687139 8.42430398872e-19
182285.25978 8.31695360383e-19
183665.832421 8.20960321894e-19
185046.405061 8.10225283406e-19
186426.977702 7.99490244917e-19
187807.550342 7.88755206429e-19
189188.122983 7.7802016794e-19
190568.695624 7.67285129451e-19
191949.268264 7.56550090963e-19
193329.840905 7.45815052474e-19
194710.413545 7.35080013986e-19
196090.986186 7.24344975497e-19
197471.558826 7.13917076043e-19
198852.131467 7.05477135788e-19
200232.704108 6.97037195532e-19
201613.276748 6.88597255277e-19
202993.849389 6.80157315022e-19
204374.422029 6.71717374767e-19
205754.99467 6.63277434511e-19
207135.567311 6.54837494256e-19
208516.139951 6.46397554001e-19
209896.712592 6.37957613746e-19
211277.285232 6.29517673491e-19
212657.857873 6.21077733235e-19
214038.430513 6.1263779298e-19
215419.003154 6.04197852725e-19
216799.575795 5.9575791247e-19
218180.148435 5.87317972214e-19
219560.721076 5.78878031959e-19
220941.293716 5.70438091704e-19
222321.866357 5.63353845322e-19
223702.438998 5.56858600877e-19
225083.011638 5.50363356431e-19
226463.584279 5.43868111986e-19
227844.156919 5.37372867541e-19
229224.72956 5.30877623095e-19
230605.302201 5.2438237865e-19
231985.874841 5.17887134204e-19
233366.447482 5.11391889759e-19
234747.020122 5.04896645314e-19
236127.592763 4.98401400868e-19
237508.165403 4.91906156423e-19
238888.738044 4.85410911978e-19
240269.310685 4.78915667532e-19
241649.883325 4.72420423087e-19
243030.455966 4.65925178641e-19
244411.028606 4.59429934196e-19
245791.601247 4.52934689751e-19
247172.173888 4.46439445305e-19
248552.746528 4.40143533697e-19
249933.319169 4.35149011079e-19
251313.891809 4.30154488461e-19
252694.46445 4.25159965843e-19
254075.03709 4.20165443225e-19
255455.609731 4.15170920607e-19
256836.182372 4.10176397989e-19
258216.755012 4.05181875371e-19
259597.327653 4.00187352753e-19
260977.900293 3.95192830135e-19
262358.472934 3.90198307518e-19
263739.045575 3.852037849e-19
265119.618215 3.80209262282e-19
266500.190856 3.75214739664e-19
267880.763496 3.70220217046e-19
269261.336137 3.65225694428e-19
270641.908778 3.6023117181e-19
272022.481418 3.55236649192e-19
273403.054059 3.50242126574e-19
274783.626699 3.45247603956e-19
276164.19934 3.40253081338e-19
277544.77198 3.3525855872e-19
278925.344621 3.30501872784e-19
280305.917262 3.26819046999e-19
281686.489902 3.23136221214e-19
283067.062543 3.19453395429e-19
284447.635183 3.15770569644e-19
285828.207824 3.12087743859e-19
287208.780465 3.08404918073e-19
288589.353105 3.04722092288e-19
289969.925746 3.01039266503e-19
291350.498386 2.97356440718e-19
292731.071027 2.93673614933e-19
294111.643668 2.89990789148e-19
295492.216308 2.86307963363e-19
296872.788949 2.82625137578e-19
298253.361589 2.78942311793e-19
299633.93423 2.75259486008e-19
301014.50687 2.71576660223e-19
302395.079511 2.67893834438e-19
303775.652152 2.64211008652e-19
305156.224792 2.60528182867e-19
306536.797433 2.56845357082e-19
307917.370073 2.53162531297e-19
309297.942714 2.49479705512e-19
310678.515355 2.45796879727e-19
312059.087995 2.42114053942e-19
313439.660636 2.39013966682e-19
314820.233276 2.36388116468e-19
316200.805917 2.33762266253e-19
317581.378557 2.31136416038e-19
318961.951198 2.28510565824e-19
320342.523839 2.25884715609e-19
321723.096479 2.23258865394e-19
323103.66912 2.20633015179e-19
324484.24176 2.18007164965e-19
325864.814401 2.1538131475e-19
327245.387042 2.12755464535e-19
328625.959682 2.1012961432e-19
330006.532323 2.07503764106e-19
331387.104963 2.04877913891e-19
332767.677604 2.02252063676e-19
334148.250245 1.99626213462e-19
335528.822885 1.97000363247e-19
336909.395526 1.94374513032e-19
338289.968166 1.91748662817e-19
339670.540807 1.89122812603e-19
341051.113447 1.86496962388e-19
342431.686088 1.83871112173e-19
343812.258729 1.81245261959e-19
345192.831369 1.78619411744e-19
346573.40401 1.75993561529e-19
347953.97665 1.73367711314e-19
349334.549291 1.707418611e-19
350715.121932 1.68116010885e-19
352095.694572 1.6622947409e-19
353476.267213 1.64410717687e-19
354856.839853 1.62591961284e-19
356237.412494 1.6077320488e-19
357617.985134 1.58954448477e-19
358998.557775 1.57135692074e-19
360379.130416 1.55316935671e-19
361759.703056 1.53498179267e-19
363140.275697 1.51679422864e-19
364520.848337 1.49860666461e-19
365901.420978 1.48041910057e-19
367281.993619 1.46223153654e-19
368662.566259 1.44404397251e-19
370043.1389 1.42585640847e-19
371423.71154 1.40766884444e-19
372804.284181 1.38948128041e-19
374184.856822 1.37129371638e-19
375565.429462 1.35310615234e-19
376946.002103 1.33491858831e-19
378326.574743 1.31673102428e-19
379707.147384 1.29854346024e-19
381087.720024 1.28035589621e-19
382468.292665 1.26216833218e-19
383848.865306 1.24398076814e-19
385229.437946 1.22579320411e-19
386610.010587 1.20760564008e-19
387990.583227 1.18941807605e-19
389371.155868 1.17123051201e-19
390751.728509 1.15304294798e-19
392132.301149 1.13485538395e-19
393512.87379 1.11666781991e-19
394893.44643 1.10423455045e-19
396274.019071 1.09237947156e-19
397654.591712 1.08052439267e-19
399035.164352 1.06866931378e-19
400415.736993 1.05681423489e-19
401796.309633 1.04495915601e-19
403176.882274 1.03310407712e-19
404557.454914 1.02124899823e-19
405938.027555 1.00939391934e-19
407318.600196 9.97538840451e-20
408699.172836 9.85683761563e-20
410079.745477 9.73828682674e-20
411460.318117 9.61973603786e-20
412840.890758 9.50118524897e-20
414221.463399 9.38263446009e-20
415602.036039 9.2640836712e-20
416982.60868 9.14553288232e-20
418363.18132 9.02698209343e-20
419743.753961 8.90843130454e-20
421124.326601 8.78988051566e-20
422504.899242 8.67132972677e-20
423885.471883 8.55277893789e-20
425266.044523 8.434228149e-20
426646.617164 8.31567736012e-20
428027.189804 8.19712657123e-20
429407.762445 8.07857578235e-20
430788.335086 7.96002499346e-20
432168.907726 7.84147420458e-20
433549.480367 7.72292341569e-20
434930.053007 7.6043726268e-20
436310.625648 7.48582183792e-20
437691.198289 7.36727104903e-20
439071.770929 7.24872026015e-20
440452.34357 7.13016947126e-20
441832.91621 7.01706409571e-20
443213.488851 6.94469844119e-20
444594.061491 6.87233278667e-20
445974.634132 6.79996713214e-20
447355.206773 6.72760147762e-20
448735.779413 6.65523582309e-20
450116.352054 6.58287016857e-20
451496.924694 6.51050451404e-20
452877.497335 6.43813885952e-20
454258.069976 6.365773205e-20
455638.642616 6.29340755047e-20
457019.215257 6.22104189595e-20
458399.787897 6.14867624142e-20
459780.360538 6.0763105869e-20
461160.933178 6.00394493237e-20
462541.505819 5.93157927785e-20
463922.07846 5.85921362333e-20
465302.6511 5.7868479688e-20
466683.223741 5.71448231428e-20
468063.796381 5.64211665975e-20
469444.369022 5.56975100523e-20
470824.941663 5.4973853507e-20
472205.514303 5.42501969618e-20
473586.086944 5.35265404166e-20
474966.659584 5.28028838713e-20
476347.232225 5.20792273261e-20
477727.804866 5.13555707808e-20
479108.377506 5.06319142356e-20
480488.950147 4.99082576903e-20
481869.522787 4.91846011451e-20
483250.095428 4.84609445999e-20
484630.668068 4.77372880546e-20
486011.240709 4.70136315094e-20
487391.81335 4.62899749641e-20
488772.38599 4.55663184189e-20
490152.958631 4.48426618736e-20
491533.531271 4.41190053284e-20
492914.103912 4.33953487832e-20
494294.676553 4.26716922379e-20
495675.249193 4.19740235043e-20
497055.821834 4.15673106188e-20
498436.394474 4.11605977334e-20
499816.967115 4.07538848479e-20
501197.539756 4.03471719624e-20
502578.112396 3.9940459077e-20
503958.685037 3.95337461915e-20
505339.257677 3.91270333061e-20
506719.830318 3.87203204206e-20
508100.402958 3.83136075352e-20
509480.975599 3.79068946497e-20
510861.54824 3.75001817642e-20
512242.12088 3.70934688788e-20
513622.693521 3.66867559933e-20
515003.266161 3.62800431079e-20
516383.838802 3.58733302224e-20
517764.411443 3.5466617337e-20
519144.984083 3.50599044515e-20
520525.556724 3.4653191566e-20
521906.129364 3.42464786806e-20
523286.702005 3.38397657951e-20
524667.274645 3.34330529097e-20
526047.847286 3.30263400242e-20
527428.419927 3.26196271388e-20
528808.992567 3.22129142533e-20
530189.565208 3.18062013678e-20
531570.137848 3.13994884824e-20
532950.710489 3.09927755969e-20
534331.28313 3.05860627115e-20
535711.85577 3.0179349826e-20
537092.428411 2.97726369406e-20
538473.001051 2.93659240551e-20
539853.573692 2.89592111696e-20
541234.146333 2.85524982842e-20
542614.718973 2.81457853987e-20
543995.291614 2.77390725133e-20
545375.864254 2.73323596278e-20
546756.436895 2.69256467424e-20
548137.009535 2.65189338569e-20
549517.582176 2.61122209714e-20
550898.154817 2.5705508086e-20
552278.727457 2.52987952005e-20
553659.300098 2.48920823151e-20
555039.872738 2.44853694296e-20
556420.445379 2.41371048217e-20
557801.01802 2.39369340461e-20
559181.59066 2.37367632706e-20
560562.163301 2.3536592495e-20
561942.735941 2.33364217194e-20
563323.308582 2.31362509438e-20
564703.881223 2.29360801682e-20
566084.453863 2.27359093926e-20
567465.026504 2.2535738617e-20
568845.599144 2.23355678415e-20
570226.171785 2.21353970659e-20
571606.744425 2.19352262903e-20
572987.317066 2.17350555147e-20
574367.889707 2.15348847391e-20
575748.462347 2.13347139635e-20
577129.034988 2.11345431879e-20
578509.607628 2.09343724124e-20
579890.180269 2.07342016368e-20
581270.75291 2.05340308612e-20
582651.32555 2.03338600856e-20
584031.898191 2.013368931e-20
585412.470831 1.99335185344e-20
586793.043472 1.97333477588e-20
588173.616112 1.95331769833e-20
589554.188753 1.93330062077e-20
590934.761394 1.91328354321e-20
592315.334034 1.89326646565e-20
593695.906675 1.87324938809e-20
595076.479315 1.85323231053e-20
596457.051956 1.83321523297e-20
597837.624597 1.81319815542e-20
599218.197237 1.79318107786e-20
600598.769878 1.7731640003e-20
601979.342518 1.75314692274e-20
603359.915159 1.73312984518e-20
604740.4878 1.71311276762e-20
606121.06044 1.69309569006e-20
607501.633081 1.67307861251e-20
608882.205721 1.65306153495e-20
610262.778362 1.63304445739e-20
611643.351002 1.61302737983e-20
613023.923643 1.59301030227e-20
614404.496284 1.57299322471e-20
615785.068924 1.55297614715e-20
617165.641565 1.5329590696e-20
618546.214205 1.51294199204e-20
619926.786846 1.49292491448e-20
621307.359487 1.47290783692e-20
622687.932127 1.45289075936e-20
624068.504768 1.43453123443e-20
625449.077408 1.42638034646e-20
626829.650049 1.41822945849e-20
628210.222689 1.41007857052e-20
629590.79533 1.40192768255e-20
630971.367971 1.39377679458e-20
632351.940611 1.3856259066e-20
633732.513252 1.37747501863e-20
635113.085892 1.36932413066e-20
636493.658533 1.36117324269e-20
637874.231174 1.35302235472e-20
639254.803814 1.34487146675e-20
640635.376455 1.33672057878e-20
642015.949095 1.32856969081e-20
643396.521736 1.32041880284e-20
644777.094377 1.31226791486e-20
646157.667017 1.30411702689e-20
647538.239658 1.29596613892e-20
648918.812298 1.28781525095e-20
650299.384939 1.27966436298e-20
651679.957579 1.27151347501e-20
653060.53022 1.26336258704e-20
654441.102861 1.25521169907e-20
655821.675501 1.24706081109e-20
657202.248142 1.23890992312e-20
658582.820782 1.23075903515e-20
659963.393423 1.22260814718e-20
661343.966064 1.21445725921e-20
662724.538704 1.20630637124e-20
664105.111345 1.19815548327e-20
665485.683985 1.1900045953e-20
666866.256626 1.18185370733e-20
668246.829267 1.17370281935e-20
669627.401907 1.16555193138e-20
671007.974548 1.15740104341e-20
672388.547188 1.14925015544e-20
673769.119829 1.14109926747e-20
675149.692469 1.1329483795e-20
676530.26511 1.12479749153e-20
677910.837751 1.11664660356e-20
679291.410391 1.10849571558e-20
680671.983032 1.10034482761e-20
682052.555672 1.09219393964e-20
683433.128313 1.08404305167e-20
684813.700954 1.0758921637e-20
686194.273594 1.06774127573e-20
687574.846235 1.05959038776e-20
688955.418875 1.05143949979e-20
690335.991516 1.04328861182e-20
691716.564156 1.03513772384e-20
693097.136797 1.02698683587e-20
694477.709438 1.0188359479e-20
695858.282078 1.01068505993e-20
697238.854719 1.00253417196e-20
698619.427359 9.94383283988e-21
700000.0 9.86232396017e-21
1380661.28395 1e-300
2723179.40144 1e-300
5371126.24118 1e-300
10593865.7892 1e-300
20895057.6321 1e-300
41212852.9981 1e-300
81287129.3367 1e-300
160328560.513 1e-300
316227766.017 1e-300
