10644.401677 1.18032760914e-21
70743.3106917 1.96229126574e-22
130842.219706 1.0871099308e-22
190941.128721 7.55087011849e-23
251040.037736 5.81126191704e-23
311138.94675 4.71265149805e-23
371237.855765 3.96631194456e-23
431336.76478 3.42586599795e-23
491435.673794 3.01723266215e-23
551534.582809 2.69559288904e-23
611633.491824 2.43722148856e-23
671732.400838 2.22193569729e-23
731831.309853 2.04450112012e-23
791930.218868 1.88996794686e-23
852029.127882 1.75162780698e-23
912128.036897 1.63976345243e-23
972226.945912 1.53689953772e-23
1032325.85493 1.44801023862e-23
1092424.76394 1.36787758922e-23
1152523.67296 1.2977938176e-23
1212622.58197 1.23177464027e-23
1272721.49099 1.17503859522e-23
1332820.4 1.11830255018e-23
1392919.30901 1.07217047723e-23
1453018.21803 1.02748861873e-23
1513117.12704 9.8424299833e-24
1573216.03606 9.48594367754e-24
1633314.94507 9.12945737178e-24
1693413.85409 8.78098189659e-24
1753512.7631 8.49984008705e-24
1813611.67212 8.2186982775e-24
1873710.58113 7.93755646795e-24
1933809.49015 7.69195017018e-24
1993908.39916 7.46297685523e-24
2054007.30818 7.23400354028e-24
2114106.21719 7.00503022533e-24
2174205.12621 6.81216052585e-24
2234304.03522 6.6262661038e-24
2294402.94423 6.44037168175e-24
2354501.85325 6.2544772597e-24
2414600.76226 6.08973921317e-24
2474699.67128 5.944060908e-24
2534798.58029 5.79838260283e-24
2594897.48931 5.65270429766e-24
2654996.39832 5.50702599249e-24
2715095.30734 5.38146641654e-24
2775194.21635 5.26503438055e-24
2835293.12537 5.14860234457e-24
2895392.03438 5.03217030858e-24
2955490.9434 4.91573827259e-24
3015589.85241 4.80566837659e-24
3075688.76143 4.71376240166e-24
3135787.67044 4.62185642673e-24
3195886.57945 4.52995045181e-24
3255985.48847 4.43804447688e-24
3316084.39748 4.34613850195e-24
3376183.3065 4.25737678417e-24
3436282.21551 4.18412873543e-24
3496381.12453 4.11088068668e-24
3556480.03354 4.03763263794e-24
3616578.94256 3.9643845892e-24
3676677.85157 3.89113654046e-24
3736776.76059 3.81788849171e-24
3796875.6696 3.7495933264e-24
3856974.57862 3.69115479355e-24
3917073.48763 3.6327162607e-24
3977172.39665 3.57427772786e-24
4037271.30566 3.51583919501e-24
4097370.21467 3.45740066216e-24
4157469.12369 3.39896212932e-24
4217568.0327 3.34052359647e-24
4277666.94172 3.28979024172e-24
4337765.85073 3.24291283232e-24
4397864.75975 3.19603542292e-24
4457963.66876 3.14915801352e-24
4518062.57778 3.10228060412e-24
4578161.48679 3.05540319472e-24
4638260.39581 3.00852578532e-24
4698359.30482 2.96164837592e-24
4758458.21384 2.9154083489e-24
4818557.12285 2.87866845506e-24
4878656.03187 2.84192856121e-24
4938754.94088 2.80518866737e-24
4998853.8499 2.76844877353e-24
5058952.75891 2.73170887969e-24
5119051.66792 2.69496898584e-24
5179150.57694 2.658229092e-24
5239249.48595 2.62148919816e-24
5299348.39497 2.58474930431e-24
5359447.30398 2.55094270558e-24
5419546.213 2.5213663416e-24
5479645.12201 2.49178997763e-24
5539744.03103 2.46221361365e-24
5599842.94004 2.43263724968e-24
5659941.84906 2.40306088571e-24
5720040.75807 2.37348452173e-24
5780139.66709 2.34390815776e-24
5840238.5761 2.31433179378e-24
5900337.48512 2.28475542981e-24
5960436.39413 2.25517906583e-24
6020535.30314 2.22924289853e-24
6080634.21216 2.20596242478e-24
6140733.12117 2.18268195103e-24
6200832.03019 2.15940147727e-24
6260930.9392 2.13612100352e-24
6321029.84822 2.11284052976e-24
6381128.75723 2.08956005601e-24
6441227.66625 2.06627958225e-24
6501326.57526 2.0429991085e-24
6561425.48428 2.01971863475e-24
6621524.39329 1.99643816099e-24
6681623.30231 1.97315768724e-24
6741722.21132 1.95188728469e-24
6801821.12034 1.93333328899e-24
6861920.02935 1.91477929328e-24
6922018.93836 1.89622529758e-24
6982117.84738 1.87767130188e-24
7042216.75639 1.85911730617e-24
7102315.66541 1.84056331047e-24
7162414.57442 1.82200931476e-24
7222513.48344 1.80345531906e-24
7282612.39245 1.78490132336e-24
7342711.30147 1.76634732765e-24
7402810.21048 1.74779333195e-24
7462909.1195 1.72923933625e-24
7523008.02851 1.71068534054e-24
7583106.93753 1.69495914474e-24
7643205.84654 1.67998694315e-24
7703304.75556 1.66501474157e-24
7763403.66457 1.65004253998e-24
7823502.57358 1.6350703384e-24
7883601.4826 1.62009813681e-24
7943700.39161 1.60512593523e-24
8003799.30063 1.59015373364e-24
8063898.20964 1.57518153206e-24
8123997.11866 1.56020933047e-24
8184096.02767 1.54523712889e-24
8244194.93669 1.5302649273e-24
8304293.8457 1.51529272572e-24
8364392.75472 1.50032052413e-24
8424491.66373 1.48534832255e-24
8484590.57275 1.47196145935e-24
8544689.48176 1.46022537701e-24
8604788.39078 1.44848929467e-24
8664887.29979 1.43675321233e-24
8724986.2088 1.42501712999e-24
8785085.11782 1.41328104765e-24
8845184.02683 1.40154496531e-24
8905282.93585 1.38980888298e-24
8965381.84486 1.37807280064e-24
9025480.75388 1.3663367183e-24
9085579.66289 1.35460063596e-24
9145678.57191 1.34286455362e-24
9205777.48092 1.33112847128e-24
9265876.38994 1.31939238894e-24
9325975.29895 1.3076563066e-24
9386074.20797 1.29592022426e-24
9446173.11698 1.28418414192e-24
9506272.026 1.27331897767e-24
9566370.93501 1.26427547748e-24
9626469.84403 1.25523197729e-24
9686568.75304 1.24618847711e-24
9746667.66205 1.23714497692e-24
9806766.57107 1.22810147673e-24
9866865.48008 1.21905797654e-24
9926964.3891 1.21001447635e-24
9987063.29811 1.20097097617e-24
10047162.2071 1.19192747598e-24
10107261.1161 1.18288397579e-24
10167360.0252 1.1738404756e-24
10227458.9342 1.16479697541e-24
10287557.8432 1.15575347522e-24
10347656.7522 1.14670997504e-24
10407755.6612 1.13766647485e-24
10467854.5702 1.12862297466e-24
10527953.4792 1.11957947447e-24
10588052.3883 1.11053597428e-24
10648151.2973 1.10161222265e-24
10708250.2063 1.09448805219e-24
10768349.1153 1.08736388172e-24
10828448.0243 1.08023971125e-24
10888546.9333 1.07311554079e-24
10948645.8423 1.06599137032e-24
11008744.7514 1.05886719986e-24
11068843.6604 1.05174302939e-24
11128942.5694 1.04461885893e-24
11189041.4784 1.03749468846e-24
11249140.3874 1.03037051799e-24
11309239.2964 1.02324634753e-24
11369338.2055 1.01612217706e-24
11429437.1145 1.0089980066e-24
11489536.0235 1.00187383613e-24
11549634.9325 9.94749665664e-25
11609733.8415 9.87625495198e-25
11669832.7505 9.80501324732e-25
11729931.6595 9.73377154266e-25
11790030.5686 9.662529838e-25
11850129.4776 9.59128813334e-25
11910228.3866 9.52004642868e-25
11970327.2956 9.45548414984e-25
12030426.2046 9.39904856624e-25
12090525.1136 9.34261298264e-25
12150624.0226 9.28617739904e-25
12210722.9317 9.22974181544e-25
12270821.8407 9.17330623184e-25
12330920.7497 9.11687064824e-25
12391019.6587 9.06043506464e-25
12451118.5677 9.00399948104e-25
12511217.4767 8.94756389744e-25
12571316.3857 8.89112831383e-25
12631415.2948 8.83469273023e-25
12691514.2038 8.77825714663e-25
12751613.1128 8.72182156303e-25
12811712.0218 8.66538597943e-25
12871810.9308 8.60895039583e-25
12931909.8398 8.55251481223e-25
12992008.7488 8.49607922863e-25
13052107.6579 8.43964364503e-25
13112206.5669 8.38320806143e-25
13172305.4759 8.32677247783e-25
13232404.3849 8.27033689423e-25
13292503.2939 8.21390131063e-25
13352602.2029 8.15746572703e-25
13412701.1119 8.10350496839e-25
13472800.021 8.05926737073e-25
13532898.93 8.01502977307e-25
13592997.839 7.97079217541e-25
13653096.748 7.92655457775e-25
13713195.657 7.88231698008e-25
13773294.566 7.83807938242e-25
13833393.4751 7.79384178476e-25
13893492.3841 7.7496041871e-25
13953591.2931 7.70536658944e-25
14013690.2021 7.66112899177e-25
14073789.1111 7.61689139411e-25
14133888.0201 7.57265379645e-25
14193986.9291 7.52841619879e-25
14254085.8382 7.48417860112e-25
14314184.7472 7.43994100346e-25
14374283.6562 7.3957034058e-25
14434382.5652 7.35146580814e-25
14494481.4742 7.30722821048e-25
14554580.3832 7.26299061281e-25
14614679.2922 7.21875301515e-25
14674778.2013 7.17451541749e-25
14734877.1103 7.13027781983e-25
14794976.0193 7.08604022217e-25
14855074.9283 7.0418026245e-25
14915173.8373 6.99756502684e-25
14975272.7463 6.95332742918e-25
15035371.6553 6.90908983152e-25
15095470.5644 6.87506029904e-25
15155569.4734 6.84107261176e-25
15215668.3824 6.80708492448e-25
15275767.2914 6.7730972372e-25
15335866.2004 6.73910954992e-25
15395965.1094 6.70512186265e-25
15456064.0184 6.67113417537e-25
15516162.9275 6.63714648809e-25
15576261.8365 6.60315880081e-25
15636360.7455 6.56917111353e-25
15696459.6545 6.53518342626e-25
15756558.5635 6.50119573898e-25
15816657.4725 6.4672080517e-25
15876756.3816 6.43322036442e-25
15936855.2906 6.39923267715e-25
15996954.1996 6.36524498987e-25
16057053.1086 6.33125730259e-25
16117152.0176 6.29726961531e-25
16177250.9266 6.26328192803e-25
16237349.8356 6.22929424076e-25
16297448.7447 6.19530655348e-25
16357547.6537 6.1613188662e-25
16417646.5627 6.12733117892e-25
16477745.4717 6.09334349165e-25
16537844.3807 6.05935580437e-25
16597943.2897 6.02536811709e-25
16658042.1987 5.99138042981e-25
16718141.1078 5.95739274253e-25
16778240.0168 5.92340505526e-25
16838338.9258 5.88941736798e-25
16898437.8348 5.85923968648e-25
16958536.7438 5.83337231086e-25
17018635.6528 5.80750493524e-25
17078734.5618 5.78163755962e-25
17138833.4709 5.755770184e-25
17198932.3799 5.72990280838e-25
17259031.2889 5.70403543276e-25
17319130.1979 5.67816805714e-25
17379229.1069 5.65230068152e-25
17439328.0159 5.6264333059e-25
17499426.9249 5.60056593029e-25
17559525.834 5.57469855467e-25
17619624.743 5.54883117905e-25
17679723.652 5.52296380343e-25
17739822.561 5.49709642781e-25
17799921.47 5.47122905219e-25
17860020.379 5.44536167657e-25
17920119.2881 5.41949430095e-25
17980218.1971 5.39362692533e-25
18040317.1061 5.36775954972e-25
18100416.0151 5.3418921741e-25
18160514.9241 5.31602479848e-25
18220613.8331 5.29015742286e-25
18280712.7421 5.26429004724e-25
18340811.6512 5.23842267162e-25
18400910.5602 5.212555296e-25
18461009.4692 5.18668792038e-25
18521108.3782 5.16082054476e-25
18581207.2872 5.13495316915e-25
18641306.1962 5.10908579353e-25
18701405.1052 5.08321841791e-25
18761504.0143 5.05735104229e-25
18821602.9233 5.03148366667e-25
18881701.8323 5.00561629105e-25
18941800.7413 4.98108308919e-25
19001899.6503 4.96134567483e-25
19061998.5593 4.94160826046e-25
19122097.4683 4.9218708461e-25
19182196.3774 4.90213343173e-25
19242295.2864 4.88239601737e-25
19302394.1954 4.862658603e-25
19362493.1044 4.84292118863e-25
19422592.0134 4.82318377427e-25
19482690.9224 4.8034463599e-25
19542789.8314 4.78370894554e-25
19602888.7405 4.76397153117e-25
19662987.6495 4.74423411681e-25
19723086.5585 4.72449670244e-25
19783185.4675 4.70475928808e-25
19843284.3765 4.68502187371e-25
19903383.2855 4.66528445935e-25
19963482.1945 4.64554704498e-25
20023581.1036 4.62580963062e-25
20083680.0126 4.60607221625e-25
20143778.9216 4.58633480189e-25
20203877.8306 4.56659738752e-25
20263976.7396 4.54685997316e-25
20324075.6486 4.52712255879e-25
20384174.5577 4.50738514442e-25
20444273.4667 4.48764773006e-25
20504372.3757 4.46791031569e-25
20564471.2847 4.44817290133e-25
20624570.1937 4.42843548696e-25
20684669.1027 4.4086980726e-25
20744768.0117 4.38896065823e-25
20804866.9208 4.36922324387e-25
20864965.8298 4.3494858295e-25
20925064.7388 4.32974841514e-25
20985163.6478 4.31001100077e-25
21045262.5568 4.29027358641e-25
21105361.4658 4.27053617204e-25
21165460.3748 4.25079875768e-25
21225559.2839 4.23106134331e-25
21285658.1929 4.21536678465e-25
21345757.1019 4.20076784882e-25
21405856.0109 4.18616891299e-25
21465954.9199 4.17156997716e-25
21526053.8289 4.15697104133e-25
21586152.7379 4.1423721055e-25
21646251.647 4.12777316967e-25
21706350.556 4.11317423384e-25
21766449.465 4.09857529801e-25
21826548.374 4.08397636218e-25
21886647.283 4.06937742635e-25
21946746.192 4.05477849052e-25
22006845.101 4.04017955469e-25
22066944.0101 4.02558061886e-25
22127042.9191 4.01098168303e-25
22187141.8281 3.9963827472e-25
22247240.7371 3.98178381137e-25
22307339.6461 3.96718487554e-25
22367438.5551 3.95258593971e-25
22427537.4642 3.93798700388e-25
22487636.3732 3.92338806805e-25
22547735.2822 3.90878913222e-25
22607834.1912 3.89419019639e-25
22667933.1002 3.87959126056e-25
22728032.0092 3.86499232473e-25
22788130.9182 3.8503933889e-25
22848229.8273 3.83579445307e-25
22908328.7363 3.82119551724e-25
22968427.6453 3.80659658141e-25
23028526.5543 3.79199764558e-25
23088625.4633 3.77739870975e-25
23148724.3723 3.76279977392e-25
23208823.2813 3.74820083809e-25
23268922.1904 3.73360190226e-25
23329021.0994 3.71900296643e-25
23389120.0084 3.7044040306e-25
23449218.9174 3.68980509477e-25
23509317.8264 3.67520615894e-25
23569416.7354 3.66060722311e-25
23629515.6444 3.64600828728e-25
23689614.5535 3.63140935145e-25
23749713.4625 3.61681041562e-25
23809812.3715 3.60221147979e-25
23869911.2805 3.58990491264e-25
23930010.1895 3.57874467577e-25
23990109.0985 3.5675844389e-25
24050208.0075 3.55642420204e-25
24110306.9166 3.54526396517e-25
24170405.8256 3.53410372831e-25
24230504.7346 3.52294349144e-25
24290603.6436 3.51178325457e-25
24350702.5526 3.50062301771e-25
24410801.4616 3.48946278084e-25
24470900.3706 3.47830254398e-25
24530999.2797 3.46714230711e-25
24591098.1887 3.45598207024e-25
24651197.0977 3.44482183338e-25
24711296.0067 3.43366159651e-25
24771394.9157 3.42250135965e-25
24831493.8247 3.41134112278e-25
24891592.7338 3.40018088591e-25
24951691.6428 3.38902064905e-25
25011790.5518 3.37786041218e-25
25071889.4608 3.36670017532e-25
25131988.3698 3.35553993845e-25
25192087.2788 3.34437970158e-25
25252186.1878 3.33321946472e-25
25312285.0969 3.32205922785e-25
25372384.0059 3.31089899099e-25
25432482.9149 3.29973875412e-25
25492581.8239 3.28857851725e-25
25552680.7329 3.27741828039e-25
25612779.6419 3.26625804352e-25
25672878.5509 3.25509780666e-25
25732977.46 3.24393756979e-25
25793076.369 3.23277733292e-25
25853175.278 3.22161709606e-25
25913274.187 3.21045685919e-25
25973373.096 3.19929662233e-25
26033472.005 3.18813638546e-25
26093570.914 3.17697614859e-25
26153669.8231 3.16581591173e-25
26213768.7321 3.15465567486e-25
26273867.6411 3.14349543799e-25
26333966.5501 3.13233520113e-25
26394065.4591 3.12117496426e-25
26454164.3681 3.1100147274e-25
26514263.2771 3.09885449053e-25
26574362.1862 3.08769425366e-25
26634461.0952 3.0765340168e-25
26694560.0042 3.06537377993e-25
26754658.9132 3.05516588424e-25
26814757.8222 3.04734669205e-25
26874856.7312 3.03952749987e-25
26934955.6403 3.03170830768e-25
26995054.5493 3.0238891155e-25
27055153.4583 3.01606992332e-25
27115252.3673 3.00825073113e-25
27175351.2763 3.00043153895e-25
27235450.1853 2.99261234677e-25
27295549.0943 2.98479315458e-25
27355648.0034 2.9769739624e-25
27415746.9124 2.96915477021e-25
27475845.8214 2.96133557803e-25
27535944.7304 2.95351638585e-25
27596043.6394 2.94569719366e-25
27656142.5484 2.93787800148e-25
27716241.4574 2.93005880929e-25
27776340.3665 2.92223961711e-25
27836439.2755 2.91442042493e-25
27896538.1845 2.90660123274e-25
27956637.0935 2.89878204056e-25
28016736.0025 2.89096284838e-25
28076834.9115 2.88314365619e-25
28136933.8205 2.87532446401e-25
28197032.7296 2.86750527182e-25
28257131.6386 2.85968607964e-25
28317230.5476 2.85186688746e-25
28377329.4566 2.84404769527e-25
28437428.3656 2.83622850309e-25
28497527.2746 2.8284093109e-25
28557626.1836 2.82059011872e-25
28617725.0927 2.81277092654e-25
28677824.0017 2.80495173435e-25
28737922.9107 2.79713254217e-25
28798021.8197 2.78931334999e-25
28858120.7287 2.7814941578e-25
28918219.6377 2.77367496562e-25
28978318.5468 2.76585577343e-25
29038417.4558 2.75803658125e-25
29098516.3648 2.75021738907e-25
29158615.2738 2.74239819688e-25
29218714.1828 2.7345790047e-25
29278813.0918 2.72675981251e-25
29338912.0008 2.71894062033e-25
29399010.9099 2.71112142815e-25
29459109.8189 2.70330223596e-25
29519208.7279 2.69548304378e-25
29579307.6369 2.6876638516e-25
29639406.5459 2.67984465941e-25
29699505.4549 2.67202546723e-25
29759604.3639 2.66420627504e-25
29819703.273 2.65638708286e-25
29879802.182 2.64856789068e-25
29939901.091 2.64074869849e-25
30000000.0 2.63292950631e-25
38973952.2417 1e-300
50632298.4447 1e-300
65778026.0491 1e-300
85454321.5265 1e-300
111016421.534 1e-300
144224957.031 1e-300
187367219.579 1e-300
243414702.252 1e-300
316227766.017 1e-300
