40000.0 5.8146570299472e-20
44880.73817207852 5.0245249212816474e-20
50357.0164717667 4.335496468799638e-20
56501.501784910164 3.735316771125262e-20
63395.72769844456 3.21186746179432e-20
71131.17640155692 2.7571914075551283e-20
79810.49259875515 2.3633346417798788e-20
89548.8455427336 2.02226890165241e-20
100475.45726038318 1.7270162574334224e-20
112735.3172505782 1.4720206105603667e-20
126491.10640673517 1.2518156244001718e-20
141925.35569343015 1.0622178832927336e-20
159242.86822139894 8.99301836471411e-21
178673.4368603852 7.594818368551606e-21
200474.89345090897 6.396384352518926e-21
224936.53007613964 5.3713089945587614e-21
252382.9377920772 4.4922981522387195e-21
283178.31375365524 3.743594699067451e-21
317731.29388971254 3.10806926159353e-21
356500.3752534984 2.5704836816256278e-21
400000.0 2.1175936418085297e-21
448807.3817207854 1.737983387396095e-21
503570.16471766704 1.4202691052871618e-21
565015.0178491016 1.1558881889239842e-21
633957.2769844453 9.36599148047835e-22
711311.7640155692 7.5516118063671e-22
798104.9259875519 6.055530145473483e-22
895488.4554273359 4.828743964777989e-22
1004754.5726038318 3.8211864768162295e-22
1127353.1725057815 3.002940059667981e-22
1264911.0640673516 2.3430041811258756e-22
1419253.556934302 1.8142264891314828e-22
1592428.6822139893 1.393443113552945e-22
1786734.368603852 1.061156250165146e-22
2004748.9345090888 7.99107132714723e-23
2249365.3007613965 5.959231997830826e-23
2523829.3779207733 4.4002203712544764e-23
2831783.1375365523 3.2152417355585185e-23
3177312.9388971254 2.3240127928108703e-23
3565003.7525349823 1.6623057015899794e-23
4000000.0 1.1721574785642107e-23
4488073.817207854 8.171247229964425e-24
5035701.647176669 5.6293766570768496e-24
5650150.178491018 3.837516640106886e-24
6339572.769844454 2.5920108537800105e-24
7113117.640155692 1.7344060413502834e-24
7981049.259875519 1.147685214795604e-24
8954884.554273358 7.560614100473565e-25
10047545.726038322 4.977936651765773e-25
11273531.725057816 3.290378470972705e-25
12649110.640673518 2.1946351486910427e-25
14192535.56934302 1.485684360932412e-25
15924286.822139887 1.0322034565443099e-25
17867343.686038528 7.418074714788107e-26
20047489.34509089 5.478991542401953e-26
22493653.007613964 4.1115703791776317e-26
25238293.77920773 3.1447659448643444e-26
28317831.375365518 2.426843762853853e-26
31773129.388971258 1.8281832536343068e-26
35650037.52534982 1.3301202602485404e-26
40000000.0 1.0148791669127727e-26
50330483.608206674 1e-300
63328939.505899 1e-300
79684403.79316902 1e-300
100263864.47354534 1e-300
126158219.68453044 1e-300
158740105.19682017 1e-300
199736656.56433856 1e-300
251321062.97923663 1e-300
316227766.01683795 1e-300
