300.0 4.6092498616114625e-16
336.60553629058893 4.214369331422734e-16
377.67762353825026 3.848514069703979e-16
423.76126338682616 3.504285711039948e-16
475.46795773833423 3.17509810335223e-16
533.4838230116768 2.872619262966617e-16
598.5786944906637 2.5939215333525334e-16
671.616341570502 2.3392503017280525e-16
753.5659294528738 2.1075722411655453e-16
845.5148793793364 1.8943453524625617e-16
948.6832980505137 1.7005714431634017e-16
1064.440167700726 1.5200808281557545e-16
1194.321511660492 1.3559990842574872e-16
1340.050776452889 1.208440844252641e-16
1503.5617008818174 1.0756097133507119e-16
1687.0239755710472 9.546516545750062e-17
1892.8720334405791 8.472933787771815e-17
2123.837353152414 7.513223377320223e-17
2382.984704172844 6.657836270132941e-17
2673.7528144012376 5.894488842747207e-17
3000.0 5.21280162766411e-17
3366.0553629058904 4.606673637879695e-17
3776.7762353825024 4.071247689335915e-17
4237.6126338682625 3.598856465371212e-17
4754.679577383341 3.1788191108256203e-17
5334.8382301167685 2.804887916754366e-17
5985.786944906639 2.4737005492978173e-17
6716.163415705019 2.1836738276117744e-17
7535.659294528738 1.930516228104509e-17
8455.148793793362 1.7057021413054542e-17
9486.832980505138 1.5076523058614915e-17
10644.401677007265 1.3331445508480959e-17
11943.21511660492 1.1791044631313064e-17
13400.50776452889 1.0434595415100446e-17
15035.617008818166 9.249057650088209e-18
16870.23975571047 8.184543845779922e-18
18928.7203344058 7.249514474990152e-18
21238.37353152414 6.419485086411902e-18
23829.84704172844 5.675906810315183e-18
26737.528144012365 5.024171323006063e-18
30000.0 4.446715996989052e-18
33660.55362905891 3.9283333687808315e-18
37767.76235382502 3.466386369735315e-18
42376.12633868263 3.0552854198404846e-18
47546.7957738334 2.689258156891814e-18
53348.38230116769 2.363748365674663e-18
59857.86944906639 2.067989628494933e-18
67161.63415705018 1.804107045165494e-18
75356.5929452874 1.573918749138414e-18
84551.48793793362 1.3692633095705826e-18
94868.32980505138 1.1842737129044446e-18
106444.01677007263 1.0204399196868438e-18
119432.15116604917 8.75353333837986e-19
134005.07764528893 7.479786002687883e-19
150356.17008818168 6.364644101302879e-19
168702.3975571047 5.389579101890863e-19
189287.20334405798 4.541332245482041e-19
212383.73531524139 3.8157106763945164e-19
238298.47041728444 3.204094134208175e-19
267375.2814401237 2.667595726262742e-19
300000.0 2.272803946673002e-19
650124.7067126234 1e-300
1408873.7809272478 1e-300
3053145.512068098 1e-300
6616417.768614112 1e-300
14338322.20436146 1e-300
31072325.05953855 1e-300
67336287.38737263 1e-300
145923280.29610842 1e-300
316227766.01683795 1e-300
