100148.28108845324 1.9164421311887526e-19
100353.7460385909 1.9102374705261923e-19
100559.6325221314 1.9040200803361836e-19
100765.94140389598 1.8977899345027283e-19
100972.6735504799 1.891547006856254e-19
101179.82983025642 1.885291271173499e-19
101387.41111338028 1.8790227011774026e-19
101595.41827179151 1.872741270536993e-19
101803.85217921916 1.8664469528672705e-19
102012.71371118426 1.8601397217291247e-19
102222.00374500465 1.8538195506291822e-19
102431.72315979788 1.8474864130197226e-19
102641.87283648514 1.8411402822985583e-19
102852.45365779489 1.834781131808926e-19
103063.46650826678 1.8284089348393676e-19
103274.91227425466 1.822023664623641e-19
103486.79184393132 1.815625294340573e-19
103699.10610729166 1.8092137971139667e-19
103911.85595615646 1.8027891460124895e-19
104125.04228417606 1.796351314049556e-19
104338.66598683459 1.789900274183206e-19
104552.7279614526 1.7834359993160206e-19
104767.22910719232 1.7769584622949687e-19
104982.17032506042 1.7704676359113188e-19
105197.55251791215 1.763963492900515e-19
105413.376590455 1.7574460059420678e-19
105629.64344925262 1.750915147659437e-19
105846.35400272874 1.7443708906199075e-19
106063.5091611702 1.737813207334506e-19
106281.10983673204 1.7312420702578385e-19
106499.15694344047 1.724657451788011e-19
106717.65139719688 1.7227018399781593e-19
106936.5941157818 1.717568195402926e-19
107155.98601885886 1.7124240186047149e-19
107375.82802797783 1.7072692879755516e-19
107596.12106657978 1.702103981863113e-19
107816.8660600001 1.6969280785706602e-19
108038.0639354727 1.69174155635694e-19
108259.71562213365 1.6865443934360957e-19
108481.82205102534 1.6813365679775745e-19
108704.38415510052 1.676118058106031e-19
108927.40286922528 1.6708888419012545e-19
109150.87913018436 1.6656488973980475e-19
109374.81387668429 1.6603982025861544e-19
109599.20804935729 1.6551367354101638e-19
109824.06259076553 1.6498644737694126e-19
110049.37844540509 1.6445813955178933e-19
110275.15655970917 1.639287478464178e-19
110501.39788205328 1.6339827003712948e-19
110728.10336275848 1.6286670389566565e-19
110955.27395409545 1.6233404718919593e-19
111182.9106102886 1.6180029768030914e-19
111411.01428752024 1.6126545312700342e-19
111639.58594393371 1.607295112826785e-19
111868.62653963879 1.6019246989612353e-19
112098.13703671476 1.5965432671150959e-19
112328.1183992147 1.5911507946837977e-19
112558.57159316963 1.585747259016394e-19
112789.49758659242 1.5803326374154686e-19
113020.89734948214 1.574906907137033e-19
113252.7718538273 1.5694700453904537e-19
113485.12207361116 1.5640220293383231e-19
113717.948984815 1.558562836096387e-19
113951.25356542245 1.5530924427334393e-19
114185.0367954236 1.5476108262712295e-19
114419.29965681928 1.54211796368436e-19
114654.04313362433 1.5366138319002095e-19
114889.26821187309 1.531098407798803e-19
115124.9758796226 1.5255716682127417e-19
115361.16712695705 1.520033589927092e-19
115597.84294599188 1.5144841496792956e-19
115835.00433087796 1.5089233241590674e-19
116072.65227780599 1.5033510900082916e-19
116310.78778500974 1.4977674238209518e-19
116549.41185277171 1.49217230214299e-19
116788.52548342635 1.486565701472237e-19
117028.12968136447 1.4809475982583084e-19
117268.22545303755 1.4753179689025013e-19
117508.81380696205 1.469676789757693e-19
117749.89575372296 1.4640240371282604e-19
117991.47230597913 1.4583596872699553e-19
118233.54447846685 1.4526837163898153e-19
118476.11328800427 1.4469961006460674e-19
118719.17975349558 1.4412968161480235e-19
118962.74489593541 1.4355858389559815e-19
119206.8097384133 1.429863145081118e-19
119451.37530611701 1.4241287104854125e-19
119696.44262633836 1.4183825110815105e-19
119942.01272847655 1.4157419369028244e-19
120188.08664404257 1.4114603029556392e-19
120434.66540666384 1.407169884776753e-19
120681.75005208848 1.4028706643443685e-19
120929.34161818889 1.398562623599726e-19
121177.44114496751 1.3942457444470026e-19
121426.0496745602 1.3899200087532565e-19
121675.1682512409 1.385585398348342e-19
121924.79792142594 1.3812418950248368e-19
122174.93973367877 1.37688948053796e-19
122425.59473871333 1.372528136605511e-19
122676.76398939994 1.3681578449077695e-19
122928.4485407688 1.3637785870874348e-19
123180.64945001452 1.359390344749544e-19
123433.36777650077 1.3549930994613937e-19
123686.60458176454 1.350586832752466e-19
123940.36092952098 1.3461715261143422e-19
124194.63788566676 1.3417471610006474e-19
124449.43651828614 1.3373137188269408e-19
124704.7578976544 1.33287118097066e-19
124960.60309624264 1.3284195287710353e-19
125216.97318872223 1.3239587435290131e-19
125473.86925196956 1.3194888065071716e-19
125731.29236506963 1.3150096989296616e-19
125989.24360932207 1.3105214019820986e-19
126247.72406824461 1.306023896811504e-19
126506.73482757795 1.3015171645262188e-19
126766.27697529037 1.297001186195827e-19
127026.35160158211 1.292475942851075e-19
127286.95979889044 1.2879414154837862e-19
127548.10266189303 1.2833975850468005e-19
127809.78128751427 1.2788444324538678e-19
128071.99677492863 1.2742819385795837e-19
128334.75022556576 1.2697100842593075e-19
128598.04274311491 1.2651288502890782e-19
128861.87543353006 1.2605382174255332e-19
129126.2494050332 1.255938166385843e-19
129391.16576812098 1.2513286778476028e-19
129656.62563556788 1.2467097324487724e-19
129922.63012243148 1.2420813107875865e-19
130189.18034605694 1.2374433934224752e-19
130456.27742608187 1.2327959608719824e-19
130723.9224844411 1.2281389936146795e-19
130992.1166453705 1.2234724720891013e-19
131260.8610354132 1.2187963766936357e-19
131530.1567834233 1.2141106877864612e-19
131800.0050205709 1.2094153856854581e-19
132070.40688034674 1.204710450668128e-19
132341.3634985673 1.1999958629715038e-19
132612.87601337864 1.195271602792087e-19
132884.94556526252 1.1905376502857353e-19
133157.57329704028 1.1857939855676013e-19
133430.76035387794 1.1810405887120378e-19
133704.50788329082 1.1762774397525218e-19
133978.81703514894 1.1715045186815597e-19
134253.68896168045 1.1667218054506243e-19
134529.12481747832 1.163294814816173e-19
134805.12575950395 1.1596924114860808e-19
135081.6929470924 1.1560826174388179e-19
135358.82754195726 1.152465417511536e-19
135636.53070819544 1.1488407965102757e-19
135914.80361229242 1.145208739209905e-19
136193.64742312607 1.1415692303540635e-19
136473.06331197312 1.1379222546550826e-19
136753.052452513 1.134267796793932e-19
137033.61602083308 1.1306058414201523e-19
137314.75519543368 1.126936373151792e-19
137596.47115723317 1.1232593765753368e-19
137878.76508957177 1.1195748362456627e-19
138161.63817821842 1.1158827366859455e-19
138445.0916113745 1.1121830623876145e-19
138729.12657967897 1.1084757978102788e-19
139013.7442762137 1.1047609273816675e-19
139298.9458965082 1.101038435497559e-19
139584.732638545 1.097308306521716e-19
139871.10570276366 1.093570524785833e-19
140158.06629206732 1.0898250745894463e-19
140445.61561182677 1.0860719401998866e-19
140733.75486988577 1.0823111058522065e-19
141022.485276566 1.0785425557491151e-19
141311.80804467274 1.0747662740609084e-19
141601.72438949838 1.070982244925417e-19
141892.2355288296 1.067190452447917e-19
142183.34268295113 1.0633908807010794e-19
142475.04707465135 1.0595835137248974e-19
142767.3499292273 1.0557683355266211e-19
143060.25247449003 1.0519453300806867e-19
143353.7559407688 1.0481144813286623e-19
143647.86156091795 1.0442757731791596e-19
143942.57057032073 1.0404291895077818e-19
144237.88420689493 1.0365747141570494e-19
144533.8037110982 1.0327123309363352e-19
144830.33032593297 1.0288420236217949e-19
145127.46529695217 1.0249637759562956e-19
145425.20987226325 1.0210775716493627e-19
145723.56530253513 1.017183394377088e-19
146022.53284100236 1.0132812277820772e-19
146322.11374347063 1.0093710554733771e-19
146622.309268322 1.0054528610264065e-19
146923.1206765206 1.0015266279828839e-19
147224.5492316166 9.975923398507731e-20
147526.59619975346 9.936499801041914e-20
147829.2628496719 9.89699532183354e-20
148132.55045271563 9.857409794945052e-20
148436.46028283666 9.817743054098419e-20
148740.9936166006 9.777994932674488e-20
149046.15173319244 9.73816526371223e-20
149351.9359144206 9.698253879908195e-20
149658.34744472423 9.658260613615577e-20
149965.38761117728 9.618185296843656e-20
150273.05770349433 9.578027761257061e-20
150581.35901403584 9.537787838175072e-20
150890.2928378142 9.488808147644328e-20
151199.86047249747 9.459286898955133e-20
151510.06321841717 9.429705084254984e-20
151820.90237857212 9.400062579286201e-20
152132.37925863446 9.370359259536184e-20
152444.49516695508 9.340595000236882e-20
152757.251414569 9.310769676364262e-20
153070.64931520136 9.280883162637775e-20
153384.6901852716 9.250935333519918e-20
153699.37534390087 9.220926063215559e-20
154014.70611291632 9.190855225671502e-20
154330.68381685688 9.160722694575955e-20
154647.30978297914 9.13052834335796e-20
154964.58534126275 9.100272045186884e-20
155282.5118244152 9.069953672971952e-20
155601.0905678791 9.039573099361574e-20
155920.3229098364 9.009130196742903e-20
156240.2101912146 8.978624837241299e-20
156560.75375569228 8.948056892719751e-20
156881.954949705 8.917426234778346e-20
157203.81512244963 8.886732734753828e-20
157526.33562589216 8.855976263718889e-20
157849.51781477194 8.825156692481743e-20
158173.3630466076 8.794273891585548e-20
158497.87268170304 8.76332773130787e-20
158823.04808315277 8.732318081660141e-20
159148.89061684837 8.701244812387062e-20
159475.4016514825 8.670107792966211e-20
159802.58255855704 8.638906892607283e-20
160130.43471238718 8.607641980251676e-20
160458.95949010763 8.576312924571904e-20
160788.15827167858 8.544919593971054e-20
161118.0324398916 8.513461856582199e-20
161448.5833803743 8.481939580267948e-20
161779.81248159785 8.450352632619747e-20
162111.7211348819 8.41870088095741e-20
162444.31073440044 8.386984192328543e-20
162777.58267718772 8.355202433507986e-20
163111.53836314433 8.323355470997256e-20
163446.179195043 8.291443171023955e-20
163781.50657853356 8.259465399541323e-20
164117.52192215066 8.227422022227499e-20
164454.2266373183 8.195312904485081e-20
164791.6221383563 8.163137911440517e-20
165129.709842486 8.130896907943552e-20
165468.4911698367 8.098589758566629e-20
165807.96754345016 8.066216327604437e-20
166148.14038928883 8.033776479073154e-20
166489.0111362402 8.00127007671001e-20
166830.58121612336 7.968696983972669e-20
167172.85206369488 7.936057064038673e-20
167515.82511665527 7.903350179804815e-20
167859.50181565352 7.870576193886723e-20
168203.8836042954 7.837734968618042e-20
168548.97192914804 7.804826366050033e-20
168894.7682397463 7.771850247950932e-20
169241.27398859896 7.707614828328251e-20
169588.4906311947 7.682658221951543e-20
169936.41962600875 7.657650414417593e-20
170285.0624345075 7.632591300681783e-20
170634.4205211566 7.607480775483911e-20
170984.4953534261 7.582318733347834e-20
171335.28840179645 7.557105068581028e-20
171686.8011397652 7.531839675274124e-20
172039.0350438531 7.506522447300443e-20
172391.99159360916 7.48115327831565e-20
172745.67227161897 7.455732061757163e-20
173100.07856350933 7.430258690843795e-20
173455.211957955 7.404733058575286e-20
173811.07394668498 7.379155057731856e-20
174167.66602448863 7.353524580873756e-20
174524.98968922242 7.327841520340777e-20
174883.04644181477 7.302105768251923e-20
175241.83778627453 7.276317216504774e-20
175601.36522969566 7.250475756775172e-20
175961.63028226432 7.224581280516706e-20
176322.6344572648 7.198633678960278e-20
176684.37927108648 7.172632843113611e-20
177046.86624322872 7.146578663760891e-20
177410.09689630932 7.120471031462169e-20
177774.07275606963 7.094309836552981e-20
178138.79535138104 7.068094969143885e-20
178504.2662142518 7.041826319119984e-20
178870.4868798331 7.015503776140474e-20
179237.4588864261 6.989127229638138e-20
179605.18377548672 6.96269656881901e-20
179973.66309163463 6.936211682661731e-20
180342.89838265794 6.909672459917195e-20
180712.89119952027 6.883078789108064e-20
181083.64309636728 6.856430558528287e-20
181455.1556305333 6.829727656242612e-20
181827.43036254676 6.802969970086215e-20
182200.46885613873 6.776157387664079e-20
182574.27267824815 6.749289796350623e-20
182948.84339902853 6.7223670832892e-20
183324.18259185494 6.695389135391625e-20
183700.29183333053 6.668355839337676e-20
184077.17270329216 6.64126708157472e-20
184454.82678481872 6.614122748317086e-20
184833.25566423687 6.586922725545675e-20
185212.46093112766 6.55966689900747e-20
185592.4441783333 6.532355154215055e-20
185973.2070019639 6.504987376446129e-20
186354.7510014046 6.477563450742998e-20
186737.0777793207 6.4500832619122e-20
187120.18894166665 6.422546694523862e-20
187504.0860976913 6.394953632911319e-20
187888.770859945 6.367303961170609e-20
188274.24484428662 6.339597563159974e-20
188660.5096698903 6.31183432249935e-20
189047.56695925104 6.284014122570002e-20
189435.4183381937 6.256136846513842e-20
189824.0654358783 6.26929365281383e-20
190213.50988480722 6.24824087775469e-20
190603.75332083218 6.227144910667382e-20
190994.79738316106 6.206005662938824e-20
191386.64371436494 6.184823045774114e-20
191779.29396038383 6.163596970196233e-20
192172.74977053562 6.142327347045568e-20
192567.0127975217 6.121014086979595e-20
192962.08469743398 6.099657100472493e-20
193357.9671297621 6.078256297814787e-20
193754.66175740078 6.056811589112903e-20
194152.17024665512 6.035322884288928e-20
194550.4942672499 6.013790093080078e-20
194949.63549233525 5.992213125038392e-20
195349.59559849396 5.97059188953036e-20
195750.37626574843 5.94892629573652e-20
196151.97917756788 5.927216252651087e-20
196554.40602087567 5.905461669081551e-20
196957.65848605483 5.883662453648364e-20
197361.7382669578 5.861818514784445e-20
197766.64706091155 5.839929760734877e-20
198172.3865687253 5.817996099556496e-20
198578.95849469776 5.796017439117507e-20
198986.36454662462 5.773993687097067e-20
199394.6064358039 5.751924750985007e-20
199803.6858770459 5.729810538081287e-20
200213.60458867863 5.707650955495709e-20
200624.3642925553 5.685445910147503e-20
201035.9667140619 5.663195308764928e-20
201448.4135821245 5.640899057884862e-20
201861.706629215 5.618557063852512e-20
202275.84759136094 5.596169232820865e-20
202690.83820815114 5.573735470750396e-20
203106.68022274325 5.551255683408648e-20
203523.3753818713 5.528729776369837e-20
203940.92543585287 5.506157655014452e-20
204359.33213859698 5.483539224528837e-20
204778.59724760964 5.460874389904889e-20
205198.72252400394 5.438163055939513e-20
205619.70973250558 5.4154051272343136e-20
206041.56064146088 5.392600508195183e-20
206464.2770228439 5.369749103031893e-20
206887.8606522648 5.3468508157576563e-20
207312.3133089751 5.32390555018884e-20
207737.63677587805 5.300913209944404e-20
208163.8328395342 5.277873698445601e-20
208590.90329016958 5.2547869189155336e-20
209018.84992168276 5.231652774378767e-20
209447.67453165306 5.2084711676608986e-20
209877.37892134784 5.1852420013881514e-20
210307.9648957289 5.1619651779870354e-20
210739.4342634622 5.138640599683813e-20
211171.78883692413 5.1152681685041766e-20
211605.03043220917 5.091847786272812e-20
212039.1608691379 5.0683793546129914e-20
212474.18197126477 5.0448627749461247e-20
212910.09556588423 5.050814310197665e-20
213346.9034840408 5.0330093281631366e-20
213784.60756053528 5.0151678172965e-20
214223.2096339327 4.997289702654932e-20
214662.71154657012 4.979374909141863e-20
215103.11514456474 4.961423361506626e-20
215544.42227782006 4.943434984344234e-20
215986.63480003606 4.9254097020949395e-20
216429.75456871543 4.9073474390439954e-20
216873.7834451716 4.889248119321317e-20
217318.72329453687 4.871111666901161e-20
217764.57598576992 4.852938005601814e-20
218211.34339166427 4.834727059085251e-20
218659.0273888544 4.8164787508568757e-20
219107.62985782613 4.798193004265113e-20
219557.15268292304 4.7798697425011374e-20
220007.5977523544 4.761508888598549e-20
220458.96695820356 4.743110365433037e-20
220911.26219643594 4.724674095722047e-20
221364.48536690566 4.706200002024524e-20
221818.63837336557 4.687688006740485e-20
222273.7231234742 4.669138032110751e-20
222729.74152880354 4.6505500002166216e-20
223186.69550484762 4.6319238329795284e-20
223644.58697103013 4.613259452160727e-20
224103.41785071322 4.594556779360928e-20
224563.1900712036 4.57581573602006e-20
225023.90556376343 4.557036243416825e-20
225485.5662636167 4.538218222668427e-20
225948.1741099576 4.519361594730244e-20
226411.73104595885 4.5004662803954795e-20
226876.23901878024 4.481532200294818e-20
227341.69997957494 4.4625592748961704e-20
227808.11588350058 4.4435474245042143e-20
228275.48868972552 4.4244965692601514e-20
228743.82036143754 4.4054066291413376e-20
229213.11286585213 4.386277523960958e-20
229683.3681742207 4.367109173367682e-20
230154.58826183947 4.347901496845315e-20
230626.77510805565 4.328654413712528e-20
231099.9306962788 4.309367843122409e-20
231574.05701398707 4.2900417040622053e-20
232049.15605273633 4.2706759153529476e-20
232525.22980816805 4.251270395649125e-20
233002.2802800188 4.23182506343832e-20
233480.3094721261 4.2123398370409383e-20
233959.31939244017 4.1928146346097506e-20
234439.31205303018 4.173249374129635e-20
234920.28947009332 4.153643973417205e-20
235402.25366396326 4.13399835012046e-20
235885.20665911894 4.114312421718435e-20
236369.15048419143 4.094586105520916e-20
236854.08717197517 4.0748193186679864e-20
237340.0187594346 4.055011978129752e-20
237826.94728771324 4.035164000705973e-20
238314.87480214212 4.015275303025717e-20
238803.80335224865 3.9953458015470064e-20
239293.73499176546 4.033593878683966e-20
239784.67177863722 4.0192826456174454e-20
240276.61577503203 4.004942051519897e-20
240769.56904734846 3.9905720361540124e-20
241263.5336662243 3.976172539158904e-20
241758.51170654575 3.961743500049842e-20
242254.50524745605 3.947284858217994e-20
242751.51637236273 3.932796552930225e-20
243249.54716894915 3.9182785233287587e-20
243748.5997291812 3.90373070843097e-20
244248.67614931669 3.8891530471291294e-20
244749.7785299141 3.8745454781901326e-20
245251.90897584145 3.859907940255254e-20
245755.0695962857 3.845240371839864e-20
246259.26250475942 3.830542711333238e-20
246764.48981911282 3.8158148969982065e-20
247270.75366154063 3.801056866970951e-20
247778.05615859147 3.786268559260738e-20
248286.3994411768 3.7714499117496486e-20
248795.78564458044 3.756600862192308e-20
249306.2169084653 3.741721348215687e-20
249817.69537688573 3.726811307318744e-20
250330.22319829417 3.711870676872224e-20
250843.80252555103 3.6968993941183794e-20
251358.4355159334 3.681897396170716e-20
251874.12433114432 3.666864620013712e-20
252390.87113732228 3.6518010025025537e-20
252908.67810504825 3.6367064803629215e-20
253427.54740935803 3.621580990190638e-20
253947.48122974916 3.6064244684514573e-20
254468.48175019067 3.591236851480793e-20
254990.55115913218 3.5760180754834357e-20
255513.6916495138 3.560768076533283e-20
256037.905418773 3.5454867905731257e-20
256563.19466885715 3.530174153414288e-20
257089.56160623062 3.51483010073642e-20
257617.0084418846 3.499454568087214e-20
258145.5373913463 3.4840474908821286e-20
258675.15067468895 3.4686088044041025e-20
259205.85051653875 3.4531384438033543e-20
259737.6391460878 3.437636344097e-20
260270.51879710093 3.4221024401688614e-20
260804.49170792566 3.4065366667691624e-20
261339.56012150203 3.3909389585142595e-20
261875.72628537146 3.3753092498863687e-20
262412.992451687 3.3596474752332764e-20
262951.36087722087 3.343953568768117e-20
263490.83382337657 3.3282274645690145e-20
264031.4135561967 3.312469096578863e-20
264573.10234637314 3.2966783986050297e-20
265115.90246925596 3.2808553043190805e-20
265659.81620486407 3.26499974725649e-20
266204.8458378924 3.249111660816418e-20
266750.993657725 3.2331909782613384e-20
267298.261958442 3.2172376327168203e-20
267846.6530388302 3.2012515571712373e-20
268396.16920239275 3.176522116319696e-20
268946.8127573585 3.1656114425713495e-20
269498.5860166925 3.154678384404475e-20
270051.49129810353 3.1437228958950564e-20
270605.53092405683 3.1327449310248254e-20
271160.70722178207 3.1217444436811186e-20
271717.02252328343 3.1107213876566605e-20
272274.4791653494 3.099675716649381e-20
272833.0794895632 3.088607384262204e-20
273392.8258423105 3.077516344002897e-20
273953.7205747925 3.066402549283813e-20
274515.7660430332 3.055265953421734e-20
275078.9646078909 3.044106509637667e-20
275643.31863506703 3.032924171056647e-20
276208.83049511694 3.02171889070753e-20
276775.5025634581 3.010490621522839e-20
277343.337220383 2.9992393163384946e-20
277912.33685106674 2.9879649278936757e-20
278482.50384557823 2.9766674088305925e-20
279053.8405988895 2.9653467116942985e-20
279626.34951088653 2.954002788932489e-20
280200.03298637917 2.942635592895286e-20
280774.89343510935 2.931245075835093e-20
281350.9332717646 2.919831189906315e-20
281928.1549159859 2.9083938871652076e-20
282506.56079237827 2.896933119569669e-20
283086.15333052125 2.8854488389790284e-20
283666.93496497936 2.8739409971538426e-20
284248.90813531016 2.862409545755733e-20
284832.0752860781 2.850854436347112e-20
285416.4388668619 2.839275620391034e-20
286002.0013322666 2.82767304925097e-20
286588.7651419325 2.8160466741906123e-20
287176.7327605464 2.8043964463736585e-20
287765.906657852 2.792722316863612e-20
288356.2893086585 2.7810242366236004e-20
288947.88319285406 2.769302156516124e-20
289540.69079541403 2.757556027302872e-20
290134.71460641193 2.745785799644528e-20
290729.9571210299 2.733991424100542e-20
291326.42083956976 2.7221728511289226e-20
291924.1082674614 2.7103300310860727e-20
292523.0219152765 2.698462914226512e-20
293123.1642987369 2.686571450702711e-20
293724.5379387256 2.6746555905648758e-20
294327.14536129765 2.6627152837607322e-20
294930.98909769044 2.6507504801353206e-20
295536.071684335 2.6387611294307702e-20
296142.39566286455 2.6267471812861366e-20
296749.96358012833 2.6147085852371195e-20
297358.77798820025 2.602645290715896e-20
297968.84144439 2.5905572470508996e-20
298580.15651125385 2.5784444034666035e-20
299192.7257566062 2.5663067090833018e-20
299806.5517535275 2.5541441129169334e-20
300421.6370803791 2.5419565638788063e-20
301037.98432081175 2.4985380700639428e-20
301655.59606377647 2.4897655676542376e-20
302274.474903536 2.4809750675140616e-20
302894.623439676 2.472166532719128e-20
303516.0442771138 2.4633399262694266e-20
304138.7400261126 2.4544952110890073e-20
304762.7133022904 2.4456323500258653e-20
305387.96672663133 2.4367513058517733e-20
306014.5029254968 2.427852041262128e-20
306642.3245306365 2.4189345188757908e-20
307271.4341791999 2.4099987012349232e-20
307901.8345137452 2.4010445508048627e-20
308533.5281822539 2.392072029973917e-20
309166.5178381394 2.3830811010532355e-20
309800.8061402589 2.3740717262766457e-20
310436.3957529247 2.3650438678004948e-20
311073.28934591566 2.3559974877034796e-20
311711.48959448613 2.346932547986524e-20
312350.99917938095 2.3378490105725668e-20
312991.8207868442 2.328746837306435e-20
313633.9571086309 2.3196259899546792e-20
314277.4108420188 2.3104864302054055e-20
314922.18468981906 2.3013281196681235e-20
315568.2813603889 2.2921510198735686e-20
316215.70356763987 2.2829550922735794e-20
316864.45403105346 2.273740298240886e-20
317514.5354756898 2.2645065990689725e-20
318165.9506321997 2.2552539559719187e-20
318818.7022368363 2.2459823300842288e-20
319472.79303146707 2.2366916824606578e-20
320128.2257635827 2.2273819740760944e-20
320785.0031863127 2.218053165825329e-20
321443.1280584341 2.208705218522937e-20
322102.60314438416 2.1993380929030992e-20
322763.43121427146 2.1899517496194378e-20
323425.6150438884 2.1805461492448443e-20
324089.1574147203 2.1711212522713472e-20
324754.061113961 2.161677019109894e-20
325420.3289345218 2.1522134100902167e-20
326087.9636750442 2.1427303854606644e-20
326756.9681399111 2.1332279053880272e-20
327427.3451392591 2.1237059299573767e-20
328099.0974889907 2.1141644191718824e-20
328772.2280107835 2.1046033329526863e-20
329446.73953210615 2.095022631138675e-20
330122.6348862274 2.0854222734863496e-20
330799.9169122288 2.0758022196696478e-20
331478.5884550166 2.0661624292797745e-20
332158.65236533445 2.0565028618250198e-20
332840.1114997723 2.046823476730632e-20
333522.96872078284 2.037124233338587e-20
334207.22689669096 2.0274050909074538e-20
334892.88890170585 2.017666008612219e-20
335579.95761593385 2.007906945544109e-20
336268.4359253897 1.9981278607104252e-20
336958.32672201016 1.9883287130343547e-20
337649.6329036629 1.9898410937996254e-20
338342.3573741629 1.9823231433966128e-20
339036.503043282 1.9747897691112533e-20
339732.07282676187 1.9672409392997975e-20
340429.0696463258 1.9596766222535747e-20
341127.4964296923 1.952096786198851e-20
341827.35611058434 1.9445013992967297e-20
342528.6516287456 1.9368904296429715e-20
343231.38592995034 1.9292638452678883e-20
343935.56196601654 1.9216216141362023e-20
344641.18269481807 1.9139637041469133e-20
345348.251080297 1.9062900831331605e-20
346056.7700924773 1.898600718862084e-20
346766.7427074739 1.8908955790347166e-20
347478.17190750974 1.8831746312858025e-20
348191.06068092544 1.8754378431836948e-20
348905.41202219244 1.867685182230207e-20
349621.22893192567 1.8599166158604816e-20
350338.5144168969 1.852132111442841e-20
351057.27149004454 1.8443316362786852e-20
351777.5031704904 1.8365151576023047e-20
352499.21248354955 1.8286826425807768e-20
353222.4024607441 1.8208340583138173e-20
353947.0761398153 1.812969371833644e-20
354673.2365647378 1.80508855010483e-20
355400.8867857287 1.7971915600241966e-20
356130.02985926525 1.7892783684206267e-20
356860.6688480949 1.7813489420549555e-20
357592.80682124826 1.7734032476198265e-20
358326.4468540527 1.7654412517395485e-20
359061.592028145 1.7574629209699567e-20
359798.2454314845 1.7494682217982653e-20
360536.41015836416 1.7414571206429545e-20
361276.08930942725 1.7334295838535856e-20
362017.2859916774 1.7253855777106923e-20
362760.0033184929 1.7173250684256272e-20
363504.2444096392 1.709248022140423e-20
364250.0123912833 1.70115440492764e-20
364997.3103960034 1.6930441827902572e-20
365746.14156280685 1.684917321661481e-20
366496.5090371402 1.6767737874046353e-20
367248.41597090336 1.6686135458130067e-20
368001.86552246264 1.6604365626097047e-20
368756.860856664 1.6522428034475166e-20
369513.40514484723 1.6440322339087517e-20
370271.5015648562 1.6358048195051354e-20
371031.1533010569 1.6275605256776103e-20
371792.3635443472 1.6192993177962273e-20
372555.1354921718 1.6110211611599874e-20
373319.4723485353 1.6027260209967017e-20
374085.3773240163 1.5944138624628327e-20
374852.85363577795 1.586084650643382e-20
375621.90450758615 1.5777383505516964e-20
376392.5331698197 1.56937492712935e-20
377164.7428594853 1.560994345245991e-20
377938.53682023025 1.552596569699196e-20
378713.91830235685 1.5367159859358506e-20
379490.8905628364 1.5311302863903903e-20
380269.4568653199 1.5255331271826625e-20
381049.62048015645 1.519924484801934e-20
381831.38468440383 1.5143043356892408e-20
382614.752761843 1.5086726562372888e-20
383399.72800299205 1.5030294227903483e-20
384186.31370512064 1.4973746116441525e-20
384974.5131722608 1.4917081990458205e-20
385764.3297152255 1.486030161193721e-20
386555.7666516193 1.4803404742373986e-20
387348.82730585337 1.4746391142774654e-20
388143.51500915916 1.4689260573655007e-20
388939.83309960325 1.4632012795039467e-20
389737.7849220984 1.4574647566460286e-20
390537.3738284219 1.451716464695619e-20
391338.60317722725 1.4459563795071613e-20
392141.4763340582 1.4401844768855615e-20
392945.9966713633 1.4344007325860877e-20
393752.16756851017 1.4286051223142654e-20
394559.9924118004 1.4227976217257732e-20
395369.4745944804 1.4169782064263617e-20
396180.61751676066 1.411146851971716e-20
396993.42458582675 1.405303533867378e-20
397807.8992158545 1.3994482275686353e-20
398624.0448280241 1.393580908480421e-20
399441.86485053593 1.3877015519572007e-20
400261.36271862057 1.381810133302898e-20
401082.54187455936 1.3759066277707477e-20
401905.4057676948 1.369991010563224e-20
402729.957854446 1.364063256831924e-20
403556.20159832365 1.3581233416774658e-20
404384.1404699437 1.3521712401493859e-20
405213.7779470437 1.3462069272460225e-20
406045.11751449335 1.3402303779144415e-20
406878.1626643147 1.33424156705029e-20
407712.91689569294 1.3282404694977185e-20
408549.38371499255 1.3222270600492654e-20
409387.5666357713 1.3162013134457561e-20
410227.4691787965 1.3101632043761855e-20
411069.09487205633 1.3041127074776386e-20
411912.447250779 1.2980497973351504e-20
412757.5298574454 1.2919744484816164e-20
413604.34624180367 1.2858866353976869e-20
414452.89996088506 1.2797863325116539e-20
415303.19457901904 1.2736735141993425e-20
416155.23366784514 1.2675481547840242e-20
417009.02080633317 1.2614102285362731e-20
417864.55958079477 1.2552597096738834e-20
418721.85358489904 1.249096572361755e-20
419580.9064196882 1.2429207907117824e-20
420441.72169359203 1.23673233878275e-20
421304.30302244454 1.2305311905802143e-20
422168.6540294952 1.2243173200564187e-20
423034.77834543 1.2180907011101486e-20
423902.6796083821 1.2118513075866485e-20
424772.3614639494 1.1833033059862147e-20
425643.82756520854 1.1789030208703968e-20
426517.0815727322 1.1744937080972637e-20
427392.1271546001 1.1700753491456161e-20
428268.9679864203 1.165647925456244e-20
429147.60775134095 1.1612114184318635e-20
430028.05014006613 1.1567658094370388e-20
430910.29885087226 1.1523110797981002e-20
431794.3575896231 1.1478472108030664e-20
432680.23006978596 1.1433741837015631e-20
433567.92001244443 1.138891979704761e-20
434457.4311463189 1.1344005799852696e-20
435348.76720777847 1.1298999656770765e-20
436241.93194085814 1.1253901178754637e-20
437136.92909727397 1.1208710176369281e-20
438033.76243644016 1.1163426459790975e-20
438932.4357254808 1.1118049838806693e-20
439832.9527392516 1.1072580122813027e-20
440735.31726035173 1.1027017120815567e-20
441639.5330791408 1.0981360641428061e-20
442545.60399375495 1.0935610492871613e-20
443453.5338101222 1.0889766482973866e-20
444363.3263419799 1.0843828419168147e-20
445274.98541088734 1.079779610849287e-20
446188.51484624634 1.0751669357590414e-20
447103.91848531464 1.070544797270651e-20
448021.20017322205 1.0659131759689395e-20
448940.36376298766 1.0612720523988965e-20
449861.4131155361 1.0566214070655941e-20
450784.35209971014 1.0519612204341218e-20
451709.1845922929 1.0472914729294778e-20
452635.9144780203 1.0426121449365046e-20
453564.5456495979 1.0379232167998008e-20
454495.0820077177 1.033224668823642e-20
455427.5274610757 1.0285164812718896e-20
456361.88592638343 1.023798634367929e-20
457298.16132839146 1.0190711082945572e-20
458236.3575999011 1.0143338831939194e-20
459176.47868178255 1.0095869391674195e-20
460118.52852299076 1.0048302562756381e-20
461062.51108058257 1.0000638145382475e-20
462008.43031973403 9.952875939339234e-21
462956.29021375364 9.905015744002796e-21
463906.0947441038 9.857057358337563e-21
464857.84790041484 9.80900058089554e-21
465811.5536805021 9.760845209815425e-21
466767.21609038307 9.712591042821783e-21
467724.83914429456 9.664237877224157e-21
468684.42686470645 9.615785509916363e-21
469645.98328234395 9.567233737375396e-21
470609.5124362007 9.518582355660762e-21
471575.0183735569 9.469831160413534e-21
472542.50514999614 9.420979946855549e-21
473511.97682942246 9.372028509788488e-21
474483.4374840783 9.322976643593022e-21
475456.891194558 9.273824142228112e-21
476432.3420498305 9.224570799229852e-21
477409.79414725286 9.128293879801804e-21
478389.25159258797 9.093462871576394e-21
479370.71850002254 9.058560403798301e-21
480354.19899218477 9.023586329860547e-21
481339.6972001578 8.988540502855486e-21
482327.2172635033 8.953422775573953e-21
483316.7633302746 8.918233000504817e-21
484308.3395570353 8.882971029834301e-21
485301.95010887657 8.847636715445383e-21
486297.59915943455 8.812229908917161e-21
487295.2908909094 8.77675046152419e-21
488295.0294940782 8.741198224236005e-21
489296.8191683188 8.705573047716293e-21
490300.66412162414 8.669874782322385e-21
491306.5685706195 8.634103278104611e-21
492314.5367405816 8.598258384805659e-21
493324.5728654564 8.562339951859918e-21
494336.6811878735 8.526347828392977e-21
495350.8659591696 8.490281863220786e-21
496367.13143940247 8.454141904849159e-21
497385.48189736984 8.417927801473102e-21
498405.9216106274 8.381639400976186e-21
499428.4548655078 8.345276550929841e-21
500453.08595713426 8.30883909859291e-21
501479.81918944506 8.272326890910742e-21
502508.6588752077 8.23573977451472e-21
503539.60933603736 8.19907759572158e-21
504572.6749024158 8.162340200532752e-21
505607.8599137091 8.125527434633727e-21
506645.168718187 8.088639143393364e-21
507684.60567303724 8.051675171863395e-21
508726.1751443899 8.014635364777537e-21
509769.8815073314 7.977519566551012e-21
510815.7291459241 7.940327621279835e-21
511863.7224532251 7.903059372740167e-21
512913.8658313052 7.865714664387623e-21
513966.16369126306 7.828293339356769e-21
515020.6204532509 7.79079524046022e-21
516077.2405464878 7.753220210188154e-21
517136.02840928 7.715568090707593e-21
518196.98848903977 7.677838723861747e-21
519260.1252423032 7.640031951169358e-21
520325.4431347506 7.602147613823983e-21
521392.94664122135 7.564185552693486e-21
522462.64024573815 7.526145608319132e-21
523534.5284415222 7.488027620915092e-21
524608.6157310131 7.449831430367713e-21
525684.906625888 7.411556876234849e-21
526763.4056470805 7.37320379774515e-21
527844.1173247969 7.33477203379755e-21
528927.0461985408 7.296261422960347e-21
530012.1968171275 7.257671803470679e-21
531099.5737387055 7.219003013233807e-21
532189.181530774 7.180254889822457e-21
533281.0247702047 7.141427270476056e-21
534375.1080432555 7.102519992100243e-21
535471.435945597 7.02088736147732e-21
536570.0130823272 6.991396952975526e-21
537670.8440679918 6.96184604173473e-21
538773.933526604 6.932234503627066e-21
539879.2860916634 6.902562214270007e-21
540986.9064061769 6.872829049025815e-21
542096.7991226739 6.843034883001128e-21
543208.9689032321 6.813179591046271e-21
544323.4204194928 6.783263047754835e-21
545440.1583526818 6.753285127463125e-21
546559.1873936288 6.723245704249639e-21
547680.5122427884 6.693144651934497e-21
548804.1376102557 6.662981844079042e-21
549930.068215792 6.6327571539851255e-21
551058.3087888403 6.6024704546946885e-21
552188.8640685475 6.572121618989209e-21
553321.7388037824 6.541710519389157e-21
554456.937753157 6.511237028153477e-21
555594.4656850476 6.4807010172789935e-21
556734.3273776092 6.4501023585000166e-21
557876.5276188038 6.419440923287614e-21
559021.0712064151 6.3887165828491966e-21
560167.9629480692 6.357929208127941e-21
561317.2076612568 6.327078669802244e-21
562468.8101733527 6.2961648382851576e-21
563622.7753216319 6.2651875837239734e-21
564779.1079532976 6.2341467759994735e-21
565937.8129254959 6.2030422847255204e-21
567098.8951053382 6.171873979248474e-21
568262.3593699213 6.1406417286466494e-21
569428.2106063475 6.109345401729757e-21
570596.4537117473 6.0779848670383204e-21
571767.093593294 6.046559992843271e-21
572940.1351682326 6.01507064714517e-21
574115.5833638948 5.983516697673809e-21
575293.4431177215 5.9518980118876166e-21
576473.719377283 5.9202144569730836e-21
577656.4171003015 5.888465899844209e-21
578841.541254667 5.856652207142021e-21
580029.0968184648 5.8247732452338796e-21
581219.0887799927 5.792828880212995e-21
582411.5221377818 5.760818977897864e-21
583606.401900619 5.728743403831689e-21
584803.7330875681 5.696602023281789e-21
586003.5207279861 5.664394701239165e-21
587205.7698615525 5.6321213024177335e-21
588410.4855382846 5.5997816912538864e-21
589617.6728185606 5.567375731905896e-21
590827.3367731406 5.534903288253341e-21
592039.4824831875 5.502364223896531e-21
593254.1150402905 5.46975840215591e-21
594471.2395464809 5.4370856860716014e-21
595690.861114261 5.404345938402642e-21
596912.9848666206 5.3715390216265455e-21
598137.6159370601 5.3386647979386736e-21
599364.7594696117 5.305723129251672e-21
600594.4206188623 5.4036823698392155e-21
601826.6045499705 5.379821047476846e-21
603061.3164386953 5.35591077105e-21
604298.561471413 5.331951440124163e-21
605538.3448451406 5.307942954058763e-21
606780.6717675573 5.28388521200675e-21
608025.5474570261 5.2597781129141834e-21
609272.9771426173 5.235621555519772e-21
610522.9660641262 5.211415438354545e-21
611775.5194721008 5.187159659741293e-21
613030.6426278607 5.1628541177942185e-21
614288.340803519 5.138498710418503e-21
615548.6192820058 5.114093335309866e-21
616811.4833570905 5.089637889954113e-21
618076.9383333996 5.065132271626807e-21
619344.9895264464 5.0405763773926854e-21
620615.6422626481 5.015970104105329e-21
621888.9018793497 4.991313348406701e-21
623164.7737248469 4.966606006726716e-21
624443.2631584083 4.941847975282775e-21
625724.3755502945 4.917039150079436e-21
627008.1162817874 4.892179426907827e-21
628294.4907452076 4.867268701345298e-21
629583.5043439392 4.842306868754972e-21
630875.1624924515 4.8172938242852925e-21
632169.4706163224 4.792229462869591e-21
633466.4341522618 4.767113679225619e-21
634766.0585481303 4.741946367855203e-21
636068.349262969 4.716727423043661e-21
637373.3117670175 4.69145673885944e-21
638680.9515417381 4.666134209153664e-21
639991.274079839 4.6407597275596825e-21
641304.2848852989 4.615333187492587e-21
642619.9894733839 4.589854482148888e-21
643938.3933706796 4.5643235045058956e-21
645259.5021151089 4.538740147321371e-21
646583.3212559556 4.513104303133064e-21
647909.8563538895 4.4874158642582524e-21
649239.1129809878 4.46167472279329e-21
650571.096720761 4.4358807706131316e-21
651905.8131681712 4.41003389937097e-21
653243.2679296625 4.384134000497652e-21
654583.4666231803 4.358180965201292e-21
655926.414878196 4.332174684466817e-21
657272.1183357297 4.306115049055495e-21
658620.5826483768 4.280001949504448e-21
659971.8134803253 4.253835276126312e-21
661325.8165073877 4.227614919008601e-21
662682.5974170201 4.201340768013358e-21
664042.1619083468 4.175012712776667e-21
665404.5156921843 4.148630642708196e-21
666769.6644910657 4.122194446990714e-21
668137.6140392658 4.095704014579617e-21
669508.3700828198 4.0691592342025555e-21
670881.9383795557 4.042559994358819e-21
672258.3246991124 4.015906183318963e-21
673637.5348229668 3.934971713294925e-21
675019.5745444562 3.918735216548658e-21
676404.4496688053 3.902465408886219e-21
677792.1660131449 3.886162221966724e-21
679182.7294065441 3.869825587309021e-21
680576.1456900297 3.853455436291489e-21
681972.4207166121 3.8370517001517164e-21
683371.5603513095 3.8206143099862196e-21
684773.5704711742 3.804143196750134e-21
686178.4569653125 3.787638291256994e-21
687586.2257349157 3.771099524178341e-21
688996.8826932819 3.754526826043494e-21
690410.4337658401 3.7379201272392515e-21
691826.8848901765 3.72127935800959e-21
693246.2420160583 3.7046044484553714e-21
694668.5111054614 3.687895328534041e-21
696093.6981325886 3.671151928059389e-21
697521.8090839038 3.6543741767011646e-21
698952.8499581516 3.637562003984844e-21
700386.826766383 3.6207153392913125e-21
701823.7455319822 3.603834111856578e-21
703263.6122906917 3.586918250771449e-21
704706.4330906331 3.5699676849813065e-21
706152.2139923406 3.552982343285708e-21
707600.9610687807 3.535962154338147e-21
709052.6804053794 3.5189070466457464e-21
710507.3781000474 3.5018169485689536e-21
711965.0602632058 3.484691788321237e-21
713425.7330178141 3.467531493968772e-21
714889.4024993883 3.450335993430206e-21
716356.0748560373 3.43310521447625e-21
717825.7562484815 3.41583908472945e-21
719298.4528500808 3.3985375316638565e-21
720774.1708468606 3.3812004826047303e-21
722252.916437539 3.36382786472821e-21
723734.695833547 3.3464196050610863e-21
725219.5152590633 3.3289756304803787e-21
726707.3809510347 3.311495867713111e-21
728198.299159204 3.293980243335974e-21
729692.2761461359 3.276428683775026e-21
731189.3181872433 3.25884111530538e-21
732689.4315708156 3.2412174640508745e-21
734192.6225980384 3.2235576559838415e-21
735698.8975830295 3.2058616169246765e-21
737208.2628528596 3.188129272541613e-21
738720.7247475795 3.1703605483503804e-21
740236.2896202479 3.1525553697138957e-21
741754.9638369585 3.1347136618419333e-21
743276.7537768615 3.116835349790882e-21
744801.6658321988 3.098920358463321e-21
746329.7064083257 3.0809686126077753e-21
747860.8819237384 3.0629800368183833e-21
749395.1988101011 3.044954555534586e-21
750932.6635122756 3.0268920930407788e-21
752473.2824883404 3.008792573466076e-21
754017.0622096288 2.9906559207838808e-21
755564.0091607488 3.000059633372873e-21
757114.1298396142 2.98592056780229e-21
758667.4307574633 2.97175249442081e-21
760223.9184389042 2.957555353715735e-21
761783.5994219182 2.9433290860523896e-21
763346.4802579128 2.9290736316736326e-21
764912.5675117229 2.9147889306998446e-21
766481.8677616661 2.9004749231284353e-21
768054.3875995452 2.8861315488338034e-21
769630.1336306874 2.871758747566992e-21
771209.1124739809 2.8573564589553533e-21
772791.3307618806 2.8429246225024875e-21
774376.7951404612 2.8284631775877726e-21
775965.5122694229 2.813972063466295e-21
777557.4888221293 2.7994512192685246e-21
779152.7314856446 2.7849005839999584e-21
780751.2469607391 2.770320096541075e-21
782353.0419619437 2.7557096956468418e-21
783958.1232175517 2.741069319946696e-21
785566.4974696734 2.726398907944043e-21
787178.1714742417 2.711698398016215e-21
788793.1520010489 2.6969677284141173e-21
790411.4458337878 2.68220683726188e-21
792033.0597700543 2.6674156625568092e-21
793658.0006214036 2.6525941421688845e-21
795286.2752133529 2.6377422138407398e-21
796917.8903854351 2.6228598151871622e-21
798552.8529912061 2.607946883695036e-21
800191.1698982819 2.5930033567229966e-21
801832.8479883788 2.5780291715010708e-21
803477.8941573175 2.56302426513063e-21
805126.31531508 2.5479885745838778e-21
806778.1183858117 2.532922036703833e-21
808433.3103078767 2.5178245882038194e-21
810091.898033864 2.5026961656674117e-21
811753.8885306267 2.4875367055480786e-21
813419.2887793209 2.4723461441688266e-21
815088.1057754123 2.4571244177221422e-21
816760.3465287312 2.4418714622694847e-21
818436.01806348 2.4265872137412244e-21
820115.127418272 2.4112716079362876e-21
821797.6816461706 2.395924580521796e-21
823483.687814696 2.380546067033003e-21
825173.1530058818 2.3651360028727865e-21
826866.0843162775 2.349694323311619e-21
828562.4888570057 2.3342209634870494e-21
830262.3737537679 2.3187158584036463e-21
831965.7461468845 2.3031789429326357e-21
833672.6131913359 2.287610151811528e-21
835382.9820567671 2.272009419644071e-21
837096.8599275472 2.256376680899713e-21
838814.2540027701 2.240711869913589e-21
840535.1714963138 2.2250149208859906e-21
842259.6196368458 2.2092857678823038e-21
843987.6056678637 2.1935243448326507e-21
845719.1368477369 2.1777305855314996e-21
847454.2204497118 2.161904423637625e-21
849192.8637619708 2.227999808605196e-21
850935.074087638 2.217869566067037e-21
852680.8587448208 2.2077185402487936e-21
854430.2250666514 2.197546688511292e-21
856183.1804012918 2.1873539681279675e-21
857939.7321119945 2.177140336284508e-21
859699.8875771043 2.1669057500788514e-21
861463.6541901166 2.156650166520833e-21
863231.0393596858 2.1463735425321507e-21
865002.0505096659 2.1360758349461216e-21
866776.6950791515 2.125757000507443e-21
868554.9805224861 2.115416995872148e-21
870336.9143093204 2.1050557776072658e-21
872122.5039246153 2.094673302190798e-21
873911.7568687028 2.0842695260113753e-21
875704.6806572914 2.0738444053682165e-21
877501.2828215093 2.0633978964708833e-21
879301.5709079461 2.0529299554390338e-21
881105.5524786598 2.0424405383023866e-21
882913.235111237 2.0319296010003635e-21
884724.6263987962 2.0213970993820784e-21
886539.7339500487 2.0108429892059785e-21
888358.5653893044 2.0002672261398094e-21
890181.1283565161 1.9896697657603624e-21
892007.4305073213 1.9790505635532284e-21
893837.4795130488 1.9684095749127572e-21
895671.2830607815 1.957746755141697e-21
897508.8488533614 1.947062059451164e-21
899350.1846094345 1.9363554429603797e-21
901195.2980634924 1.9256268606964277e-21
903044.196965881 1.914876267594209e-21
904896.8890828614 1.904103618496082e-21
906753.382196613 1.8933088681518465e-21
908613.6841052963 1.8824919712183813e-21
910477.8026230589 1.871652882259603e-21
912345.7455800809 1.8607915557462087e-21
914217.5208226173 1.849907946055425e-21
916093.1362130054 1.839002007470967e-21
917972.5996297287 1.8280736941826657e-21
919855.9189674188 1.8171229602864592e-21
921743.1021369189 1.8061497597840195e-21
923634.1570652907 1.795154046582715e-21
925529.0916958599 1.7841357744953476e-21
927427.9139882596 1.7730948972398958e-21
929330.6319184374 1.7620313684394772e-21
931237.2534787208 1.7509451416219693e-21
933147.7866778213 1.7398361702199764e-21
935062.2395408826 1.7287044075705635e-21
936980.6201095236 1.7175498069149953e-21
938902.9364418463 1.7063723213986952e-21
940829.1966125002 1.69517190407087e-21
942759.4087126853 1.6839485078844906e-21
944693.580850217 1.6727020856959177e-21
946631.721149533 1.6614325902648574e-21
948573.8377517397 1.6501399742540996e-21
950519.9388146567 1.6388241902292465e-21
952470.0325128256 1.574752393198332e-21
954424.1270375736 1.56760186971743e-21
956382.2305970184 1.5604366761699715e-21
958344.3514161326 1.5532567824587125e-21
960310.4977367524 1.5460621584247026e-21
962280.6778176217 1.5388527738471172e-21
964254.8999344409 1.5316285984430889e-21
966233.1723798725 1.5243896018676773e-21
968215.5034636088 1.5171357537136295e-21
970201.9015123737 1.5098670235113668e-21
972192.3748699909 1.5025833807287398e-21
974186.9318973897 1.4952847947710043e-21
976185.5809726532 1.4879712349806468e-21
978188.330491065 1.4806426706372125e-21
980195.1888651163 1.4732990709572792e-21
982206.1645245735 1.4659404050942108e-21
984221.2659164857 1.4585666421381306e-21
986240.501505232 1.4511777511157452e-21
988263.8797725689 1.443773700990173e-21
990291.4092176382 1.4363544606609174e-21
992323.0983570351 1.428919998963613e-21
994358.9557248107 1.4214702846700198e-21
996398.989872541 1.4140052864877701e-21
998443.2093693346 1.4065249730603396e-21
1000491.6228018804 1.3990293129668742e-21
1002544.238774496 1.3915182747220094e-21
1004601.065909135 1.3839918267758492e-21
1006662.1128454572 1.376449937513704e-21
1008727.3882408299 1.3688925752560899e-21
1010796.9007703995 1.3613197082584627e-21
1012870.6591270973 1.353731304711199e-21
1014948.6720216895 1.3461273327394166e-21
1017030.9481828256 1.3385077604027887e-21
1019117.496357046 1.3308725556955231e-21
1021208.3253088528 1.323221686546103e-21
1023303.4438207168 1.315555120817259e-21
1025402.8606931263 1.3078728263057884e-21
1027506.5847446381 1.3001747707423744e-21
1029614.6248118841 1.2924609217915578e-21
1031726.9897496421 1.2847312470514775e-21
1033843.68843084 1.2769857140538592e-21
1035964.7297466263 1.2692242902637542e-21
1038090.1226063779 1.2614469430795102e-21
1040219.8759377497 1.253653639832592e-21
1042353.9986867263 1.2458443477873916e-21
1044492.4998176284 1.238019034141204e-21
1046635.3883131848 1.230177666023965e-21
1048782.6731745368 1.2223202104982332e-21
1050934.3634213095 1.2144466345589325e-21
1053090.4680916194 1.2065569051333194e-21
1055250.9962421262 1.1986509890807977e-21
1057415.9569480831 1.1907288531927346e-21
1059585.3593033445 1.1827904641924262e-21
1061759.2124204398 1.1748357887348374e-21
1063937.5254305757 1.1668647934065838e-21
1066120.3074837108 1.1588774447256666e-21
1068307.567748562 1.1600678234975533e-21
1070499.3154126564 1.1544351138576682e-21
1072695.559682385 1.1487908481092424e-21
1074896.3097830077 1.143135002543701e-21
1077101.5749587293 1.1374675534037838e-21
1079311.3644727063 1.1317884768835227e-21
1081525.6876071005 1.1260977491281116e-21
1083744.5536631295 1.1203953462337662e-21
1085967.9719610757 1.1146812442477094e-21
1088195.9518403609 1.1089554191679756e-21
1090428.5026595506 1.1032178469434029e-21
1092665.6337964272 1.0974685034734391e-21
1094907.3546479996 1.0917073646081217e-21
1097153.674630556 1.085934406147943e-21
1099404.6031797163 1.0801496038437119e-21
1101660.1497504406 1.074352933396534e-21
1103920.323817105 1.0685443704576167e-21
1106185.1348735052 1.06272389062826e-21
1108454.5924329322 1.0568914694596602e-21
1110728.7060281816 1.0510470824528895e-21
1113007.4852116061 1.0451907050587582e-21
1115290.9395551695 1.0393223126776757e-21
1117579.0786504562 1.03344188065963e-21
1119871.9121087464 1.0275493843039899e-21
1122169.4495610243 1.0216447988594835e-21
1124471.700658035 1.015728099524059e-21
1126778.6750703354 1.0097992614447443e-21
1129090.3824883045 1.0038582597176282e-21
1131406.8326222214 9.979050693876566e-22
1133728.0352022673 9.919396654486263e-22
1136053.9999786052 9.859620228429834e-22
1138384.7367213871 9.79972116461801e-22
1140720.2552208097 9.739699211446393e-22
1143060.5652871702 9.67955411679403e-22
1145405.6767508723 9.61928562802319e-22
1147755.599462508 9.558893491977357e-22
1150110.3432928592 9.498377454981102e-22
1152469.9181329783 9.437737262838096e-22
1154834.3338941957 9.37697266083084e-22
1157203.6005081756 9.316083393719259e-22
1159577.7279269733 9.255069205739273e-22
1161956.726123042 9.193929840602545e-22
1164340.6050893134 9.132665041494466e-22
1166729.3748392072 9.071274551073892e-22
1169123.045406686 9.009758111471729e-22
1171521.6268463125 8.948115464289461e-22
1173925.1292332592 8.88634635059893e-22
1176333.562663387 8.824450510940282e-22
1178746.937253251 8.762427685321822e-22
1181165.2631401804 8.700277613217988e-22
1183588.5504822875 8.63800003356907e-22
1186016.8094585259 8.57559468477977e-22
1188450.0502687462 8.513061304717742e-22
1190888.2831337058 8.45039963071333e-22
1193331.518295151 8.387609399557486e-22
1195779.76601582 8.324690347501665e-22
1198233.0365795265 8.472745784273158e-22
1200691.3402911667 8.430536496183827e-22
1203154.687476779 8.388240611208655e-22
1205623.088483602 8.345857951684673e-22
1208096.5536800826 8.303388339584744e-22
1210575.0934559586 8.260831596516151e-22
1213058.7182222656 8.218187543720533e-22
1215547.4384114163 8.175456002072442e-22
1218041.2644772138 8.132636792079182e-22
1220540.2068949065 8.089729733879823e-22
1223044.2761612497 8.046734647244168e-22
1225553.4827945135 8.003651351572599e-22
1228067.8373345681 7.960479665894639e-22
1230587.350342892 7.917219408868785e-22
1233112.0324026314 7.873870398781498e-22
1235641.8941186601 7.830432453546165e-22
1238176.9461175893 7.786905390702964e-22
1240717.1990478514 7.743289027417374e-22
1243262.6635797059 7.699583180480128e-22
1245813.350405322 7.655787666305732e-22
1248369.2702387916 7.611902300932313e-22
1250930.433816187 7.567926900020573e-22
1253496.851895622 7.523861278852769e-22
1256068.5352572612 7.479705252332533e-22
1258645.4947034067 7.435458634983403e-22
1261227.7410585023 7.3911212409487455e-22
1263815.2851692191 7.346692883990265e-22
1266408.1379044664 7.302173377487855e-22
1269006.3101554525 7.257562534438517e-22
1271609.812835745 7.212860167455348e-22
1274218.6568812816 7.168066088767352e-22
1276832.8532504574 7.123180110217941e-22
1279452.4129241328 7.078202043264772e-22
1282077.3469056985 7.03313169897869e-22
1284707.666221134 6.987968888042655e-22
1287343.3819190194 6.942713420751594e-22
1289984.5050706232 6.897365107010864e-22
1292631.0467699072 6.851923756336188e-22
1295283.0181336135 6.806389177852124e-22
1297940.4303012765 6.760761180291908e-22
1300603.2944352843 6.715039571996364e-22
1303271.6217209422 6.669224160912835e-22
1305945.423366481 6.623314754595019e-22
1308624.710603149 6.577311160201413e-22
1311309.494685214 6.531213184495256e-22
1313999.7868900558 6.485020633842966e-22
1316695.5985181737 6.438733314213984e-22
1319396.940893252 6.392351031179669e-22
1322103.8253622225 6.345873589912211e-22
1324816.2632952752 6.299300795184477e-22
1327534.2660859483 6.252632451368406e-22
1330257.845151134 6.2058683624349865e-22
1332987.0119311693 6.15900833195263e-22
1335721.777889845 6.112052163087057e-22
1338462.1545144722 6.064999658600133e-22
1341208.1533159453 6.017850620848812e-22
1343959.7858287527 6.026727718760451e-22
1346717.0636110688 5.996080930888299e-22
1349479.9982447645 5.9653712678407235e-22
1352248.601335473 5.9345986006226085e-22
1355022.8845126522 5.903762799974017e-22
1357802.859429599 5.872863736370056e-22
1360588.5377635395 5.841901280019862e-22
1363379.931215635 5.810875300866531e-22
1366177.0515110746 5.779785668586093e-22
1368979.9103990875 5.748632252587382e-22
1371788.519653006 5.717414922011318e-22
1374602.8910703347 5.686133545730156e-22
1377423.036472759 5.654787992347385e-22
1380248.9677062405 5.6233781301966635e-22
1383080.6966410219 5.591903827341774e-22
1385918.2351717204 5.560364951575573e-22
1388761.5952173406 5.528761370419859e-22
1391610.7887213395 5.497092951124644e-22
1394465.8276516946 5.4653595606674e-22
1397326.7240009143 5.433561065752935e-22
1400193.4897861334 5.401697332812341e-22
1403066.1370491243 5.369768228002869e-22
1405944.6778563645 5.337773617207174e-22
1408829.1242991043 5.305713366032566e-22
1411719.488493377 5.273587339810886e-22
1414615.7825800972 5.241395403597439e-22
1417518.0187250641 5.2091374221709255e-22
1420426.2091190596 5.176813260032376e-22
1423340.3659778591 5.144422781405018e-22
1426260.5015422995 5.11196585023352e-22
1429186.6280783496 5.079442330183222e-22
1432118.757877119 5.046852084640022e-22
1435056.9032549567 5.014194976709277e-22
1438001.0765534579 4.981470869215755e-22
1440951.2901395606 4.948679624702524e-22
1443907.5564055573 4.91582110543085e-22
1446869.8877691643 4.882895173379407e-22
1449838.296673593 4.8499016902435125e-22
1452812.7955875585 4.81684051743499e-22
1455793.3970053815 4.783711516081082e-22
1458780.1134469917 4.750514547024377e-22
1461772.9574580288 4.717249470821701e-22
1464771.941609853 4.683916147744003e-22
1467777.0784996164 4.650514437775559e-22
1470788.380750334 4.617044200613184e-22
1473805.861010893 4.583505295666115e-22
1476829.5319561565 4.549897582054893e-22
1479859.4062869719 4.516220918611217e-22
1482895.4967302454 4.482475163877174e-22
1485937.8160390109 4.448660176104429e-22
1488986.3769924422 4.414775813254108e-22
1492041.1923959558 4.38082193299565e-22
1495102.2750812157 4.34679839270677e-22
1498169.6379062345 4.312705049472301e-22
1501243.293755388 4.278541760084071e-22
1504323.255539484 4.244308381040109e-22
1507409.5361958374 4.236455850552858e-22
1510502.1486882814 4.214965862506553e-22
1513601.106007269 4.19343178544266e-22
1516706.4211698808 4.1718535289079073e-22
1519818.107219928 4.150231002263282e-22
1522936.1772279642 4.1285641146839444e-22
1526060.644291358 4.1068527751587176e-22
1529191.521534368 4.085096892489578e-22
1532328.822108153 4.0632963752915667e-22
1535472.5591908782 4.041451131992074e-22
1538622.7459877268 4.01956107083074e-22
1541779.3957309732 3.997626099858956e-22
1544942.521680058 3.975646126939337e-22
1548112.1371216008 3.953621059745643e-22
1551288.2553695044 3.9315508057620395e-22
1554470.8897649616 3.909435272283068e-22
1557660.0536765615 3.8872743664128913e-22
1560855.7605003 3.8650679950652257e-22
1564058.0236596586 3.8428160649628054e-22
1567266.8566056762 3.8205184826368623e-22
1570482.2728169626 3.7981751544270497e-22
1573704.285799806 3.7757859864806893e-22
1576932.9090881783 3.753350884752727e-22
1580168.1562438447 3.73086975500499e-22
1583410.0408563726 3.7083425028060987e-22
1586658.576543211 3.68576903353094e-22
1589913.7769497666 3.663149252360128e-22
1593175.6557494137 3.640483064279928e-22
1596444.226643606 3.617770374081491e-22
1599719.503361881 3.595011086360823e-22
1603001.4996619693 3.5722051055180103e-22
1606290.229329808 3.549352335757151e-22
1609585.7061796174 3.526452681085796e-22
1612887.9440539796 3.503506045314431e-22
1616196.9568238473 3.4805123320563744e-22
1619512.758388661 3.4574714447270196e-22
1622835.3626763546 3.434383286543738e-22
1626164.783643438 3.411247760525346e-22
1629501.0352750747 3.38806476949155e-22
1632844.1315850923 3.3648342160628688e-22
1636194.0866160968 3.341556002659852e-22
1639550.9144394775 3.318230031503038e-22
1642914.629155519 3.2948562046121733e-22
1646285.244893414 3.27143442380613e-22
1649662.7758113437 3.2479645907023477e-22
1653047.2360965551 3.2244466067162875e-22
1656438.6399653754 3.20088037306134e-22
1659837.0016633265 3.1772657907480325e-22
1663242.335465127 3.1536027605839966e-22
1666654.6556748105 3.129891183173174e-22
1670073.9766257363 3.106130958915718e-22
1673500.3126806696 3.0823219880074526e-22
1676933.6782318628 3.058464170439294e-22
1680374.0877010685 3.0345574059971707e-22
1683821.5555396546 3.010601594261221e-22
1687276.096228617 2.9865966346057e-22
1690737.7242786603 2.9625424261984272e-22
1694206.4542302806 2.9817711211419047e-22
1697682.3006537773 2.9669405839575263e-22
1701165.2781493708 2.9520796203339407e-22
1704655.4013472067 2.9371881678481035e-22
1708152.6849074743 2.9222661639487805e-22
1711657.1435204193 2.9073135459564964e-22
1715168.791906425 2.892330251063182e-22
1718687.6448160969 2.8773162163318237e-22
1722213.7170302744 2.8622713786964024e-22
1725747.0233601509 2.847195674961393e-22
1729287.578647276 2.832089041801739e-22
1732835.397763678 2.816951415762347e-22
1736390.4956118762 2.8017827332580236e-22
1739952.8871249629 2.78658293057313e-22
1743522.5872666887 2.7713519438612114e-22
1747099.6110314755 2.7560897091449525e-22
1750683.9734445366 2.7407961623156553e-22
1754275.6895618897 2.7254712391331885e-22
1757874.7744704415 2.710114875225628e-22
1761481.243288072 2.6947270060888866e-22
1765095.1111636504 2.679307567086666e-22
1768716.393277151 2.6638564934499404e-22
1772345.104839666 2.648373720276918e-22
1775981.2610935215 2.632859182532536e-22
1779624.8773122933 2.6173128150483993e-22
1783275.9688008935 2.60173455252241e-22
1786934.5508956553 2.586124329518402e-22
1790600.6389643466 2.570482080466087e-22
1794274.2484062936 2.5548077396605254e-22
1797955.394652386 2.539101241262104e-22
1801644.0931652018 2.523362519296004e-22
1805340.3594390189 2.507591507652152e-22
1809044.2089999043 2.491788140084836e-22
1812755.6574058011 2.4759523502123427e-22
1816474.72024654 2.460084071516895e-22
1820201.413143966 2.444183237344124e-22
1823935.7517519458 2.4282497809030347e-22
1827677.7517564895 2.4122836352654777e-22
1831427.4288757672 2.39628473336609e-22
1835184.798860197 2.380253008001915e-22
1838949.8774925321 2.3641883918320243e-22
1842722.6805878764 2.3480908173774677e-22
1846503.2239938101 2.33196021702072e-22
1850291.5235904038 2.3157965230056283e-22
1854087.5952903074 2.299599667437035e-22
1857891.4550388413 2.2833695822803847e-22
1861703.1188140071 2.2671061993616767e-22
1865522.6026266194 2.2508094503669117e-22
1869349.9225203085 2.2344792668420687e-22
1873185.094571652 2.2181155801925535e-22
1877028.134890186 2.2017183216831446e-22
1880879.0596184977 2.185287422437597e-22
1884737.884932316 2.168822813438263e-22
1888604.6270405245 2.152324425526032e-22
1892479.3021852921 2.135792189399771e-22
1896361.9266420803 2.1192260356163007e-22
1900252.5167197706 2.1139067479374347e-22
1904151.0887606824 2.1036695778885793e-22
1908057.659140662 2.0934114051863705e-22
1911972.2442691766 2.0831321867415696e-22
1915894.8605893273 2.072831879376618e-22
1919825.5245779818 2.0625104398252896e-22
1923764.2527457876 2.052167824732658e-22
1927711.0616372668 2.0418039906548453e-22
1931665.967830907 2.0314188940587852e-22
1935628.987939177 2.0210124913221802e-22
1939600.1386086599 2.010584738733154e-22
1943579.4365200587 2.0001355924902343e-22
1947566.8983883306 1.989665008702001e-22
1951562.540962702 1.9791729433870502e-22
1955566.3810267616 1.968659352473744e-22
1959578.4353985556 1.9581241917999643e-22
1963598.7209306017 1.947567417113075e-22
1967627.2545100255 1.9369889840695642e-22
1971664.0530585654 1.9263888482350322e-22
1975709.1335327085 1.9157669650838284e-22
1979762.512923707 1.905123289999022e-22
1983824.2082576712 1.8944577782721407e-22
1987894.2365956667 1.8837703851029284e-22
1991972.6150337306 1.8730610655992976e-22
1996059.3607030048 1.8623297747769785e-22
2000154.490769747 1.8515764675594936e-22
2004258.0224354644 1.840801098777803e-22
2008369.9729369315 1.8300036231702588e-22
2012490.3595462851 1.819183995382358e-22
2016619.1995711233 1.8083421699664803e-22
2020756.510354518 1.7974781013818525e-22
2024902.3092751573 1.7865917439941813e-22
2029056.6137473572 1.775683052075618e-22
2033219.4412211615 1.7647519798044953e-22
2037390.8091824395 1.7537984812650757e-22
2041570.7351529018 1.7428225104475032e-22
2045759.2366902395 1.731824021247444e-22
2049956.3313881322 1.720802967466062e-22
2054162.036876388 1.7097593028096538e-22
2058376.3708209586 1.698692980889604e-22
2062599.3509240411 1.6876039552221232e-22
2066830.9949241744 1.676492179227995e-22
2071071.3205962565 1.6653576062325246e-22
2075320.345751686 1.654200189465173e-22
2079578.0882383701 1.6430198820595332e-22
2083844.5659408672 1.6318166370529595e-22
2088119.7967804018 1.6205904073865215e-22
2092403.7987149649 1.6093411459047478e-22
2096696.5897394174 1.5980688053553492e-22
2100998.1878855033 1.5867733383891862e-22
2105308.611221995 1.5754546975598877e-22
2109627.877854711 1.5641128353238078e-22
2113956.005926612 1.552747704039761e-22
2118293.0136179104 1.5413592559687497e-22
2122638.9191460814 1.5299474432739293e-22
2126993.740766009 1.5185122180202213e-22
2131357.4967699964 1.5146675902570656e-22
2135730.205487909 1.507785642668844e-22
2140111.885287191 1.5008895760263292e-22
2144502.5545729706 1.4939793613627795e-22
2148902.231788162 1.4870549696519826e-22
2153310.9354134817 1.480116371808233e-22
2157728.6839675973 1.4731635386860948e-22
2162155.4960071323 1.4661964410803948e-22
2166591.3901268193 1.4592150497259855e-22
2171036.3849595105 1.4522193352977208e-22
2175490.499176288 1.4452092684102908e-22
2179953.751486564 1.438184819618057e-22
2184426.1606381014 1.4311459594150253e-22
2188907.74541716 1.4240926582346123e-22
2193398.524648508 1.4170248864496288e-22
2197898.517195569 1.4099426143720496e-22
2202407.741960439 1.402845812252982e-22
2206926.217883996 1.3957344502824983e-22
2211453.9639460035 1.3886084985894738e-22
2215990.9991651275 1.3814679272415535e-22
2220537.342599089 1.3743127062449183e-22
2225093.0133446804 1.367142805544255e-22
2229658.030537875 1.359958195022589e-22
2234232.4133539307 1.3527588445011154e-22
2238816.18100741 1.3455447237391696e-22
2243409.3527523326 1.33831580243399e-22
2248011.9478821843 1.3310720502207022e-22
2252623.9857300688 1.3238134366720758e-22
2257245.4856687263 1.3165399312985016e-22
2261876.467110643 1.3092515035478159e-22
2266516.9495081594 1.3019481228051305e-22
2271166.9523534863 1.294629758392808e-22
2275826.495178865 1.2872963795702106e-22
2280495.5975565678 1.2799479555336943e-22
2285174.279099063 1.272584455416356e-22
2289862.5594590255 1.2652058482880148e-22
2294560.4583294503 1.2578121031550285e-22
2299267.995443763 1.2504031889601278e-22
2303985.190575837 1.2429790745823815e-22
2308712.063540152 1.235539728836954e-22
2313448.6341918097 1.2280851204750736e-22
2318194.9224266475 1.2206152181838595e-22
2322950.948181349 1.2131299905861438e-22
2327716.7314334633 1.2056294062404446e-22
2332492.292201563 1.1981134336407154e-22
2337277.6505452516 1.1905820412163308e-22
2342072.826565328 1.1830351973318345e-22
2346877.840403798 1.1754728702869134e-22
2351692.712243994 1.1678950283162152e-22
2356517.462310683 1.1603016395891757e-22
2361352.1108700894 1.1526926722099842e-22
2366196.678230051 1.1450680942173332e-22
2371051.184740034 1.1374278735844037e-22
2375915.65079129 1.1297719782186106e-22
2380790.096816879 1.1221003759615706e-22
2385674.5432917792 1.1144130345889252e-22
2390569.0107330047 1.120171100901138e-22
2395473.519699625 1.1156742432014192e-22
2400388.0907929274 1.1111681597153574e-22
2405312.7446564245 1.1066528315152795e-22
2410247.5019760216 1.102128239634644e-22
2415192.383480035 1.097594365068025e-22
2420147.4099393035 1.0930511887710041e-22
2425112.602167314 1.0884986916600657e-22
2430087.981020212 1.0839368546125764e-22
2435073.5673969714 1.0793656584666364e-22
2440069.382239414 1.0747850840210593e-22
2445075.4465323244 1.0701951120352654e-22
2450091.781303571 1.0655957232291744e-22
2455118.4076241236 1.0609868982831858e-22
2460155.3466082187 1.0563686178380283e-22
2465202.6194133735 1.0517408624947485e-22
2470260.2472405517 1.0471036128145564e-22
2475328.2513341825 1.0424568493188108e-22
2480406.65298228 1.0378005524889067e-22
2485495.473516564 1.0331347027661667e-22
2490594.7343124775 1.0284592805518246e-22
2495704.4567893585 1.0237742662068674e-22
2500824.6624104483 1.019079640052028e-22
2505955.3726830627 1.0143753823676279e-22
2511096.6091586123 1.0096614733935597e-22
2516248.3934327224 1.0049378933291756e-22
2521410.747145354 1.0002046223331772e-22
2526583.691980825 9.954616405235962e-23
2531767.2496679807 9.907089279776378e-23
2536961.441980216 9.859464647316603e-23
2542166.2907355954 9.811742307810664e-23
2547381.8177969763 9.763922060801868e-23
2552608.0450720307 9.716003705422655e-23
2557844.9945134143 9.667987040392981e-23
2563092.6881187833 9.619871864020228e-23
2568351.1479309634 9.571657974197619e-23
2573620.396037974 9.523345168404003e-23
2578900.454573149 9.474933243702744e-23
2584191.3457152634 9.426421996740575e-23
2589493.0916885524 9.377811223747398e-23
2594805.714762889 9.329100720534689e-23
2600129.2372537917 9.280290282495385e-23
2605463.6815226055 9.231379704602274e-23
2610809.0699765193 9.182368781407787e-23
2616165.4250686937 9.133257307042863e-23
2621532.7692983854 9.084045075215786e-23
2626911.1252109683 9.034731879212003e-23
2632300.5153981135 8.985317511892472e-23
2637700.962497809 8.935801765693472e-23
2643112.4891944877 8.886184432625444e-23
2648535.118219153 8.836465304271832e-23
2653968.872349402 8.78664417178887e-23
2659413.774409604 8.736720825903937e-23
2664869.8472709125 8.68669505691547e-23
2670337.113851447 8.636566654691276e-23
2675815.597116314 8.586335408668347e-23
2681305.320077734 8.620066212858495e-23
2686806.305795173 8.593901714008116e-23
2692318.577375362 8.567683535879492e-23
2697842.1579724825 8.541411568343715e-23
2703377.070788175 8.515085701046145e-23
2708923.3390717236 8.488705823405531e-23
2714480.9861200796 8.462271824613909e-23
2720050.0352779888 8.43578359363598e-23
2725630.5099381255 8.409241019208484e-23
2731222.433541112 8.382643989840108e-23
2736825.8295757053 8.355992393810592e-23
2742440.721578809 8.329286119170668e-23
2748067.133135659 8.302525053741202e-23
2753705.087879845 8.275709085113053e-23
2759354.6094934437 8.248838100646473e-23
2765015.7217071517 8.221911987470452e-23
2770688.448300307 8.194930632482634e-23
2776372.81310108 8.167893922348406e-23
2782068.839986489 8.140801743500791e-23
2787776.5528825438 8.113653982139826e-23
2793495.975764372 8.086450524231909e-23
2799227.1326562418 8.059191255509705e-23
2804970.0476317597 8.031876061471224e-23
2810724.744813873 8.00450482737979e-23
2816491.2483750656 7.977077438263102e-23
2822269.582537381 7.949593778913157e-23
2828059.771572556 7.922053733885586e-23
2833861.839802157 7.894457187499006e-23
2839675.811597605 7.866804023834921e-23
2845501.711380366 7.839094126736803e-23
2851339.563621962 7.811327379810029e-23
2857189.39284417 7.783503666420962e-23
2863051.22361904 7.75562286969684e-23
2868925.0805690335 7.727684872525139e-23
2874810.9883671636 7.699689557552879e-23
2880708.971737015 7.671636807186555e-23
2886619.0554529433 7.643526503591178e-23
2892541.264340096 7.615358528690174e-23
2898475.6232745517 7.587132764164723e-23
2904422.15718346 7.558849091453097e-23
2910380.891045064 7.530507391750553e-23
2916351.8498889017 7.502107546008364e-23
2922335.0587958116 7.473649434933811e-23
2928330.542898137 7.445132938989191e-23
2934338.327379748 7.416557938391735e-23
2940358.43747618 7.387924313112921e-23
2946390.89847478 7.359231942877811e-23
2952435.7357147257 7.330480707164929e-23
2958492.974587228 7.301670485205318e-23
2964562.6405355446 7.272801155982473e-23
2970644.759055179 7.243872598231389e-23
2976739.355693907 7.214884690438428e-23
2982846.4560519154 7.185837310840676e-23
2988966.0857819533 7.156730337425218e-23
2995098.270589346 7.127563647929059e-23
3001243.0362322084 7.098337119838134e-23
3007400.4085214506 6.884390058164875e-23
3013570.413320985 6.865428199824966e-23
3019753.0765477507 6.846427439197013e-23
3025948.4241718575 6.827387696468827e-23
3032156.4822167335 6.808308891664372e-23
3038377.2767591453 6.789190944643685e-23
3044610.833929412 6.770033775102223e-23
3050857.17991142 6.750837302570817e-23
3057116.340942779 6.731601446415204e-23
3063388.3433149625 6.712326125835568e-23
3069673.213373335 6.693011259866488e-23
3075970.977517361 6.673656767376272e-23
3082281.6622006167 6.65426256706694e-23
3088605.293931 6.634828577473556e-23
3094941.8992707566 6.61535471696417e-23
3101291.504836625 6.595840903739362e-23
3107654.1372999894 6.576287055831767e-23
3114029.823386906 6.55669309110601e-23
3120418.589878308 6.537058927258058e-23
3126820.4636100247 6.517384481815171e-23
3133235.471472991 6.497669672135256e-23
3139663.6404132773 6.477914415406784e-23
3146104.9974322314 6.458118628648338e-23
3152559.569586639 6.438282228708127e-23
3159027.383988743 6.418405132263925e-23
3165508.467806462 6.398487255822415e-23
3172002.8482634146 6.378528515719085e-23
3178510.5526390704 6.358528828117792e-23
3185031.6082689045 6.338488109010261e-23
3191566.042544422 6.318406274216039e-23
3198113.882913378 6.298283239381798e-23
3204675.1568797845 6.278118919981312e-23
3211249.8920041365 6.257913231314783e-23
3217838.1159034315 6.23766608850876e-23
3224439.856251326 6.217377406515665e-23
3231055.1407782906 6.197047100113315e-23
3237683.997271638 6.17667508390485e-23
3244326.4535757396 6.15626127231804e-23
3250982.5375920413 6.135805579605262e-23
3257652.277279285 6.115307919842806e-23
3264335.7006535297 6.094768206930813e-23
3271032.835788317 6.074186354592764e-23
3277743.7108148225 6.053562276375027e-23
3284468.353921882 6.032895885646751e-23
3291206.7933562174 6.012187095599205e-23
3297959.057422448 5.991435819245709e-23
3304725.1744833183 5.970641969420968e-23
3311505.1729597193 5.949805458780976e-23
3318299.081330853 5.928926199802526e-23
3325106.9281343874 5.908004104782734e-23
3331928.741966487 5.887039085838948e-23
3338764.551482037 5.866031054908043e-23
3345614.3853946705 5.844979923746352e-23
3352478.2724769316 5.823885603929164e-23
3359356.241560432 5.802748006850239e-23
3366248.3215358825 5.781567043721705e-23
3373154.54135332 5.760342625573376e-23
3380074.930022121 6.071878921406135e-23
3387009.5166112334 6.05739322654918e-23
3393958.3302492 6.0428778127341e-23
3400921.400124325 6.0283326189893e-23
3407898.755484838 6.013757584217993e-23
3414890.4256389183 5.999152647198167e-23
3421896.439954928 5.984517746582097e-23
3428916.8278614287 5.9698528208963e-23
3435951.618847412 5.955157808541068e-23
3443000.842462328 5.940432647790397e-23
3450064.5283162496 5.925677276791646e-23
3457142.706080041 5.910891633565188e-23
3464235.4054853837 5.896075656004358e-23
3471342.6563250115 5.881229281874955e-23
3478464.488452741 5.866352448815182e-23
3485600.9317836347 5.851445094335305e-23
3492752.0162941744 5.836507155817291e-23
3499917.7720222813 5.82153857051477e-23
3507098.2290675645 5.806539275552506e-23
3514293.417591323 5.791509207926396e-23
3521503.3678167975 5.776448304502961e-23
3528728.110029188 5.761356502019279e-23
3535967.6745758303 5.74623373708264e-23
3543222.0918663624 5.73107994617019e-23
3550491.3923727544 5.715895065628869e-23
3557775.60662955 5.700679031674903e-23
3565074.765233881 5.685431780393783e-23
3572388.8988457085 5.670153247739752e-23
3579718.038187855 5.654843369535745e-23
3587062.2140461714 5.63950208147303e-23
3594421.4572697156 5.624129319110849e-23
3601795.798770773 5.608725017876363e-23
3609185.269525113 5.593289113064121e-23
3616589.900571992 5.577821539836056e-23
3624009.7230144073 5.562322233220954e-23
3631444.7680191235 5.546791128114389e-23
3638895.0668168464 5.53122815927838e-23
3646360.6507023983 5.515633261341e-23
3653841.55103475 5.500006368796331e-23
3661337.7992372653 5.48434741600394e-23
3668849.426797733 5.468656337188817e-23
3676376.465268541 5.452933066441012e-23
3683918.946266858 5.437177537715254e-23
3691476.901474655 5.421389684830901e-23
3699050.3626389652 5.405569441471411e-23
3706639.3615718936 5.389716741184306e-23
3714243.93015087 5.373831517380654e-23
3721864.1003186787 5.357913703334999e-23
3729499.904083641 5.341963232184995e-23
3737151.3735197876 5.32598003693102e-23
3744818.540766897 5.309964050436127e-23
3752501.438030742 5.2939152054255044e-23
3760200.097583112 5.277833434486437e-23
3767914.5517620626 5.261718670067788e-23
3775644.832971952 5.2455708444799236e-23
3783390.973683618 5.229389889894334e-23
3791153.006434561 5.65312014840546e-23
3798930.9638289753 5.658117371580386e-23
3806724.8785380074 5.663124847095142e-23
3814534.783299786 5.6681425959835e-23
3822360.710919605 5.673170639322373e-23
3830202.6942701098 5.678208998231956e-23
3838060.766291323 5.683257693875728e-23
3845934.959990913 5.688316747460631e-23
3853825.3084442005 5.693386180237068e-23
3861731.844794429 5.698466013499093e-23
3869654.6022527916 5.7035562685844e-23
3877593.614098618 5.708656966874473e-23
3885548.913679559 5.713768129794688e-23
3893520.53441162 5.718889778814336e-23
3901508.5097794286 5.724021935446795e-23
3909512.873336242 5.729164621249543e-23
3917533.658704222 5.73431785782432e-23
3925570.8995744614 5.739481666817161e-23
3933624.629707173 5.744656069918502e-23
3941694.8829318816 5.74984108886332e-23
3949781.693147451 5.755036745431132e-23
3957885.09432236 5.760243061446188e-23
3966005.1204947084 5.765460058777464e-23
3974141.8057724964 5.770687759338851e-23
3982295.1843336513 5.775926185089164e-23
3990465.290426219 5.781175358032267e-23
3998652.1583685596 5.786435300217201e-23
4006855.822549374 5.791706033738201e-23
4015076.317427981 5.796987580734875e-23
4023313.6775343483 5.802279963392216e-23
4031567.9374692845 5.807583203940733e-23
4039839.1319046356 5.812897324656579e-23
4048127.2955833133 5.818222347861566e-23
4056432.463319576 5.82355829592334e-23
4064754.6699990397 5.828905191255396e-23
4073093.9505789587 5.834263056317256e-23
4081450.3400882566 5.839631913614487e-23
4089823.8736277223 5.845011785698828e-23
4098214.5863702064 5.850402695168324e-23
4106622.5135606555 5.855804664667328e-23
4115047.6905163913 5.861217716886702e-23
4123490.152627125 5.866641874563815e-23
4131949.935355243 5.872077160482729e-23
4140427.0742358323 5.877523597474214e-23
4148921.6048768866 5.882981208415882e-23
4157433.5629595043 5.888450016232312e-23
4165962.984237919 5.893930043895075e-23
4174509.904539785 5.899421314422911e-23
4183074.3597662095 5.904923850881753e-23
4191656.385891957 5.910437676384857e-23
4200256.018965648 5.915962814092936e-23
4208873.295109792 5.921499287214161e-23
4217508.250521076 5.92704711900438e-23
4226160.921470379 5.932606332767097e-23
4234831.344303067 5.938176951853671e-23
4243519.555439014 5.94375899966334e-23
4252225.591372819 5.635818249037364e-23
4260949.488674 5.659573662627878e-23
4269691.283987038 5.683377812999603e-23
4278451.014031658 5.707230800141376e-23
4287228.715602854 5.731132724246973e-23
4296024.425571178 5.755083685715927e-23
4304838.18088277 5.779083785153607e-23
4313670.018559573 5.803133123371783e-23
4322519.975699536 5.827231801389195e-23
4331388.089476645 5.851379920431636e-23
4340274.39714123 5.875577581932783e-23
4349178.936019983 5.899824887534253e-23
4358101.743516182 5.924121939086202e-23
4367042.857109889 5.948468838647884e-23
4376002.314357996 5.972865688487746e-23
4384980.152894513 5.997312591084241e-23
4393976.410430592 6.02180964912588e-23
4402991.124754824 6.046356965512036e-23
4412024.333733271 6.070954643353053e-23
4421076.075309687 6.095602785970811e-23
4430146.38750572 6.120301496899316e-23
4439235.308420955 6.145050879884788e-23
4448342.876233213 6.16985103888649e-23
4457469.129198567 6.194702078076774e-23
4466614.105651653 6.219604101841903e-23
4475777.844005699 6.244557214782162e-23
4484960.382752738 6.269561521712424e-23
4494161.760463833 6.294617127662758e-23
4503382.015789103 6.319724137878509e-23
4512621.187458038 6.344882657821149e-23
4521879.3142795125 6.370092793168309e-23
4531156.43514209 6.395354649814638e-23
4540452.589014068 6.420668333871876e-23
4549767.814943692 6.446033951669476e-23
4559102.152059372 6.47145160975518e-23
4568455.639569718 6.496921414895127e-23
4577828.316763861 6.522443474074698e-23
4587220.223011478 6.548017894498612e-23
4596631.397763017 6.573644783591531e-23
4606061.880549921 6.59932424899867e-23
4615511.7109846575 6.625056398585874e-23
4624980.9287610445 6.650841340440502e-23
4634469.573654254 6.676679182871451e-23
4643977.685521142 6.702570034410038e-23
4653505.304300272 6.728514003810085e-23
4663052.4700121535 6.754511200048535e-23
4672619.222759454 6.780561732326067e-23
4682205.602727042 6.806665710067187e-23
4691811.650182304 6.832823242921107e-23
4701437.405475166 6.859034440761781e-23
4711082.909038409 6.885299413688798e-23
4720748.201387711 6.911618272027468e-23
4730433.323121873 6.937991126329447e-23
4740138.314923044 6.964418087373354e-23
4749863.217556761 6.990899266164871e-23
4759608.071872274 7.01743477393764e-23
4769372.918802582 7.566207661060378e-23
4779157.799364659 7.658980926347656e-23
4788962.754659689 7.75194452594859e-23
4798787.825873107 7.845098850354093e-23
4808633.054274916 7.938444290856942e-23
4818498.481219711 8.031981239551954e-23
4828384.148147013 8.12571008933912e-23
4838290.096581299 8.219631233923953e-23
4848216.368132236 8.313745067819675e-23
4858163.004494922 8.408051986349474e-23
4868130.047449915 8.502552385646833e-23
4878117.538863568 8.597246662658692e-23
4888125.520688049 8.692135215145612e-23
4898154.034961677 8.787218441684982e-23
4908203.123808955 8.88249674167131e-23
4918272.82944081 8.977970515318541e-23
4928363.194154828 9.073640163662249e-23
4938474.2603352945 9.169506088560013e-23
4948606.070453531 9.26556869269465e-23
4958758.667067912 9.361828379574348e-23
4968932.092824207 9.458285553535887e-23
4979126.390455615 9.554940619745035e-23
4989341.602783009 9.651793984198781e-23
4999577.772715174 9.748846053727657e-23
5009834.943248844 9.846097235996064e-23
5020113.157469051 9.943547939505558e-23
5030412.458549156 1.0041198573595188e-22
5040732.8897510925 1.0139049548443798e-22
5051074.494425618 1.0237101275072368e-22
5061437.316012342 1.0335354165344321e-22
5071821.39804008 1.0433808631968875e-22
5082226.784126867 1.0532465088501153e-22
5092653.517980308 1.063132394934553e-22
5103101.643397619 1.0730385629755991e-22
5113571.204265869 1.0829650545838447e-22
5124062.244562226 1.0929119114553095e-22
5134574.808354004 1.102879175371477e-22
5145108.939799003 1.1128668881996312e-22
5155664.683145542 1.1228750918928702e-22
5166242.082732793 1.1329038284904423e-22
5176841.182990843 1.1429531401177873e-22
5187462.028440924 1.1530230689867644e-22
5198104.663695675 1.1631136573959013e-22
5208769.133459177 1.1732249477304206e-22
5219455.482527312 1.1833569824625865e-22
5230163.755787799 1.1935098041517357e-22
5240893.998220453 1.2036834554445232e-22
5251646.254897431 1.2138779790751563e-22
5262420.570983276 1.2240934178654385e-22
5273216.991735277 1.2343298147251036e-22
5284035.562503485 1.2445872126518413e-22
5294876.3287310805 1.254865654731636e-22
5305739.335954409 1.265165184138806e-22
5316624.629803241 1.2754858441362466e-22
5327532.256001023 1.2858276780756743e-22
5338462.260364924 1.2961907293976625e-22
5349414.688806196 1.1109596954286486e-22
5360389.587330199 1.101281133510273e-22
5371387.002036764 1.0915827149830544e-22
5382406.979120233 1.0818643991090478e-22
5393449.564869724 1.0721261450667286e-22
5404514.805669387 1.0623679119507652e-22
5415602.747998444 1.0525896587719823e-22
5426713.438431564 1.0427913444570335e-22
5437846.923638882 1.032972927848382e-22
5449003.250386367 1.0231343677039762e-22
5460182.465535869 1.0132756226972085e-22
5471384.61604538 1.0033966514166874e-22
5482609.748969299 9.934974123660012e-23
5493857.911458468 9.83577863963683e-23
5505129.150760562 9.736379645428775e-23
5516423.514220115 9.636776723513063e-23
5527741.049278797 9.536969455510298e-23
5539081.803475675 9.436957422182158e-23
5550445.82444726 9.336740203430982e-23
5561833.159927882 9.236317378296451e-23
5573243.857749716 9.135688524955403e-23
5584677.965843156 9.034853220718448e-23
5596135.532236867 8.933811042029606e-23
5607616.605058045 8.832561564463944e-23
5619121.232532698 8.731104362725139e-23
5630649.462985679 8.629439010645171e-23
5642201.344841077 8.527565081180857e-23
5653776.92662224 8.425482146413706e-23
5665376.256952152 8.323189777546505e-23
5676999.384553491 8.2206875449029e-23
5688646.3582488885 8.117975017925039e-23
5700317.226961214 8.015051765171104e-23
5712012.039713615 7.911917354314958e-23
5723730.845629904 7.808571352142669e-23
5735473.69393461 7.705013324552147e-23
5747240.633953252 7.601242836550698e-23
5759031.715112612 7.49725945225255e-23
5770846.986940787 7.393062734878517e-23
5782686.4990675775 7.288652246752478e-23
5794550.30122451 7.184027549301202e-23
5806438.443245239 7.07918820305084e-23
5818350.9750655815 6.97413376762655e-23
5830287.946723808 6.868863801750008e-23
5842249.408360916 6.763377863236933e-23
5854235.41022068 6.657675508996698e-23
5866246.002650048 6.551756295028784e-23
5878281.236099166 6.445619776422594e-23
5890341.161121778 6.339265507353923e-23
5902425.828375277 6.232693041084522e-23
5914535.288620979 6.125901929959623e-23
5926669.592724418 6.018891725405413e-23
5938828.791655388 5.911661977928614e-23
5951012.936488347 5.804212237112941e-23
5963222.078402444 5.696542051618861e-23
5975456.268681923 5.588650969180014e-23
5987715.558716169 5.480538536602832e-23
6000000.0 9.837971586226976e-23
9321113.11060534 1e-300
14480524.936783148 1e-300
22495768.472782813 1e-300
34947600.40746641 1e-300
54291756.05703858 1e-300
84343266.53017482 1e-300
131028854.57428265 1e-300
203555795.70665765 1e-300
316227766.01683795 1e-300
