11193.6056928 7.40554472878e-18
21191.2136975 3.12529484709e-18
31188.8217021 1.78274099472e-18
41186.4297067 1.17835478227e-18
51184.0377113 8.41632359693e-19
61181.645716 6.36008420377e-19
71179.2537206 4.96950322515e-19
81176.8617252 4.02195223443e-19
91174.4697298 3.31986325071e-19
101172.077734 2.78460469479e-19
111169.685739 2.37156936434e-19
121167.293744 2.05630613794e-19
131164.901748 1.79361719905e-19
141162.509753 1.56770490162e-19
151160.117758 1.39973834358e-19
161157.725762 1.24519364463e-19
171155.333767 1.12131165232e-19
181152.941771 1.00968657818e-19
191150.549776 9.1851461756e-20
201148.157781 8.32449110538e-20
211145.765785 7.65650773289e-20
221143.37379 6.9885243604e-20
231140.981795 6.46013685854e-20
241138.589799 5.97109842259e-20
251136.197804 5.48926241481e-20
261133.805808 5.13293606209e-20
271131.413813 4.77660970937e-20
281129.021818 4.42028335664e-20
291126.629822 4.16060978453e-20
301124.237827 3.90134046212e-20
311121.845832 3.64207113972e-20
321119.453836 3.42311333308e-20
331117.061841 3.23529133154e-20
341114.669845 3.04746933e-20
351112.27785 2.85964732847e-20
361109.885855 2.70894491217e-20
371107.493859 2.57312058361e-20
381105.101864 2.43729625505e-20
391102.709869 2.30147192649e-20
401100.317873 2.18065178586e-20
411097.925878 2.08293679368e-20
421095.533882 1.98522180151e-20
431093.141887 1.88750680933e-20
441090.749892 1.78979181716e-20
451088.357896 1.7070367191e-20
461085.965901 1.63669976112e-20
471083.573906 1.56636280314e-20
481081.18191 1.49602584516e-20
491078.789915 1.42568888717e-20
501076.397919 1.35751273163e-20
511074.005924 1.30724535513e-20
521071.613929 1.25697797864e-20
531069.221933 1.20671060214e-20
541066.829938 1.15644322564e-20
551064.437943 1.10617584914e-20
561062.045947 1.05598591477e-20
571059.653952 1.02037688151e-20
581057.261956 9.84767848239e-21
591054.869961 9.49158814972e-21
601052.477966 9.13549781705e-21
611050.08597 8.77940748438e-21
621047.693975 8.42331715171e-21
631045.30198 8.08364510197e-21
641042.909984 7.83127267851e-21
651040.517989 7.57890025506e-21
661038.125993 7.3265278316e-21
671035.733998 7.07415540815e-21
681033.342003 6.82178298469e-21
691030.950007 6.56941056123e-21
701028.558012 6.31703813778e-21
711026.166016 6.10051596471e-21
721023.774021 5.92348242899e-21
731021.382026 5.74644889327e-21
741018.99003 5.56941535755e-21
751016.598035 5.39238182184e-21
761014.20604 5.21534828612e-21
771011.814044 5.0383147504e-21
781009.422049 4.86128121468e-21
791007.030053 4.68424767896e-21
801004.638058 4.55351894117e-21
811002.246063 4.43057923061e-21
820999.854067 4.30763952006e-21
830997.462072 4.18469980951e-21
840995.070077 4.06176009896e-21
850992.678081 3.93882038841e-21
860990.286086 3.81588067785e-21
870987.89409 3.6929409673e-21
880985.502095 3.57000125675e-21
890983.1101 3.45406643479e-21
900980.718104 3.36911735963e-21
910978.326109 3.28416828447e-21
920975.934114 3.19921920931e-21
930973.542118 3.11427013416e-21
940971.150123 3.029321059e-21
950968.758127 2.94437198384e-21
960966.366132 2.85942290868e-21
970963.974137 2.77447383352e-21
980961.582141 2.68952475836e-21
990959.190146 2.6045756832e-21
1000956.79815 2.52858802611e-21
1010954.40616 2.47057894659e-21
1020952.01416 2.41256986707e-21
1030949.62216 2.35456078755e-21
1040947.23017 2.29655170803e-21
1050944.83817 2.23854262851e-21
1060942.44618 2.18053354899e-21
1070940.05418 2.12252446947e-21
1080937.66219 2.06451538995e-21
1090935.27019 2.00650631043e-21
1100932.8782 1.94849723091e-21
1110930.4862 1.89048815138e-21
1120928.09421 1.83544280968e-21
1130925.70221 1.79633632527e-21
1140923.31022 1.75722984085e-21
1150920.91822 1.71812335644e-21
1160918.52622 1.67901687203e-21
1170916.13423 1.63991038761e-21
1180913.74223 1.6008039032e-21
1190911.35024 1.56169741879e-21
1200908.95824 1.52259093437e-21
1210906.56625 1.48348444996e-21
1220904.17425 1.44437796555e-21
1230901.78226 1.40527148113e-21
1240899.39026 1.36616499672e-21
1250896.99827 1.32705851231e-21
1260894.60627 1.29441189709e-21
1270892.21428 1.26834886781e-21
1280889.82228 1.24228583853e-21
1290887.43028 1.21622280925e-21
1300885.03829 1.19015977997e-21
1310882.64629 1.16409675068e-21
1320880.2543 1.1380337214e-21
1330877.8623 1.11197069212e-21
1340875.47031 1.08590766284e-21
1350873.07831 1.05984463356e-21
1360870.68632 1.03378160428e-21
1370868.29432 1.00771857499e-21
1380865.90233 9.81655545711e-22
1390863.51033 9.55592516429e-22
1400861.11834 9.29529487147e-22
1410858.72634 9.04984018694e-22
1420856.33434 8.88020932937e-22
1430853.94235 8.71057847181e-22
1440851.55035 8.54094761424e-22
1450849.15836 8.37131675668e-22
1460846.76636 8.20168589911e-22
1470844.37437 8.03205504155e-22
1480841.98237 7.86242418398e-22
1490839.59038 7.69279332642e-22
1500837.19838 7.52316246885e-22
1510834.80639 7.35353161129e-22
1520832.41439 7.18390075372e-22
1530830.0224 7.01426989616e-22
1540827.6304 6.84463903859e-22
1550825.2384 6.67500818103e-22
1560822.84641 6.50537732346e-22
1570820.45441 6.3357464659e-22
1580818.06242 6.16611560833e-22
1590815.67042 6.05570320532e-22
1600813.27843 5.94725377419e-22
1610810.88643 5.83880434306e-22
1620808.49444 5.73035491193e-22
1630806.10244 5.6219054808e-22
1640803.71045 5.51345604966e-22
1650801.31845 5.40500661853e-22
1660798.92646 5.2965571874e-22
1670796.53446 5.18810775627e-22
1680794.14246 5.07965832514e-22
1690791.75047 4.971208894e-22
1700789.35847 4.86275946287e-22
1710786.96648 4.75431003174e-22
1720784.57448 4.64586060061e-22
1730782.18249 4.53741116948e-22
1740779.79049 4.42896173835e-22
1750777.3985 4.32051230721e-22
1760775.0065 4.21206287608e-22
1770772.61451 4.10361344495e-22
1780770.22251 4.02195798336e-22
1790767.83052 3.95347044409e-22
1800765.43852 3.88498290482e-22
1810763.04653 3.81649536554e-22
1820760.65453 3.74800782627e-22
1830758.26253 3.679520287e-22
1840755.87054 3.61103274773e-22
1850753.47854 3.54254520846e-22
1860751.08655 3.47405766919e-22
1870748.69455 3.40557012992e-22
1880746.30256 3.33708259065e-22
1890743.91056 3.26859505138e-22
1900741.51857 3.20010751211e-22
1910739.12657 3.13161997284e-22
1920736.73458 3.06313243357e-22
1930734.34258 2.99464489429e-22
1940731.95059 2.92615735502e-22
1950729.55859 2.85766981575e-22
1960727.16659 2.78918227648e-22
1970724.7746 2.72069473721e-22
1980722.3826 2.65220719794e-22
1990719.99061 2.58422313452e-22
2000717.59861 2.54307138958e-22
2010715.20662 2.50191964465e-22
2020712.81462 2.46076789972e-22
2030710.42263 2.41961615479e-22
2040708.03063 2.37846440985e-22
2050705.63864 2.33731266492e-22
2060703.24664 2.29616091999e-22
2070700.85465 2.25500917506e-22
2080698.46265 2.21385743013e-22
2090696.07065 2.17270568519e-22
2100693.67866 2.13155394026e-22
2110691.28666 2.09040219533e-22
2120688.89467 2.0492504504e-22
2130686.50267 2.00809870547e-22
2140684.11068 1.96694696053e-22
2150681.71868 1.9257952156e-22
2160679.32669 1.88464347067e-22
2170676.93469 1.84349172574e-22
2180674.5427 1.8023399808e-22
2190672.1507 1.76118823587e-22
2200669.75871 1.72003649094e-22
2210667.36671 1.67888474601e-22
2220664.97471 1.63773300108e-22
2230662.58272 1.59658125614e-22
2240660.19072 1.56792161154e-22
2250657.79873 1.54401471009e-22
2260655.40673 1.52010780864e-22
2270653.01474 1.49620090719e-22
2280650.62274 1.47229400574e-22
2290648.23075 1.44838710429e-22
2300645.83875 1.42448020283e-22
2310643.44676 1.40057330138e-22
2320641.05476 1.37666639993e-22
2330638.66277 1.35275949848e-22
2340636.27077 1.32885259703e-22
2350633.87877 1.30494569558e-22
2360631.48678 1.28103879412e-22
2370629.09478 1.25713189267e-22
2380626.70279 1.23322499122e-22
2390624.31079 1.20931808977e-22
2400621.9188 1.18541118832e-22
2410619.5268 1.16150428687e-22
2420617.13481 1.13759738541e-22
2430614.74281 1.11369048396e-22
2440612.35082 1.08978358251e-22
2450609.95882 1.06587668106e-22
2460607.56683 1.04196977961e-22
2470605.17483 1.01806287816e-22
2480602.78283 9.94155976704e-23
2490600.39084 9.70249075252e-23
2500597.99884 9.463421738e-23
2510595.60685 9.27283548042e-23
2520593.21485 9.13779436039e-23
2530590.82286 9.00275324036e-23
2540588.43086 8.86771212034e-23
2550586.03887 8.73267100031e-23
2560583.64687 8.59762988029e-23
2570581.25488 8.46258876026e-23
2580578.86288 8.32754764023e-23
2590576.47089 8.19250652021e-23
2600574.07889 8.05746540018e-23
2610571.68689 7.92242428016e-23
2620569.2949 7.78738316013e-23
2630566.9029 7.65234204011e-23
2640564.51091 7.51730092008e-23
2650562.11891 7.38225980005e-23
2660559.72692 7.24721868003e-23
2670557.33492 7.11217756e-23
2680554.94293 6.97713643998e-23
2690552.55093 6.84209531995e-23
2700550.15894 6.70705419992e-23
2710547.76694 6.5720130799e-23
2720545.37495 6.43697195987e-23
2730542.98295 6.30193083985e-23
2740540.59096 6.16688971982e-23
2750538.19896 6.03184859979e-23
2760535.80696 5.89680747977e-23
2770533.41497 5.76176635974e-23
2780531.02297 5.62672523972e-23
2790528.63098 5.49168411969e-23
2800526.23898 5.35664299967e-23
2810523.84699 5.22160187964e-23
2820521.45499 5.14277375533e-23
2830519.063 5.07148832398e-23
2840516.671 5.00020289262e-23
2850514.27901 4.92891746127e-23
2860511.88701 4.85763202991e-23
2870509.49502 4.78634659856e-23
2880507.10302 4.7150611672e-23
2890504.71102 4.64377573584e-23
2900502.31903 4.57249030449e-23
2910499.92703 4.50120487313e-23
2920497.53504 4.42991944178e-23
2930495.14304 4.35863401042e-23
2940492.75105 4.28734857906e-23
2950490.35905 4.21606314771e-23
2960487.96706 4.14477771635e-23
2970485.57506 4.073492285e-23
2980483.18307 4.00220685364e-23
2990480.79107 3.93092142229e-23
3000478.39908 3.85963599093e-23
3010476.00708 3.78835055957e-23
3020473.61508 3.71706512822e-23
3030471.22309 3.64577969686e-23
3040468.83109 3.57449426551e-23
3050466.4391 3.50320883415e-23
3060464.0471 3.4319234028e-23
3070461.65511 3.36063797144e-23
3080459.26311 3.28935254008e-23
3090456.87112 3.21806710873e-23
3100454.47912 3.14678167737e-23
3110452.08713 3.07549624602e-23
3120449.69513 3.00421081466e-23
3130447.30314 2.93292538331e-23
3140444.91114 2.86163995195e-23
3150442.51914 2.79035452059e-23
3160440.12715 2.73936544426e-23
3170437.73515 2.70397254323e-23
3180435.34316 2.66857964221e-23
3190432.95116 2.63318674118e-23
3200430.55917 2.59779384016e-23
3210428.16717 2.56240093913e-23
3220425.77518 2.52700803811e-23
3230423.38318 2.49161513708e-23
3240420.99119 2.45622223606e-23
3250418.59919 2.42082933503e-23
3260416.2072 2.385436434e-23
3270413.8152 2.35004353298e-23
3280411.4232 2.31465063195e-23
3290409.03121 2.27925773093e-23
3300406.63921 2.2438648299e-23
3310404.24722 2.20847192888e-23
3320401.85522 2.17307902785e-23
3330399.46323 2.13768612683e-23
3340397.07123 2.1022932258e-23
3350394.67924 2.06690032478e-23
3360392.28724 2.03150742375e-23
3370389.89525 1.99611452273e-23
3380387.50325 1.9607216217e-23
3390385.11126 1.92532872068e-23
3400382.71926 1.88993581965e-23
3410380.32726 1.85454291863e-23
3420377.93527 1.8191500176e-23
3430375.54327 1.78375711658e-23
3440373.15128 1.74836421555e-23
3450370.75928 1.71297131453e-23
3460368.36729 1.6775784135e-23
3470365.97529 1.64218551247e-23
3480363.5833 1.60679261145e-23
3490361.1913 1.57139971042e-23
3500358.79931 1.5360068094e-23
3510356.40731 1.50061390837e-23
3520354.01532 1.46522100735e-23
3530351.62332 1.42982810632e-23
3540349.23132 1.39562854788e-23
3550346.83933 1.37946890567e-23
3560344.44733 1.36330926346e-23
3570342.05534 1.34714962125e-23
3580339.66334 1.33098997904e-23
3590337.27135 1.31483033684e-23
3600334.87935 1.29867069463e-23
3610332.48736 1.28251105242e-23
3620330.09536 1.26635141021e-23
3630327.70337 1.250191768e-23
3640325.31137 1.23403212579e-23
3650322.91938 1.21787248358e-23
3660320.52738 1.20171284138e-23
3670318.13539 1.18555319917e-23
3680315.74339 1.16939355696e-23
3690313.35139 1.15323391475e-23
3700310.9594 1.13707427254e-23
3710308.5674 1.12091463033e-23
3720306.17541 1.10475498813e-23
3730303.78341 1.08859534592e-23
3740301.39142 1.07243570371e-23
3750298.99942 1.0562760615e-23
3760296.60743 1.04011641929e-23
3770294.21543 1.02395677708e-23
3780291.82344 1.00779713488e-23
3790289.43144 9.91637492668e-24
3800287.03945 9.75477850459e-24
3810284.64745 9.59318208251e-24
3820282.25545 9.43158566043e-24
3830279.86346 9.26998923834e-24
3840277.47146 9.10839281626e-24
3850275.07947 8.94679639418e-24
3860272.68747 8.78519997209e-24
3870270.29548 8.62360355001e-24
3880267.90348 8.46200712792e-24
3890265.51149 8.30041070584e-24
3900263.11949 8.13881428376e-24
3910260.7275 7.97721786167e-24
3920258.3355 7.81562143959e-24
3930255.94351 7.65402501751e-24
3940253.55151 7.49242859542e-24
3950251.15951 7.33083217334e-24
3960248.76752 7.16923575126e-24
3970246.37552 7.00763932917e-24
3980243.98353 6.92624548466e-24
3990241.59153 6.85785511271e-24
4000239.19954 6.78946474077e-24
4010236.80754 6.72107436882e-24
4020234.41555 6.65268399687e-24
4030232.02355 6.58429362493e-24
4040229.63156 6.51590325298e-24
4050227.23956 6.44751288104e-24
4060224.84757 6.37912250909e-24
4070222.45557 6.31073213714e-24
4080220.06357 6.2423417652e-24
4090217.67158 6.17395139325e-24
4100215.27958 6.10556102131e-24
4110212.88759 6.03717064936e-24
4120210.49559 5.96878027741e-24
4130208.1036 5.90038990547e-24
4140205.7116 5.83199953352e-24
4150203.31961 5.76360916158e-24
4160200.92761 5.69521878963e-24
4170198.53562 5.62682841768e-24
4180196.14362 5.55843804574e-24
4190193.75163 5.49004767379e-24
4200191.35963 5.42165730184e-24
4210188.96763 5.3532669299e-24
4220186.57564 5.28487655795e-24
4230184.18364 5.21648618601e-24
4240181.79165 5.14809581406e-24
4250179.39965 5.07970544211e-24
4260177.00766 5.01131507017e-24
4270174.61566 4.94292469822e-24
4280172.22367 4.87453432628e-24
4290169.83167 4.80614395433e-24
4300167.43968 4.73775358238e-24
4310165.04768 4.66936321044e-24
4320162.65569 4.60097283849e-24
4330160.26369 4.53258246655e-24
4340157.87169 4.4641920946e-24
4350155.4797 4.39580172265e-24
4360153.0877 4.32741135071e-24
4370150.69571 4.25902097876e-24
4380148.30371 4.19063060682e-24
4390145.91172 4.12224023487e-24
4400143.51972 4.05384986292e-24
4410141.12773 3.98545949098e-24
4420138.73573 3.91706911903e-24
4430136.34374 3.84867874708e-24
4440133.95174 3.78028837514e-24
4450131.55975 3.71189800319e-24
4460129.16775 3.65987088443e-24
4470126.77575 3.63370385966e-24
4480124.38376 3.6075368349e-24
4490121.99176 3.58136981014e-24
4500119.59977 3.55520278538e-24
4510117.20777 3.52903576062e-24
4520114.81578 3.50286873586e-24
4530112.42378 3.4767017111e-24
4540110.03179 3.45053468633e-24
4550107.63979 3.42436766157e-24
4560105.2478 3.39820063681e-24
4570102.8558 3.37203361205e-24
4580100.46381 3.34586658729e-24
4590098.07181 3.31969956253e-24
4600095.67982 3.29353253776e-24
4610093.28782 3.267365513e-24
4620090.89582 3.24119848824e-24
4630088.50383 3.21503146348e-24
4640086.11183 3.18886443872e-24
4650083.71984 3.16269741396e-24
4660081.32784 3.13653038919e-24
4670078.93585 3.11036336443e-24
4680076.54385 3.08419633967e-24
4690074.15186 3.05802931491e-24
4700071.75986 3.03186229015e-24
4710069.36787 3.00569526539e-24
4720066.97587 2.97952824062e-24
4730064.58388 2.95336121586e-24
4740062.19188 2.9271941911e-24
4750059.79988 2.90102716634e-24
4760057.40789 2.87486014158e-24
4770055.01589 2.84869311682e-24
4780052.6239 2.82252609205e-24
4790050.2319 2.79635906729e-24
4800047.83991 2.77019204253e-24
4810045.44791 2.74402501777e-24
4820043.05592 2.71785799301e-24
4830040.66392 2.69169096825e-24
4840038.27193 2.66552394348e-24
4850035.87993 2.63935691872e-24
4860033.48794 2.61318989396e-24
4870031.09594 2.5870228692e-24
4880028.70394 2.56085584444e-24
4890026.31195 2.53468881968e-24
4900023.91995 2.50852179492e-24
4910021.52796 2.48235477015e-24
4920019.13596 2.45618774539e-24
4930016.74397 2.43002072063e-24
4940014.35197 2.40385369587e-24
4950011.95998 2.37768667111e-24
4960009.56798 2.35151964635e-24
4970007.17599 2.32535262158e-24
4980004.78399 2.29918559682e-24
4990002.392 2.27301857206e-24
5000000.0 2.2468515473e-24
7926554.46867 1e-300
12566053.149 1e-300
19921100.9483 1e-300
31581138.3485 1e-300
50065922.6604 1e-300
79370052.5984 1e-300
125826209.021 1e-300
199473659.878 1e-300
316227766.017 1e-300
