50000.0 1.560119691072079e-20
56100.92271509815 1.3676531345355567e-20
62946.27058970838 1.1977336945821351e-20
70626.8772311377 1.0477726815061031e-20
79244.6596230557 9.15217068564055e-21
88913.97050194614 7.982193958411849e-21
99763.11574844395 6.951438270101049e-21
111936.05692841699 6.044097634627668e-21
125594.32157547897 5.245691719769864e-21
140919.14656322275 4.54340867880046e-21
158113.88300841898 3.926108115384117e-21
177406.69461678766 3.3819486822529466e-21
199053.58527674866 2.9063661064068953e-21
223341.7960754815 2.4915929805465575e-21
250593.61681363624 2.1305797522973266e-21
281170.66259517457 1.8185303230849273e-21
315478.6722400965 1.5429772848811042e-21
353972.89219206903 1.3052098966255368e-21
397164.1173621407 1.1002890347394076e-21
445625.46906687296 9.24488834148364e-22
500000.0 7.741870361648475e-22
561009.2271509818 6.455232198044857e-22
629462.7058970837 5.357564155476402e-22
706268.772311377 4.430138933649557e-22
792446.5962305567 3.649131348854092e-22
889139.7050194615 2.993684721181503e-22
997631.1574844399 2.4456384318344232e-22
1119360.56928417 1.9892279095960107e-22
1255943.2157547898 1.6083333417520175e-22
1409191.4656322268 1.2941172819758239e-22
1581138.8300841895 1.0361267056697314e-22
1774066.9461678776 8.252606014727719e-23
1990535.8527674866 6.537400535883332e-23
2233417.960754815 5.149774954013931e-23
2505936.168136361 4.027173835373094e-23
2811706.6259517455 3.131346544497358e-23
3154786.7224009666 2.4191364958213302e-23
3539728.92192069 1.856674312362234e-23
3971641.173621407 1.4157269593534288e-23
4456254.690668727 1.0722472375291664e-23
5000000.0 8.053218012069742e-24
5610092.271509818 6.006508677031227e-24
6294627.058970837 4.4492141143249915e-24
7062687.723113772 3.2734706216790374e-24
7924465.962305567 2.39323739500578e-24
8891397.050194615 1.740380857542717e-24
9976311.574844398 1.2597854384178695e-24
11193605.692841697 9.102300269057023e-25
12559432.1575479 6.590813421200287e-25
14091914.656322269 4.805140703934235e-25
15811388.300841898 3.54695520144574e-25
17740669.461678773 2.668146770123839e-25
19905358.52767486 2.080360651015793e-25
22334179.60754816 1.6889437386035805e-25
25059361.681363612 1.442749966324277e-25
61372432.53885792 1e-300
75331509.51473334 1e-300
92465559.71486612 1e-300
113496726.5153672 1e-300
139311403.8289119 1e-300
170997594.66766945 1e-300
209890766.86097074 1e-300
257630138.59408116 1e-300
316227766.01683795 1e-300
