10023.7446725 3.03271334006e-21
50083.8173285 8.57161400075e-22
90143.8899845 6.10519603733e-22
130203.96264 5.13241215115e-22
170264.035296 4.60071285932e-22
210324.107952 4.22941414413e-22
250384.180608 3.95015591483e-22
290444.253264 3.73490665118e-22
330504.32592 3.55167324251e-22
370564.398576 3.38920907673e-22
410624.471232 3.24503757388e-22
450684.543888 3.11713177842e-22
490744.616544 3.00216219588e-22
530804.6892 2.89657679559e-22
570864.761856 2.79684458466e-22
610924.834512 2.70631849208e-22
650984.907168 2.62144374334e-22
691044.979824 2.54313572302e-22
731105.05248 2.46924045065e-22
771165.125136 2.39916284044e-22
811225.197792 2.33234406085e-22
851285.270448 2.27096342205e-22
891345.343104 2.20958278325e-22
931405.41576 2.155419327e-22
971465.488416 2.10163948471e-22
1011525.56107 2.04931239658e-22
1051585.63373 2.00189216964e-22
1091645.70638 1.95447194271e-22
1131705.77904 1.90809743139e-22
1171765.8517 1.86664198816e-22
1211825.92435 1.82518654493e-22
1251885.99701 1.7837311017e-22
1291946.06966 1.74583549622e-22
1332006.14232 1.70912866445e-22
1372066.21498 1.67242183269e-22
1412126.28763 1.63571500093e-22
1452186.36029 1.60333394037e-22
1492246.43294 1.57140164242e-22
1532306.5056 1.53946934446e-22
1572366.57826 1.5075370465e-22
1612426.65091 1.4781250446e-22
1652486.72357 1.45044022129e-22
1692546.79622 1.42275539797e-22
1732606.86888 1.39507057466e-22
1772666.94154 1.36738575135e-22
1812727.01419 1.34254124057e-22
1852787.08685 1.31862093693e-22
1892847.1595 1.29470063328e-22
1932907.23216 1.27078032964e-22
1972967.30481 1.246860026e-22
2013027.37747 1.22400158387e-22
2053087.45013 1.20334657667e-22
2093147.52278 1.18269156947e-22
2133207.59544 1.16203656227e-22
2173267.66809 1.14138155506e-22
2213327.74075 1.12072654786e-22
2253387.81341 1.10081068547e-22
2293447.88606 1.08332223762e-22
2333507.95872 1.06583378976e-22
2373568.03137 1.0483453419e-22
2413628.10403 1.03085689404e-22
2453688.17669 1.01336844619e-22
2493748.24934 9.95879998329e-23
2533808.322 9.79342567576e-23
2573868.39465 9.64241575028e-23
2613928.46731 9.4914058248e-23
2653988.53997 9.34039589931e-23
2694048.61262 9.18938597383e-23
2734108.68528 9.03837604834e-23
2774168.75793 8.88736612286e-23
2814228.83059 8.73635619738e-23
2854288.90325 8.60223199934e-23
2894348.9759 8.47437699187e-23
2934409.04856 8.3465219844e-23
2974469.12121 8.21866697693e-23
3014529.19387 8.09081196947e-23
3054589.26653 7.962956962e-23
3094649.33918 7.83510195453e-23
3134709.41184 7.70724694707e-23
3174769.48449 7.58196211265e-23
3214829.55715 7.47476920868e-23
3254889.62981 7.36757630472e-23
3294949.70246 7.26038340075e-23
3335009.77512 7.15319049679e-23
3375069.84777 7.04599759282e-23
3415129.92043 6.93880468886e-23
3455189.99309 6.83161178489e-23
3495250.06574 6.72441888093e-23
3535310.1384 6.61722597696e-23
3575370.21105 6.51824812211e-23
3615430.28371 6.42854969608e-23
3655490.35637 6.33885127005e-23
3695550.42902 6.24915284401e-23
3735610.50168 6.15945441798e-23
3775670.57433 6.06975599195e-23
3815730.64699 5.98005756592e-23
3855790.71965 5.89035913988e-23
3895850.7923 5.80066071385e-23
3935910.86496 5.71096228782e-23
3975970.93761 5.62126386179e-23
4016031.01027 5.54204991873e-23
4056091.08293 5.4688183196e-23
4096151.15558 5.39558672047e-23
4136211.22824 5.32235512134e-23
4176271.30089 5.24912352221e-23
4216331.37355 5.17589192309e-23
4256391.44621 5.10266032396e-23
4296451.51886 5.02942872483e-23
4336511.59152 4.9561971257e-23
4376571.66417 4.88296552657e-23
4416631.73683 4.80973392744e-23
4456691.80948 4.73650232831e-23
4496751.88214 4.66994623835e-23
4536811.9548 4.61056377711e-23
4576872.02745 4.55118131587e-23
4616932.10011 4.49179885463e-23
4656992.17276 4.43241639339e-23
4697052.24542 4.37303393215e-23
4737112.31808 4.31365147091e-23
4777172.39073 4.25426900967e-23
4817232.46339 4.19488654843e-23
4857292.53604 4.13550408719e-23
4897352.6087 4.07612162595e-23
4937412.68136 4.01673916471e-23
4977472.75401 3.95735670347e-23
5017532.82667 3.89797424223e-23
5057592.89932 3.84838020015e-23
5097652.97198 3.80059219077e-23
5137713.04464 3.75280418139e-23
5177773.11729 3.70501617201e-23
5217833.18995 3.65722816263e-23
5257893.2626 3.60944015325e-23
5297953.33526 3.56165214387e-23
5338013.40792 3.51386413449e-23
5378073.48057 3.46607612511e-23
5418133.55323 3.41828811573e-23
5458193.62588 3.37050010635e-23
5498253.69854 3.32271209697e-23
5538313.7712 3.27492408759e-23
5578373.84385 3.22713607821e-23
5618433.91651 3.17934806883e-23
5658493.98916 3.13708905533e-23
5698554.06182 3.09949483671e-23
5738614.13448 3.06190061809e-23
5778674.20713 3.02430639948e-23
5818734.27979 2.98671218086e-23
5858794.35244 2.94911796224e-23
5898854.4251 2.91152374362e-23
5938914.49776 2.873929525e-23
5978974.57041 2.83633530639e-23
6019034.64307 2.79874108777e-23
6059094.71572 2.76114686915e-23
6099154.78838 2.72355265053e-23
6139214.86104 2.68595843191e-23
6179274.93369 2.6483642133e-23
6219335.00635 2.61076999468e-23
6259395.079 2.57317577606e-23
6299455.15166 2.53558155744e-23
6339515.22432 2.50126751372e-23
6379575.29697 2.47245704429e-23
6419635.36963 2.44364657486e-23
6459695.44228 2.41483610543e-23
6499755.51494 2.386025636e-23
6539815.5876 2.35721516657e-23
6579875.66025 2.32840469714e-23
6619935.73291 2.29959422771e-23
6659995.80556 2.27078375828e-23
6700055.87822 2.24197328885e-23
6740115.95087 2.21316281942e-23
6780176.02353 2.18435234999e-23
6820236.09619 2.15554188056e-23
6860296.16884 2.12673141113e-23
6900356.2415 2.0979209417e-23
6940416.31415 2.06911047227e-23
6980476.38681 2.04030000284e-23
7020536.45947 2.01148953341e-23
7060596.53212 1.98267906398e-23
7100656.60478 1.95459764903e-23
7140716.67743 1.93244180996e-23
7180776.75009 1.9102859709e-23
7220836.82275 1.88813013183e-23
7260896.8954 1.86597429277e-23
7300956.96806 1.8438184537e-23
7341017.04071 1.82166261464e-23
7381077.11337 1.79950677557e-23
7421137.18603 1.7773509365e-23
7461197.25868 1.75519509744e-23
7501257.33134 1.73303925837e-23
7541317.40399 1.71088341931e-23
7581377.47665 1.68872758024e-23
7621437.54931 1.66657174118e-23
7661497.62196 1.64441590211e-23
7701557.69462 1.62226006305e-23
7741617.76727 1.60010422398e-23
7781677.83993 1.57794838491e-23
7821737.91259 1.55579254585e-23
7861797.98524 1.53363670678e-23
7901858.0579 1.51148086772e-23
7941918.13055 1.48932502865e-23
7981978.20321 1.47006953985e-23
8022038.27587 1.45377150062e-23
8062098.34852 1.43747346139e-23
8102158.42118 1.42117542217e-23
8142218.49383 1.40487738294e-23
8182278.56649 1.38857934371e-23
8222338.63915 1.37228130449e-23
8262398.7118 1.35598326526e-23
8302458.78446 1.33968522603e-23
8342518.85711 1.32338718681e-23
8382578.92977 1.30708914758e-23
8422639.00243 1.29079110835e-23
8462699.07508 1.27449306913e-23
8502759.14774 1.2581950299e-23
8542819.22039 1.24189699067e-23
8582879.29305 1.22559895145e-23
8622939.36571 1.20930091222e-23
8662999.43836 1.19300287299e-23
8703059.51102 1.17670483377e-23
8743119.58367 1.16040679454e-23
8783179.65633 1.14410875531e-23
8823239.72899 1.12781071609e-23
8863299.80164 1.11151267686e-23
8903359.8743 1.09521463763e-23
8943419.94695 1.08006109528e-23
8983480.01961 1.06846639408e-23
9023540.09227 1.05687169289e-23
9063600.16492 1.04527699169e-23
9103660.23758 1.03368229049e-23
9143720.31023 1.0220875893e-23
9183780.38289 1.0104928881e-23
9223840.45554 9.98898186906e-24
9263900.5282 9.8730348571e-24
9303960.60086 9.75708784514e-24
9344020.67351 9.64114083317e-24
9384080.74617 9.52519382121e-24
9424140.81882 9.40924680925e-24
9464200.89148 9.29329979729e-24
9504260.96414 9.17735278533e-24
9544321.03679 9.06140577336e-24
9584381.10945 8.9454587614e-24
9624441.1821 8.82951174944e-24
9664501.25476 8.71356473748e-24
9704561.32742 8.59761772551e-24
9744621.40007 8.48167071355e-24
9784681.47273 8.36572370159e-24
9824741.54538 8.24977668963e-24
9864801.61804 8.13382967767e-24
9904861.6907 8.0178826657e-24
9944921.76335 7.90193565374e-24
9984981.83601 7.78598864178e-24
10025041.9087 7.67117574152e-24
10065101.9813 7.59025134169e-24
10105162.054 7.50932694185e-24
10145222.1266 7.42840254201e-24
10185282.1993 7.34747814218e-24
10225342.2719 7.26655374234e-24
10265402.3446 7.1856293425e-24
10305462.4173 7.10470494267e-24
10345522.4899 7.02378054283e-24
10385582.5626 6.94285614299e-24
10425642.6352 6.86193174316e-24
10465702.7079 6.78100734332e-24
10505762.7805 6.70008294348e-24
10545822.8532 6.61915854365e-24
10585882.9258 6.53823414381e-24
10625942.9985 6.45730974397e-24
10666003.0712 6.37638534414e-24
10706063.1438 6.2954609443e-24
10746123.2165 6.21453654446e-24
10786183.2891 6.13361214462e-24
10826243.3618 6.05268774479e-24
10866303.4344 5.97176334495e-24
10906363.5071 5.89083894511e-24
10946423.5798 5.80991454528e-24
10986483.6524 5.72899014544e-24
11026543.7251 5.6480657456e-24
11066603.7977 5.56714134577e-24
11106663.8704 5.48621694593e-24
11146723.943 5.40529254609e-24
11186784.0157 5.32436814626e-24
11226844.0883 5.24344374642e-24
11266904.161 5.17658719693e-24
11306964.2337 5.12373176457e-24
11347024.3063 5.07087633221e-24
11387084.379 5.01802089986e-24
11427144.4516 4.9651654675e-24
11467204.5243 4.91231003515e-24
11507264.5969 4.85945460279e-24
11547324.6696 4.80659917044e-24
11587384.7422 4.75374373808e-24
11627444.8149 4.70088830573e-24
11667504.8876 4.64803287337e-24
11707564.9602 4.59517744101e-24
11747625.0329 4.54232200866e-24
11787685.1055 4.4894665763e-24
11827745.1782 4.43661114395e-24
11867805.2508 4.38375571159e-24
11907865.3235 4.33090027924e-24
11947925.3962 4.27804484688e-24
11987985.4688 4.22518941453e-24
12028045.5415 4.17233398217e-24
12068105.6141 4.11947854982e-24
12108165.6868 4.06662311746e-24
12148225.7594 4.0137676851e-24
12188285.8321 3.96091225275e-24
12228345.9047 3.90805682039e-24
12268405.9774 3.85520138804e-24
12308466.0501 3.80234595568e-24
12348526.1227 3.74949052333e-24
12388586.1954 3.69663509097e-24
12428646.268 3.64377965862e-24
12468706.3407 3.59092422626e-24
12508766.4133 3.53806879391e-24
12548826.486 3.48521336155e-24
12588886.5586 3.43235792919e-24
12628946.6313 3.38445635348e-24
12669006.704 3.35185164436e-24
12709066.7766 3.31924693524e-24
12749126.8493 3.28664222612e-24
12789186.9219 3.254037517e-24
12829246.9946 3.22143280788e-24
12869307.0672 3.18882809877e-24
12909367.1399 3.15622338965e-24
12949427.2125 3.12361868053e-24
12989487.2852 3.09101397141e-24
13029547.3579 3.05840926229e-24
13069607.4305 3.02580455317e-24
13109667.5032 2.99319984405e-24
13149727.5758 2.96059513493e-24
13189787.6485 2.92799042582e-24
13229847.7211 2.8953857167e-24
13269907.7938 2.86278100758e-24
13309967.8665 2.83017629846e-24
13350027.9391 2.79757158934e-24
13390088.0118 2.76496688022e-24
13430148.0844 2.7323621711e-24
13470208.1571 2.69975746198e-24
13510268.2297 2.66715275286e-24
13550328.3024 2.63454804375e-24
13590388.375 2.60194333463e-24
13630448.4477 2.56933862551e-24
13670508.5204 2.53673391639e-24
13710568.593 2.50412920727e-24
13750628.6657 2.47152449815e-24
13790688.7383 2.43891978903e-24
13830748.811 2.40631507991e-24
13870808.8836 2.3737103708e-24
13910868.9563 2.34110566168e-24
13950929.0289 2.30850095256e-24
13990989.1016 2.27589624344e-24
14031049.1743 2.24329153432e-24
14071109.2469 2.2106868252e-24
14111169.3196 2.17808211608e-24
14151229.3922 2.14547740696e-24
14191289.4649 2.12419941222e-24
14231349.5375 2.10561064564e-24
14271409.6102 2.08702187906e-24
14311469.6829 2.06843311248e-24
14351529.7555 2.0498443459e-24
14391589.8282 2.03125557932e-24
14431649.9008 2.01266681274e-24
14471709.9735 1.99407804615e-24
14511770.0461 1.97548927957e-24
14551830.1188 1.95690051299e-24
14591890.1914 1.93831174641e-24
14631950.2641 1.91972297983e-24
14672010.3368 1.90113421325e-24
14712070.4094 1.88254544667e-24
14752130.4821 1.86395668009e-24
14792190.5547 1.8453679135e-24
14832250.6274 1.82677914692e-24
14872310.7 1.80819038034e-24
14912370.7727 1.78960161376e-24
14952430.8453 1.77101284718e-24
14992490.918 1.7524240806e-24
15032550.9907 1.73383531402e-24
15072611.0633 1.71524654743e-24
15112671.136 1.69665778085e-24
15152731.2086 1.67806901427e-24
15192791.2813 1.65948024769e-24
15232851.3539 1.64089148111e-24
15272911.4266 1.62230271453e-24
15312971.4993 1.60371394795e-24
15353031.5719 1.58512518136e-24
15393091.6446 1.56653641478e-24
15433151.7172 1.5479476482e-24
15473211.7899 1.52935888162e-24
15513271.8625 1.51077011504e-24
15553331.9352 1.49218134846e-24
15593392.0078 1.47359258188e-24
15633452.0805 1.45500381529e-24
15673512.1532 1.43641504871e-24
15713572.2258 1.41782628213e-24
15753632.2985 1.39923751555e-24
15793692.3711 1.38064874897e-24
15833752.4438 1.36205998239e-24
15873812.5164 1.34347121581e-24
15913872.5891 1.33103431117e-24
15953932.6617 1.32147018894e-24
15993992.7344 1.3119060667e-24
16034052.8071 1.30234194446e-24
16074112.8797 1.29277782223e-24
16114172.9524 1.28321369999e-24
16154233.025 1.27364957776e-24
16194293.0977 1.26408545552e-24
16234353.1703 1.25452133328e-24
16274413.243 1.24495721105e-24
16314473.3157 1.23539308881e-24
16354533.3883 1.22582896657e-24
16394593.461 1.21626484434e-24
16434653.5336 1.2067007221e-24
16474713.6063 1.19713659986e-24
16514773.6789 1.18757247763e-24
16554833.7516 1.17800835539e-24
16594893.8242 1.16844423316e-24
16634953.8969 1.15888011092e-24
16675013.9696 1.14931598868e-24
16715074.0422 1.13975186645e-24
16755134.1149 1.13018774421e-24
16795194.1875 1.12062362197e-24
16835254.2602 1.11105949974e-24
16875314.3328 1.1014953775e-24
16915374.4055 1.09193125526e-24
16955434.4781 1.08236713303e-24
16995494.5508 1.07280301079e-24
17035554.6235 1.06323888856e-24
17075614.6961 1.05367476632e-24
17115674.7688 1.04411064408e-24
17155734.8414 1.03454652185e-24
17195794.9141 1.02498239961e-24
17235854.9867 1.01541827737e-24
17275915.0594 1.00585415514e-24
17315975.1321 9.96290032901e-25
17356035.2047 9.86725910665e-25
17396095.2774 9.77161788428e-25
17436155.35 9.67597666192e-25
17476215.4227 9.58033543956e-25
17516275.4953 9.48469421719e-25
17556335.568 9.38905299483e-25
17596395.6406 9.29341177247e-25
17636455.7133 9.1977705501e-25
17676515.786 9.10212932774e-25
17716575.8586 9.00648810537e-25
17756635.9313 8.91084688301e-25
17796696.0039 8.81520566065e-25
17836756.0766 8.73524106092e-25
17876816.1492 8.69310498012e-25
17916876.2219 8.65096889931e-25
17956936.2945 8.6088328185e-25
17996996.3672 8.5666967377e-25
18037056.4399 8.52456065689e-25
18077116.5125 8.48242457609e-25
18117176.5852 8.44028849528e-25
18157236.6578 8.39815241448e-25
18197296.7305 8.35601633367e-25
18237356.8031 8.31388025286e-25
18277416.8758 8.27174417206e-25
18317476.9484 8.22960809125e-25
18357537.0211 8.18747201045e-25
18397597.0938 8.14533592964e-25
18437657.1664 8.10319984883e-25
18477717.2391 8.06106376803e-25
18517777.3117 8.01892768722e-25
18557837.3844 7.97679160642e-25
18597897.457 7.93465552561e-25
18637957.5297 7.89251944481e-25
18678017.6024 7.850383364e-25
18718077.675 7.80824728319e-25
18758137.7477 7.76611120239e-25
18798197.8203 7.72397512158e-25
18838257.893 7.68183904078e-25
18878317.9656 7.63970295997e-25
18918378.0383 7.59756687916e-25
18958438.1109 7.55543079836e-25
18998498.1836 7.51329471755e-25
19038558.2563 7.47115863675e-25
19078618.3289 7.42902255594e-25
19118678.4016 7.38688647514e-25
19158738.4742 7.34475039433e-25
19198798.5469 7.30261431352e-25
19238858.6195 7.26047823272e-25
19278918.6922 7.21834215191e-25
19318978.7648 7.17620607111e-25
19359038.8375 7.1340699903e-25
19399098.9102 7.09193390949e-25
19439158.9828 7.04979782869e-25
19479219.0555 7.00766174788e-25
19519279.1281 6.96552566708e-25
19559339.2008 6.92338958627e-25
19599399.2734 6.88125350546e-25
19639459.3461 6.83911742466e-25
19679519.4188 6.79698134385e-25
19719579.4914 6.75484526305e-25
19759639.5641 6.71270918224e-25
19799699.6367 6.67057310144e-25
19839759.7094 6.62843702063e-25
19879819.782 6.58630093982e-25
19919879.8547 6.54416485902e-25
19959939.9273 6.50202877821e-25
20000000.0 6.45989269741e-25
27179964.4921 1e-300
36937523.4896 1e-300
50198028.8437 1e-300
68219032.0772 1e-300
92709543.4772 1e-300
125992104.989 1e-300
171223046.995 1e-300
232691816.878 1e-300
316227766.017 1e-300
