10047.545726 3.76539327036e-16
10829.0135703 3.3551997568e-16
11610.4814145 2.9892006315e-16
12391.9492587 2.68150459579e-16
13173.417103 2.42569248403e-16
13954.8849472 2.19532835459e-16
14736.3527915 2.00565886466e-16
15517.8206357 1.83377311898e-16
16299.2884799 1.68301083215e-16
17080.7563242 1.5551443688e-16
17862.2241684 1.42727790546e-16
18643.6920126 1.33205568888e-16
19425.1598569 1.2370487401e-16
20206.6277011 1.14710707618e-16
20988.0955453 1.07697381176e-16
21769.5633896 1.00684054735e-16
22551.0312338 9.38059012546e-17
23332.4990781 8.86335749612e-17
24113.9669223 8.34612486678e-17
24895.4347665 7.82889223744e-17
25676.9026108 7.38846236204e-17
26458.370455 7.00806893483e-17
27239.8382992 6.62767550762e-17
28021.3061435 6.24728208041e-17
28802.7739877 5.93045443666e-17
29584.2418319 5.65249501816e-17
30365.7096762 5.37453559965e-17
31147.1775204 5.09657618114e-17
31928.6453647 4.83365625787e-17
32710.1132089 4.63127030935e-17
33491.5810531 4.42888436083e-17
34273.0488974 4.22649841231e-17
35054.5167416 4.02411246379e-17
35835.9845858 3.83491246711e-17
36617.4524301 3.68794227687e-17
37398.9202743 3.54097208664e-17
38180.3881185 3.3940018964e-17
38961.8559628 3.24703170616e-17
39743.323807 3.10006151592e-17
40524.7916513 2.98055914468e-17
41306.2594955 2.87449131492e-17
42087.7273397 2.76842348515e-17
42869.195184 2.66235565539e-17
43650.6630282 2.55628782563e-17
44432.1308724 2.45021999587e-17
45213.5987167 2.35689140037e-17
45995.0665609 2.2807318974e-17
46776.5344051 2.20457239443e-17
47558.0022494 2.12841289145e-17
48339.4700936 2.05225338848e-17
49120.9379379 1.9760938855e-17
49902.4057821 1.89993438253e-17
50683.8736263 1.83282260168e-17
51465.3414706 1.77829488436e-17
52246.8093148 1.72376716704e-17
53028.277159 1.66923944973e-17
53809.7450033 1.61471173241e-17
54591.2128475 1.56018401509e-17
55372.6806917 1.50565629777e-17
56154.148536 1.45112858045e-17
56935.6163802 1.40545837333e-17
57717.0842245 1.36687543069e-17
58498.5520687 1.32829248804e-17
59280.0199129 1.28970954539e-17
60061.4877572 1.25112660274e-17
60842.9556014 1.2125436601e-17
61624.4234456 1.17396071745e-17
62405.8912899 1.1353777748e-17
63187.3591341 1.09679483215e-17
63968.8269783 1.06657044354e-17
64750.2948226 1.03938507447e-17
65531.7626668 1.01219970539e-17
66313.2305111 9.85014336311e-18
67094.6983553 9.57828967234e-18
67876.1661995 9.30643598156e-18
68657.6340438 9.03458229078e-18
69439.101888 8.76272860001e-18
70220.5697322 8.49087490923e-18
71002.0375765 8.21902121846e-18
71783.5054207 8.01537119039e-18
72564.973265 7.82522315382e-18
73346.4411092 7.63507511726e-18
74127.9089534 7.44492708069e-18
74909.3767977 7.25477904412e-18
75690.8446419 7.06463100755e-18
76472.3124861 6.87448297098e-18
77253.7803304 6.68433493441e-18
78035.2481746 6.49418689785e-18
78816.7160188 6.30403886128e-18
79598.1838631 6.11389082471e-18
80379.6517073 5.96685920342e-18
81161.1195516 5.83591094349e-18
81942.5873958 5.70496268356e-18
82724.05524 5.57401442364e-18
83505.5230843 5.44306616371e-18
84286.9909285 5.31211790378e-18
85068.4587727 5.18116964385e-18
85849.926617 5.05022138392e-18
86631.3944612 4.91927312399e-18
87412.8623054 4.78832486407e-18
88194.3301497 4.65737660414e-18
88975.7979939 4.52642834421e-18
89757.2658382 4.40658767198e-18
90538.7336824 4.3172870961e-18
91320.2015266 4.22798652022e-18
92101.6693709 4.13868594435e-18
92883.1372151 4.04938536847e-18
93664.6050593 3.96008479259e-18
94446.0729036 3.87078421671e-18
95227.5407478 3.78148364084e-18
96009.008592 3.69218306496e-18
96790.4764363 3.60288248908e-18
97571.9442805 3.5135819132e-18
98353.4121248 3.42428133732e-18
99134.879969 3.33498076145e-18
99916.3478132 3.24568018557e-18
100697.815657 3.16467864519e-18
101479.283502 3.10454462863e-18
102260.751346 3.04441061207e-18
103042.21919 2.98427659551e-18
103823.687034 2.92414257895e-18
104605.154879 2.86400856239e-18
105386.622723 2.80387454584e-18
106168.090567 2.74374052928e-18
106949.558411 2.68360651272e-18
107731.026256 2.62347249616e-18
108512.4941 2.5633384796e-18
109293.961944 2.50320446304e-18
110075.429788 2.44307044648e-18
110856.897633 2.38293642993e-18
111638.365477 2.32280241337e-18
112419.833321 2.26266839681e-18
113201.301165 2.2146294875e-18
113982.769009 2.17477929855e-18
114764.236854 2.13492910959e-18
115545.704698 2.09507892063e-18
116327.172542 2.05522873168e-18
117108.640386 2.01537854272e-18
117890.108231 1.97552835376e-18
118671.576075 1.93567816481e-18
119453.043919 1.89582797585e-18
120234.511763 1.8559777869e-18
121015.979608 1.81612759794e-18
121797.447452 1.77627740898e-18
122578.915296 1.73642722003e-18
123360.38314 1.69657703107e-18
124141.850985 1.65672684211e-18
124923.318829 1.61687665316e-18
125704.786673 1.5770264642e-18
126486.254517 1.53717627525e-18
127267.722361 1.51128356528e-18
128049.190206 1.48547805433e-18
128830.65805 1.45967254339e-18
129612.125894 1.43386703244e-18
130393.593738 1.40806152149e-18
131175.061583 1.38225601054e-18
131956.529427 1.35645049959e-18
132737.997271 1.33064498864e-18
133519.465115 1.30483947769e-18
134300.93296 1.27903396674e-18
135082.400804 1.25322845579e-18
135863.868648 1.22742294485e-18
136645.336492 1.2016174339e-18
137426.804337 1.17581192295e-18
138208.272181 1.150006412e-18
138989.740025 1.12420090105e-18
139771.207869 1.0983953901e-18
140552.675714 1.07258987915e-18
141334.143558 1.0467843682e-18
142115.611402 1.0232525739e-18
142897.079246 1.00678626469e-18
143678.54709 9.90319955485e-19
144460.014935 9.73853646278e-19
145241.482779 9.5738733707e-19
146022.950623 9.40921027863e-19
146804.418467 9.24454718655e-19
147585.886312 9.07988409448e-19
148367.354156 8.91522100241e-19
149148.822 8.75055791033e-19
149930.289844 8.58589481826e-19
150711.757689 8.42123172619e-19
151493.225533 8.25656863411e-19
152274.693377 8.09190554204e-19
153056.161221 7.92724244997e-19
153837.629066 7.76257935789e-19
154619.09691 7.59791626582e-19
155400.564754 7.43325317375e-19
156182.032598 7.26859008167e-19
156963.500442 7.1039269896e-19
157744.968287 6.93926389753e-19
158526.436131 6.77460080545e-19
159307.903975 6.61524191592e-19
160089.371819 6.51431397699e-19
160870.839664 6.41338603806e-19
161652.307508 6.31245809914e-19
162433.775352 6.21153016021e-19
163215.243196 6.11060222128e-19
163996.711041 6.00967428235e-19
164778.178885 5.90874634342e-19
165559.646729 5.80781840449e-19
166341.114573 5.70689046556e-19
167122.582418 5.60596252663e-19
167904.050262 5.5050345877e-19
168685.518106 5.40410664877e-19
169466.98595 5.30317870984e-19
170248.453794 5.20225077091e-19
171029.921639 5.10132283198e-19
171811.389483 5.00039489305e-19
172592.857327 4.89946695412e-19
173374.325171 4.79853901519e-19
174155.793016 4.69761107626e-19
174937.26086 4.59668313733e-19
175718.728704 4.4957551984e-19
176500.196548 4.39482725947e-19
177281.664393 4.29389932054e-19
178063.132237 4.19297138162e-19
178844.600081 4.1010060895e-19
179626.067925 4.04099827497e-19
180407.53577 3.98099046044e-19
181189.003614 3.92098264591e-19
181970.471458 3.86097483138e-19
182751.939302 3.80096701686e-19
183533.407147 3.74095920233e-19
184314.874991 3.6809513878e-19
185096.342835 3.62094357327e-19
185877.810679 3.56093575874e-19
186659.278523 3.50092794421e-19
187440.746368 3.44092012968e-19
188222.214212 3.38091231515e-19
189003.682056 3.32090450062e-19
189785.1499 3.26089668609e-19
190566.617745 3.20088887157e-19
191348.085589 3.14088105704e-19
192129.553433 3.08087324251e-19
192911.021277 3.02086542798e-19
193692.489122 2.96085761345e-19
194473.956966 2.90084979892e-19
195255.42481 2.84084198439e-19
196036.892654 2.78083416986e-19
196818.360499 2.72082635533e-19
197599.828343 2.66081854081e-19
198381.296187 2.60081072628e-19
199162.764031 2.54080291175e-19
199944.231875 2.48079509722e-19
200725.69972 2.42901989418e-19
201507.167564 2.39466343672e-19
202288.635408 2.36030697926e-19
203070.103252 2.3259505218e-19
203851.571097 2.29159406434e-19
204633.038941 2.25723760688e-19
205414.506785 2.22288114942e-19
206195.974629 2.18852469196e-19
206977.442474 2.1541682345e-19
207758.910318 2.11981177704e-19
208540.378162 2.08545531958e-19
209321.846006 2.05109886212e-19
210103.313851 2.01674240466e-19
210884.781695 1.9823859472e-19
211666.249539 1.94802948974e-19
212447.717383 1.91367303229e-19
213229.185228 1.87931657483e-19
214010.653072 1.84496011737e-19
214792.120916 1.81060365991e-19
215573.58876 1.77624720245e-19
216355.056604 1.74189074499e-19
217136.524449 1.70753428753e-19
217917.992293 1.67317783007e-19
218699.460137 1.63882137261e-19
219480.927981 1.60446491515e-19
220262.395826 1.57010845769e-19
221043.86367 1.53575200023e-19
221825.331514 1.50139554277e-19
222606.799358 1.46703908531e-19
223388.267203 1.43268262785e-19
224169.735047 1.39832617039e-19
224951.202891 1.36426785361e-19
225732.670735 1.3457902412e-19
226514.13858 1.3273126288e-19
227295.606424 1.30883501639e-19
228077.074268 1.29035740398e-19
228858.542112 1.27187979158e-19
229640.009956 1.25340217917e-19
230421.477801 1.23492456677e-19
231202.945645 1.21644695436e-19
231984.413489 1.19796934195e-19
232765.881333 1.17949172955e-19
233547.349178 1.16101411714e-19
234328.817022 1.14253650474e-19
235110.284866 1.12405889233e-19
235891.75271 1.10558127992e-19
236673.220555 1.08710366752e-19
237454.688399 1.06862605511e-19
238236.156243 1.05014844271e-19
239017.624087 1.0316708303e-19
239799.091932 1.01319321789e-19
240580.559776 9.94715605488e-20
241362.02762 9.76237993082e-20
242143.495464 9.57760380676e-20
242924.963308 9.3928276827e-20
243706.431153 9.20805155864e-20
244487.898997 9.02327543458e-20
245269.366841 8.83849931052e-20
246050.834685 8.65372318646e-20
246832.30253 8.4689470624e-20
247613.770374 8.28417093834e-20
248395.238218 8.09939481428e-20
249176.706062 7.91461869022e-20
249958.173907 7.72984256616e-20
250739.641751 7.5450664421e-20
251521.109595 7.36029031804e-20
252302.577439 7.17551419398e-20
253084.045284 7.07313452731e-20
253865.513128 6.98019907349e-20
254646.980972 6.88726361967e-20
255428.448816 6.79432816585e-20
256209.916661 6.70139271203e-20
256991.384505 6.60845725821e-20
257772.852349 6.51552180439e-20
258554.320193 6.42258635057e-20
259335.788037 6.32965089675e-20
260117.255882 6.23671544293e-20
260898.723726 6.14377998911e-20
261680.19157 6.05084453529e-20
262461.659414 5.95790908147e-20
263243.127259 5.86497362765e-20
264024.595103 5.77203817383e-20
264806.062947 5.67910272001e-20
265587.530791 5.58616726619e-20
266368.998636 5.49323181237e-20
267150.46648 5.40029635855e-20
267931.934324 5.30736090473e-20
268713.402168 5.21442545091e-20
269494.870013 5.12148999709e-20
270276.337857 5.02855454327e-20
271057.805701 4.93561908945e-20
271839.273545 4.84268363563e-20
272620.741389 4.74974818181e-20
273402.209234 4.65681272799e-20
274183.677078 4.56387727417e-20
274965.144922 4.47094182035e-20
275746.612766 4.37800636653e-20
276528.080611 4.28507091271e-20
277309.548455 4.1921354589e-20
278091.016299 4.09920000508e-20
278872.484143 4.00626455126e-20
279653.951988 3.91332909744e-20
280435.419832 3.82039364362e-20
281216.887676 3.7274581898e-20
281998.35552 3.63452273598e-20
282779.823365 3.54158728216e-20
283561.291209 3.4732051478e-20
284342.759053 3.4303708928e-20
285124.226897 3.38753663781e-20
285905.694741 3.34470238282e-20
286687.162586 3.30186812783e-20
287468.63043 3.25903387283e-20
288250.098274 3.21619961784e-20
289031.566118 3.17336536285e-20
289813.033963 3.13053110786e-20
290594.501807 3.08769685286e-20
291375.969651 3.04486259787e-20
292157.437495 3.00202834288e-20
292938.90534 2.95919408789e-20
293720.373184 2.91635983289e-20
294501.841028 2.8735255779e-20
295283.308872 2.83069132291e-20
296064.776717 2.78785706792e-20
296846.244561 2.74502281292e-20
297627.712405 2.70218855793e-20
298409.180249 2.65935430294e-20
299190.648094 2.61652004795e-20
299972.115938 2.57368579295e-20
300753.583782 2.53085153796e-20
301535.051626 2.48801728297e-20
302316.51947 2.44518302798e-20
303097.987315 2.40234877299e-20
303879.455159 2.35951451799e-20
304660.923003 2.316680263e-20
305442.390847 2.27384600801e-20
306223.858692 2.23101175302e-20
307005.326536 2.18817749802e-20
307786.79438 2.14534324303e-20
308568.262224 2.10250898804e-20
309349.730069 2.05967473305e-20
310131.197913 2.01684047805e-20
310912.665757 1.97400622306e-20
311694.133601 1.93117196807e-20
312475.601446 1.88833771308e-20
313257.06929 1.84550345808e-20
314038.537134 1.80266920309e-20
314820.004978 1.7598349481e-20
315601.472822 1.71700069311e-20
316382.940667 1.67416643811e-20
317164.408511 1.63133218312e-20
317945.876355 1.59550376283e-20
318727.344199 1.57818340308e-20
319508.812044 1.56086304332e-20
320290.279888 1.54354268357e-20
321071.747732 1.52622232381e-20
321853.215576 1.50890196406e-20
322634.683421 1.4915816043e-20
323416.151265 1.47426124455e-20
324197.619109 1.45694088479e-20
324979.086953 1.43962052504e-20
325760.554798 1.42230016528e-20
326542.022642 1.40497980553e-20
327323.490486 1.38765944577e-20
328104.95833 1.37033908602e-20
328886.426174 1.35301872626e-20
329667.894019 1.33569836651e-20
330449.361863 1.31837800675e-20
331230.829707 1.301057647e-20
332012.297551 1.28373728724e-20
332793.765396 1.26641692749e-20
333575.23324 1.24909656773e-20
334356.701084 1.23177620798e-20
335138.168928 1.21445584822e-20
335919.636773 1.19713548847e-20
336701.104617 1.17981512871e-20
337482.572461 1.16249476896e-20
338264.040305 1.1451744092e-20
339045.50815 1.12785404945e-20
339826.975994 1.11053368969e-20
340608.443838 1.09321332994e-20
341389.911682 1.07589297018e-20
342171.379527 1.05857261043e-20
342952.847371 1.04125225067e-20
343734.315215 1.02393189092e-20
344515.783059 1.00661153116e-20
345297.250903 9.89291171407e-21
346078.718748 9.71970811652e-21
346860.186592 9.54650451896e-21
347641.654436 9.37330092141e-21
348423.12228 9.20009732386e-21
349204.590125 9.02689372631e-21
349986.057969 8.85369012876e-21
350767.525813 8.68048653121e-21
351548.993657 8.50728293366e-21
352330.461502 8.33407933611e-21
353111.929346 8.16087573856e-21
353893.39719 7.98767214101e-21
354674.865034 7.81446854346e-21
355456.332879 7.64126494591e-21
356237.800723 7.46806134835e-21
357019.268567 7.37025514979e-21
357800.736411 7.31060214408e-21
358582.204255 7.25094913837e-21
359363.6721 7.19129613266e-21
360145.139944 7.13164312695e-21
360926.607788 7.07199012124e-21
361708.075632 7.01233711553e-21
362489.543477 6.95268410982e-21
363271.011321 6.89303110411e-21
364052.479165 6.8333780984e-21
364833.947009 6.77372509268e-21
365615.414854 6.71407208697e-21
366396.882698 6.65441908126e-21
367178.350542 6.59476607555e-21
367959.818386 6.53511306984e-21
368741.286231 6.47546006413e-21
369522.754075 6.41580705842e-21
370304.221919 6.35615405271e-21
371085.689763 6.296501047e-21
371867.157607 6.23684804129e-21
372648.625452 6.17719503558e-21
373430.093296 6.11754202987e-21
374211.56114 6.05788902415e-21
374993.028984 5.99823601844e-21
375774.496829 5.93858301273e-21
376555.964673 5.87893000702e-21
377337.432517 5.81927700131e-21
378118.900361 5.7596239956e-21
378900.368206 5.69997098989e-21
379681.83605 5.64031798418e-21
380463.303894 5.58066497847e-21
381244.771738 5.52101197276e-21
382026.239583 5.46135896705e-21
382807.707427 5.40170596133e-21
383589.175271 5.34205295562e-21
384370.643115 5.28239994991e-21
385152.11096 5.2227469442e-21
385933.578804 5.16309393849e-21
386715.046648 5.10344093278e-21
387496.514492 5.04378792707e-21
388277.982336 4.98413492136e-21
389059.450181 4.92448191565e-21
389840.918025 4.86482890994e-21
390622.385869 4.80517590423e-21
391403.853713 4.74552289852e-21
392185.321558 4.6858698928e-21
392966.789402 4.62621688709e-21
393748.257246 4.56656388138e-21
394529.72509 4.50691087567e-21
395311.192935 4.44725786996e-21
396092.660779 4.38760486425e-21
396874.128623 4.32795185854e-21
397655.596467 4.26829885283e-21
398437.064312 4.20864584712e-21
399218.532156 4.14899284141e-21
400000.0 4.0893398357e-21
839563.067444 1e-300
1762165.36054 1e-300
3698622.38859 1e-300
7763066.89471 1e-300
16293960.6372 1e-300
34199518.9335 1e-300
71781632.5524 1e-300
150663019.029 1e-300
316227766.017 1e-300
