100714.032944 1.26159683592e-19
113003.00357 1.05581980509e-19
126791.455397 8.76374358016e-20
142262.352803 7.28746111321e-20
159620.985198 5.99068396498e-20
179097.691085 4.91554941339e-20
200950.914521 3.99876760452e-20
225470.634501 3.24203063945e-20
252982.212813 2.6350488928e-20
283850.711387 2.11886321684e-20
318485.736443 1.69502867402e-20
357346.873721 1.33012037754e-20
400949.786902 1.0391781683e-20
449873.060152 8.32212901297e-21
504765.875584 6.39354235177e-21
566356.627507 4.88711529525e-21
635462.587779 3.7974031067e-21
713000.750507 2.93018364441e-21
800000.0 2.24685357333e-21
897614.763442 1.61625815824e-21
1007140.32944 1.24584033754e-21
1130030.0357 9.25857674143e-22
1267914.55397 6.47177545759e-22
1422623.52803 4.83311209237e-22
1596209.85198 3.52065611674e-22
1790976.91085 2.50754533467e-22
2009509.14521 1.76969903472e-22
2254706.34501 1.2544549949e-22
2529822.12813 8.92240047154e-23
2838507.11387 6.43457374706e-23
3184857.36443 4.80057764141e-23
3573468.73721 3.72645451132e-23
4009497.86902 2.98281156991e-23
4498730.60152 2.71964600107e-23
5047658.75584 2.50987875056e-23
5663566.27507 2.50864957531e-23
6354625.87779 3.41793443719e-23
7130007.50507 5.26387727684e-23
8000000.0 6.70351677946e-23
12037171.0755 1e-300
18111685.9377 1e-300
27251682.7623 1e-300
41004145.9383 1e-300
61696739.9331 1e-300
92831776.6723 1e-300
139678997.131 1e-300
210167498.016 1e-300
316227766.017 1e-300
