10047.545726 1.21396473183e-17
18043.442428 5.47908202759e-18
26039.3391299 3.23863143969e-18
34035.2358319 2.17301409236e-18
42031.1325338 1.57115457235e-18
50027.0292358 1.18968496353e-18
58022.9259377 9.41373451919e-19
66018.8226397 7.64430490721e-19
74014.7193417 6.33112245165e-19
82010.6160436 5.32892165781e-19
90006.5127456 4.53795117025e-19
98002.4094475 3.94102445773e-19
105998.306149 3.45048575068e-19
113994.202851 3.02572678609e-19
121990.099553 2.69804958922e-19
129985.996255 2.40788066579e-19
137981.892957 2.16601798466e-19
145977.789659 1.95655012607e-19
153973.686361 1.77860598301e-19
161969.583063 1.61680147383e-19
169965.479765 1.48618565541e-19
177961.376467 1.35556983699e-19
185957.273169 1.2568481246e-19
193953.169871 1.16124434742e-19
201949.066573 1.07038851255e-19
209944.963275 1.00053751553e-19
217940.859977 9.30686518501e-20
225936.756679 8.63209902703e-20
233932.653381 8.12339911567e-20
241928.550083 7.6146992043e-20
249924.446785 7.10599929293e-20
257920.343487 6.69398728862e-20
265916.240188 6.32490267002e-20
273912.13689 5.95581805142e-20
281908.033592 5.58673343281e-20
289903.930294 5.30364674029e-20
297899.826996 5.03680264185e-20
305895.723698 4.76995854342e-20
313891.6204 4.50311444498e-20
321887.517102 4.2750154405e-20
329883.413804 4.08271059396e-20
337879.310506 3.89040574743e-20
345875.207208 3.6981009009e-20
353871.10391 3.50579605436e-20
361867.000612 3.34962380742e-20
369862.897314 3.21115400891e-20
377858.794016 3.0726842104e-20
385854.690718 2.93421441189e-20
393850.58742 2.79574461338e-20
401846.484122 2.66642520092e-20
409842.380824 2.5675796487e-20
417838.277526 2.46873409648e-20
425834.174228 2.36988854426e-20
433830.070929 2.27104299205e-20
441825.967631 2.17219743983e-20
449821.864333 2.07699448938e-20
457817.761035 2.00685900784e-20
465813.657737 1.9367235263e-20
473809.554439 1.86658804475e-20
481805.451141 1.79645256321e-20
489801.347843 1.72631708166e-20
497797.244545 1.65618160012e-20
505793.141247 1.59169763286e-20
513789.037949 1.54189026719e-20
521784.934651 1.49208290151e-20
529780.831353 1.44227553584e-20
537776.728055 1.39246817016e-20
545772.624757 1.34266080449e-20
553768.521459 1.29285343881e-20
561764.418161 1.24304607314e-20
569760.314863 1.20208041162e-20
577756.211565 1.16717145018e-20
585752.108267 1.13226248874e-20
593748.004969 1.0973535273e-20
601743.90167 1.06244456585e-20
609739.798372 1.02753560441e-20
617735.695074 9.92626642971e-21
625731.591776 9.5771768153e-21
633727.488478 9.22808720088e-21
641723.38518 8.98234932821e-21
649719.281882 8.73966949203e-21
657715.178584 8.49698965586e-21
665711.075286 8.25430981969e-21
673706.971988 8.01162998351e-21
681702.86869 7.76895014734e-21
689698.765392 7.52627031117e-21
697694.662094 7.28359047499e-21
705690.558796 7.04091063882e-21
713686.455498 6.82042913311e-21
721682.3522 6.65249397795e-21
729678.248902 6.48455882279e-21
737674.145604 6.31662366763e-21
745670.042306 6.14868851247e-21
753665.939008 5.98075335731e-21
761661.83571 5.81281820215e-21
769657.732411 5.64488304699e-21
777653.629113 5.47694789183e-21
785649.525815 5.30901273667e-21
793645.422517 5.14107758151e-21
801641.319219 4.99669726812e-21
809637.215921 4.88202035357e-21
817633.112623 4.76734343902e-21
825629.009325 4.65266652447e-21
833624.906027 4.53798960992e-21
841620.802729 4.42331269537e-21
849616.699431 4.30863578082e-21
857612.596133 4.19395886627e-21
865608.492835 4.07928195172e-21
873604.389537 3.96460503717e-21
881600.286239 3.84992812262e-21
889596.182941 3.73525120807e-21
897592.079643 3.63042860886e-21
905587.976345 3.55320804557e-21
913583.873047 3.47598748228e-21
921579.769749 3.39876691899e-21
929575.66645 3.3215463557e-21
937571.563152 3.2443257924e-21
945567.459854 3.16710522911e-21
953563.356556 3.08988466582e-21
961559.253258 3.01266410253e-21
969555.14996 2.93544353924e-21
977551.046662 2.85822297595e-21
985546.943364 2.78100241266e-21
993542.840066 2.70378184937e-21
1001538.73677 2.62656128608e-21
1009534.63347 2.56465389419e-21
1017530.53017 2.51304859817e-21
1025526.42687 2.46144330216e-21
1033522.32358 2.40983800615e-21
1041518.22028 2.35823271014e-21
1049514.11698 2.30662741413e-21
1057510.01368 2.25502211812e-21
1065505.91038 2.20341682211e-21
1073501.80709 2.15181152609e-21
1081497.70379 2.10020623008e-21
1089493.60049 2.04860093407e-21
1097489.49719 1.99699563806e-21
1105485.39389 1.94539034205e-21
1113481.2906 1.89378504604e-21
1121477.1873 1.84217975002e-21
1129473.084 1.7953285879e-21
1137468.9807 1.76165496668e-21
1145464.8774 1.72798134545e-21
1153460.77411 1.69430772423e-21
1161456.67081 1.660634103e-21
1169452.56751 1.62696048178e-21
1177448.46421 1.59328686055e-21
1185444.36091 1.55961323933e-21
1193440.25761 1.52593961811e-21
1201436.15432 1.49226599688e-21
1209432.05102 1.45859237566e-21
1217427.94772 1.42491875443e-21
1225423.84442 1.39124513321e-21
1233419.74112 1.35757151198e-21
1241415.63783 1.32389789076e-21
1249411.53453 1.29022426954e-21
1257407.43123 1.25655064831e-21
1265403.32793 1.22362278671e-21
1273399.22463 1.20206262194e-21
1281395.12134 1.18050245717e-21
1289391.01804 1.1589422924e-21
1297386.91474 1.13738212762e-21
1305382.81144 1.11582196285e-21
1313378.70814 1.09426179808e-21
1321374.60485 1.07270163331e-21
1329370.50155 1.05114146854e-21
1337366.39825 1.02958130377e-21
1345362.29495 1.008021139e-21
1353358.19165 9.86460974227e-22
1361354.08836 9.64900809456e-22
1369349.98506 9.43340644685e-22
1377345.88176 9.21780479914e-22
1385341.77846 9.00220315143e-22
1393337.67516 8.78660150371e-22
1401333.57187 8.570999856e-22
1409329.46857 8.35539820829e-22
1417325.36527 8.13979656058e-22
1425321.26197 7.98504134697e-22
1433317.15867 7.84962187667e-22
1441313.05538 7.71420240637e-22
1449308.95208 7.57878293607e-22
1457304.84878 7.44336346577e-22
1465300.74548 7.30794399547e-22
1473296.64218 7.17252452517e-22
1481292.53889 7.03710505487e-22
1489288.43559 6.90168558456e-22
1497284.33229 6.76626611426e-22
1505280.22899 6.63084664396e-22
1513276.12569 6.49542717366e-22
1521272.02239 6.36000770336e-22
1529267.9191 6.22458823306e-22
1537263.8158 6.08916876276e-22
1545259.7125 5.95374929246e-22
1553255.6092 5.81832982215e-22
1561251.5059 5.68291035185e-22
1569247.40261 5.54749088155e-22
1577243.29931 5.41207141125e-22
1585239.19601 5.27665194095e-22
1593235.09271 5.146621923e-22
1601230.98941 5.06464112246e-22
1609226.88612 4.98266032192e-22
1617222.78282 4.90067952138e-22
1625218.67952 4.81869872084e-22
1633214.57622 4.7367179203e-22
1641210.47292 4.65473711976e-22
1649206.36963 4.57275631922e-22
1657202.26633 4.49077551867e-22
1665198.16303 4.40879471813e-22
1673194.05973 4.32681391759e-22
1681189.95643 4.24483311705e-22
1689185.85314 4.16285231651e-22
1697181.74984 4.08087151597e-22
1705177.64654 3.99889071543e-22
1713173.54324 3.91690991489e-22
1721169.43994 3.83492911434e-22
1729165.33665 3.7529483138e-22
1737161.23335 3.67096751326e-22
1745157.13005 3.58898671272e-22
1753153.02675 3.50700591218e-22
1761148.92345 3.42502511164e-22
1769144.82016 3.3430443111e-22
1777140.71686 3.26106351056e-22
1785136.61356 3.17908271001e-22
1793132.51026 3.12448702864e-22
1801128.40696 3.07673000677e-22
1809124.30367 3.02897298491e-22
1817120.20037 2.98121596304e-22
1825116.09707 2.93345894118e-22
1833111.99377 2.88570191931e-22
1841107.89047 2.83794489745e-22
1849103.78717 2.79018787558e-22
1857099.68388 2.74243085372e-22
1865095.58058 2.69467383185e-22
1873091.47728 2.64691680999e-22
1881087.37398 2.59915978813e-22
1889083.27068 2.55140276626e-22
1897079.16739 2.5036457444e-22
1905075.06409 2.45588872253e-22
1913070.96079 2.40813170067e-22
1921066.85749 2.3603746788e-22
1929062.75419 2.31261765694e-22
1937058.6509 2.26486063507e-22
1945054.5476 2.21710361321e-22
1953050.4443 2.16934659134e-22
1961046.341 2.12158956948e-22
1969042.2377 2.07383254761e-22
1977038.13441 2.02607552575e-22
1985034.03111 1.97831850388e-22
1993029.92781 1.93056148202e-22
2001025.82451 1.88280446015e-22
2009021.72121 1.84618953846e-22
2017017.61792 1.81928333087e-22
2025013.51462 1.79237712329e-22
2033009.41132 1.7654709157e-22
2041005.30802 1.73856470811e-22
2049001.20472 1.71165850053e-22
2056997.10143 1.68475229294e-22
2064992.99813 1.65784608535e-22
2072988.89483 1.63093987777e-22
2080984.79153 1.60403367018e-22
2088980.68823 1.57712746259e-22
2096976.58494 1.55022125501e-22
2104972.48164 1.52331504742e-22
2112968.37834 1.49640883983e-22
2120964.27504 1.46950263225e-22
2128960.17174 1.44259642466e-22
2136956.06845 1.41569021707e-22
2144951.96515 1.38878400949e-22
2152947.86185 1.3618778019e-22
2160943.75855 1.33497159431e-22
2168939.65525 1.30806538673e-22
2176935.55195 1.28115917914e-22
2184931.44866 1.25425297155e-22
2192927.34536 1.22734676397e-22
2200923.24206 1.20044055638e-22
2208919.13876 1.17353434879e-22
2216915.03546 1.14662814121e-22
2224910.93217 1.11972193362e-22
2232906.82887 1.09281572603e-22
2240902.72557 1.06590951845e-22
2248898.62227 1.03900331086e-22
2256894.51897 1.02398042681e-22
2264890.41568 1.00969409883e-22
2272886.31238 9.95407770862e-23
2280882.20908 9.8112144289e-23
2288878.10578 9.66835114918e-23
2296874.00248 9.52548786946e-23
2304869.89919 9.38262458974e-23
2312865.79589 9.23976131001e-23
2320861.69259 9.09689803029e-23
2328857.58929 8.95403475057e-23
2336853.48599 8.81117147085e-23
2344849.3827 8.66830819113e-23
2352845.2794 8.52544491141e-23
2360841.1761 8.38258163169e-23
2368837.0728 8.23971835197e-23
2376832.9695 8.09685507225e-23
2384828.86621 7.95399179253e-23
2392824.76291 7.81112851281e-23
2400820.65961 7.66826523309e-23
2408816.55631 7.52540195337e-23
2416812.45301 7.38253867364e-23
2424808.34972 7.23967539392e-23
2432804.24642 7.0968121142e-23
2440800.14312 6.95394883448e-23
2448796.03982 6.81108555476e-23
2456791.93652 6.66822227504e-23
2464787.83323 6.52535899532e-23
2472783.72993 6.3824957156e-23
2480779.62663 6.23963243588e-23
2488775.52333 6.09676915616e-23
2496771.42003 5.95390587644e-23
2504767.31674 5.81104259672e-23
2512763.21344 5.668179317e-23
2520759.11014 5.52531603727e-23
2528755.00684 5.42697391162e-23
2536750.90354 5.35638293554e-23
2544746.80024 5.28579195946e-23
2552742.69695 5.21520098337e-23
2560738.59365 5.14461000729e-23
2568734.49035 5.07401903121e-23
2576730.38705 5.00342805513e-23
2584726.28375 4.93283707905e-23
2592722.18046 4.86224610297e-23
2600718.07716 4.79165512689e-23
2608713.97386 4.72106415081e-23
2616709.87056 4.65047317473e-23
2624705.76726 4.57988219865e-23
2632701.66397 4.50929122257e-23
2640697.56067 4.43870024649e-23
2648693.45737 4.36810927041e-23
2656689.35407 4.29751829433e-23
2664685.25077 4.22692731825e-23
2672681.14748 4.15633634217e-23
2680677.04418 4.08574536609e-23
2688672.94088 4.01515439e-23
2696668.83758 3.94456341392e-23
2704664.73428 3.87397243784e-23
2712660.63099 3.80338146176e-23
2720656.52769 3.73279048568e-23
2728652.42439 3.6621995096e-23
2736648.32109 3.59160853352e-23
2744644.21779 3.52101755744e-23
2752640.1145 3.45042658136e-23
2760636.0112 3.37983560528e-23
2768631.9079 3.3092446292e-23
2776627.8046 3.23865365312e-23
2784623.7013 3.16806267704e-23
2792619.59801 3.09747170096e-23
2800615.49471 3.02688072488e-23
2808611.39141 2.9562897488e-23
2816607.28811 2.88569877272e-23
2824603.18481 2.81510779664e-23
2832599.08152 2.74846105606e-23
2840594.97822 2.71652187536e-23
2848590.87492 2.68458269466e-23
2856586.77162 2.65264351395e-23
2864582.66832 2.62070433325e-23
2872578.56502 2.58876515255e-23
2880574.46173 2.55682597184e-23
2888570.35843 2.52488679114e-23
2896566.25513 2.49294761044e-23
2904562.15183 2.46100842973e-23
2912558.04853 2.42906924903e-23
2920553.94524 2.39713006833e-23
2928549.84194 2.36519088762e-23
2936545.73864 2.33325170692e-23
2944541.63534 2.30131252622e-23
2952537.53204 2.26937334551e-23
2960533.42875 2.23743416481e-23
2968529.32545 2.20549498411e-23
2976525.22215 2.1735558034e-23
2984521.11885 2.1416166227e-23
2992517.01555 2.109677442e-23
3000512.91226 2.07773826129e-23
3008508.80896 2.04579908059e-23
3016504.70566 2.01385989989e-23
3024500.60236 1.98192071919e-23
3032496.49906 1.94998153848e-23
3040492.39577 1.91804235778e-23
3048488.29247 1.88610317708e-23
3056484.18917 1.85416399637e-23
3064480.08587 1.82222481567e-23
3072475.98257 1.79028563497e-23
3080471.87928 1.75834645426e-23
3088467.77598 1.72640727356e-23
3096463.67268 1.69446809286e-23
3104459.56938 1.66252891215e-23
3112455.46608 1.63058973145e-23
3120451.36279 1.59865055075e-23
3128447.25949 1.56671137004e-23
3136443.15619 1.53477218934e-23
3144439.05289 1.50283300864e-23
3152434.94959 1.47089382793e-23
3160430.8463 1.43895464723e-23
3168426.743 1.40701546653e-23
3176422.6397 1.37507628582e-23
3184418.5364 1.35951697553e-23
3192414.4331 1.34600998885e-23
3200410.3298 1.33250300217e-23
3208406.22651 1.31899601548e-23
3216402.12321 1.3054890288e-23
3224398.01991 1.29198204211e-23
3232393.91661 1.27847505543e-23
3240389.81331 1.26496806875e-23
3248385.71002 1.25146108206e-23
3256381.60672 1.23795409538e-23
3264377.50342 1.2244471087e-23
3272373.40012 1.21094012201e-23
3280369.29682 1.19743313533e-23
3288365.19353 1.18392614865e-23
3296361.09023 1.17041916196e-23
3304356.98693 1.15691217528e-23
3312352.88363 1.14340518859e-23
3320348.78033 1.12989820191e-23
3328344.67704 1.11639121523e-23
3336340.57374 1.10288422854e-23
3344336.47044 1.08937724186e-23
3352332.36714 1.07587025518e-23
3360328.26384 1.06236326849e-23
3368324.16055 1.04885628181e-23
3376320.05725 1.03534929512e-23
3384315.95395 1.02184230844e-23
3392311.85065 1.00833532176e-23
3400307.74735 9.94828335074e-24
3408303.64406 9.8132134839e-24
3416299.54076 9.67814361707e-24
3424295.43746 9.54307375023e-24
3432291.33416 9.40800388339e-24
3440287.23086 9.27293401656e-24
3448283.12757 9.13786414972e-24
3456279.02427 9.00279428288e-24
3464274.92097 8.86772441605e-24
3472270.81767 8.73265454921e-24
3480266.71437 8.59758468237e-24
3488262.61108 8.46251481554e-24
3496258.50778 8.3274449487e-24
3504254.40448 8.19237508186e-24
3512250.30118 8.05730521503e-24
3520246.19788 7.92223534819e-24
3528242.09458 7.78716548135e-24
3536237.99129 7.65209561452e-24
3544233.88799 7.51702574768e-24
3552229.78469 7.38195588084e-24
3560225.68139 7.24688601401e-24
3568221.57809 7.145840422e-24
3576217.4748 7.0953166506e-24
3584213.3715 7.0447928792e-24
3592209.2682 6.99426910781e-24
3600205.1649 6.94374533641e-24
3608201.0616 6.89322156502e-24
3616196.95831 6.84269779362e-24
3624192.85501 6.79217402223e-24
3632188.75171 6.74165025083e-24
3640184.64841 6.69112647943e-24
3648180.54511 6.64060270804e-24
3656176.44182 6.59007893664e-24
3664172.33852 6.53955516525e-24
3672168.23522 6.48903139385e-24
3680164.13192 6.43850762245e-24
3688160.02862 6.38798385106e-24
3696155.92533 6.33746007966e-24
3704151.82203 6.28693630827e-24
3712147.71873 6.23641253687e-24
3720143.61543 6.18588876548e-24
3728139.51213 6.13536499408e-24
3736135.40884 6.08484122268e-24
3744131.30554 6.03431745129e-24
3752127.20224 5.98379367989e-24
3760123.09894 5.9332699085e-24
3768118.99564 5.8827461371e-24
3776114.89235 5.83222236571e-24
3784110.78905 5.78169859431e-24
3792106.68575 5.73117482291e-24
3800102.58245 5.68065105152e-24
3808098.47915 5.63012728012e-24
3816094.37586 5.57960350873e-24
3824090.27256 5.52907973733e-24
3832086.16926 5.47855596593e-24
3840082.06596 5.42803219454e-24
3848077.96266 5.37750842314e-24
3856073.85936 5.32698465175e-24
3864069.75607 5.27646088035e-24
3872065.65277 5.22593710896e-24
3880061.54947 5.17541333756e-24
3888057.44617 5.12488956616e-24
3896053.34287 5.07436579477e-24
3904049.23958 5.02384202337e-24
3912045.13628 4.97331825198e-24
3920041.03298 4.92279448058e-24
3928036.92968 4.87227070918e-24
3936032.82638 4.82174693779e-24
3944028.72309 4.77122316639e-24
3952024.61979 4.720699395e-24
3960020.51649 4.6701756236e-24
3968016.41319 4.61965185221e-24
3976012.30989 4.56912808081e-24
3984008.2066 4.51860430941e-24
3992004.1033 4.46808053802e-24
4000000.0 4.41755676662e-24
6500431.92442 1e-300
10563903.801 1e-300
17167484.3787 1e-300
27899015.8792 1e-300
45338913.3704 1e-300
73680629.9728 1e-300
119738979.822 1e-300
194588771.758 1e-300
316227766.017 1e-300
