5000.0 2.3184501792785016e-17
5610.092271509815 2.157869338426174e-17
6294.627058970837 1.854523138503512e-17
7062.6877231137705 1.557685838360393e-17
7924.46596230557 1.4406894370190572e-17
8891.397050194615 1.182050142609371e-17
9976.311574844394 1.0697454112971006e-17
11193.6056928417 9.24152317163418e-18
12559.432157547897 8.030199260659424e-18
14091.914656322275 6.854427176734237e-18
15811.388300841896 5.708830439072392e-18
17740.669461678768 4.9957457814163454e-18
19905.358527674867 4.1945242833683545e-18
22334.17960754815 3.610921565433511e-18
25059.36168136362 3.1181256166923783e-18
28117.066259517454 2.6373549510767983e-18
31547.86722400965 2.1946166684429503e-18
35397.289219206905 1.8440827113408256e-18
39716.41173621407 1.5521029372132127e-18
44562.5469066873 1.2818121662764276e-18
50000.0 1.0643917097932722e-18
56100.922715098175 8.804651778362665e-19
62946.27058970838 7.252924200185138e-19
70626.8772311377 5.950324169772748e-19
79244.65962305566 4.858585238629401e-19
88913.97050194615 3.929438652346461e-19
99763.11574844399 3.1682632195793784e-19
111936.05692841699 2.560788667850208e-19
125594.32157547897 2.021915717308219e-19
140919.1465632227 1.5967207914505874e-19
158113.88300841895 1.2668622947439918e-19
177406.69461678775 9.871073016851416e-20
199053.58527674866 7.629009078485869e-20
223341.7960754815 5.745556803767331e-20
250593.6168136361 4.3294420695797195e-20
281170.66259517457 3.2903723216041565e-20
315478.67224009667 2.4107399861615436e-20
353972.89219206903 1.7578668612955017e-20
397164.1173621407 1.281444106953895e-20
445625.4690668728 9.242758868776484e-21
500000.0 6.64504166725702e-21
561009.2271509818 4.499623767182327e-21
629462.7058970836 3.1710486396979584e-21
706268.7723113772 2.1833457848013668e-21
792446.5962305567 1.4241942540386631e-21
889139.7050194615 9.596934166876992e-22
997631.1574844399 6.389888081173314e-22
1119360.5692841697 4.1410975366115285e-22
1255943.2157547902 2.66170800594065e-22
1409191.465632227 1.7101728156943752e-22
1581138.8300841898 1.0884619462813838e-22
1774066.9461678774 7.133550711902512e-23
1990535.852767486 4.750306731496676e-23
2233417.960754816 3.2472077324352996e-23
2505936.168136361 2.2419430579548283e-23
2811706.6259517455 1.679893406422762e-23
3154786.722400966 1.213706001574464e-23
3539728.9219206898 8.57355364541009e-24
3971641.1736214072 6.71973194925659e-24
4456254.690668727 4.442376163470935e-24
5000000.0 3.700354958229173e-24
7926554.468671059 1e-300
12566053.148961805 1e-300
19921100.948292248 1e-300
31581138.34850658 1e-300
50065922.66041477 1e-300
79370052.59841008 1e-300
125826209.0205164 1e-300
199473659.87750262 1e-300
316227766.01683795 1e-300
