10098.1660887 3.28233161394e-18
28114.0014272 8.56128131169e-19
46129.8367657 4.2149741112e-19
64145.6721042 2.5663781402e-19
82161.5074427 1.75535873966e-19
100177.342781 1.27957699516e-19
118193.17812 9.84015899499e-20
136209.013458 7.80255812334e-20
154224.848797 6.34399704166e-20
172240.684135 5.2689671591e-20
190256.519474 4.44972948734e-20
208272.354812 3.8024249381e-20
226288.190151 3.27283148565e-20
244304.025489 2.88036556255e-20
262319.860828 2.53764184355e-20
280335.696166 2.24859268912e-20
298351.531505 2.01780409021e-20
316367.366843 1.80510959779e-20
334383.202182 1.63985191503e-20
352399.03752 1.48393804372e-20
370414.872859 1.35617638089e-20
388430.708197 1.24211496058e-20
406446.543536 1.13559616126e-20
424462.378874 1.05219984891e-20
442478.214213 9.68803536562e-21
460494.049551 8.97325490307e-21
478509.88489 8.36709574173e-21
496525.720228 7.76093658038e-21
514541.555567 7.23275554841e-21
532557.390905 6.79315800604e-21
550573.226244 6.35356046367e-21
568589.061582 5.91883601513e-21
586604.896921 5.59992397566e-21
604620.732259 5.28101193619e-21
622636.567598 4.96209989671e-21
640652.402936 4.66047717414e-21
658668.238275 4.43052941951e-21
676684.073613 4.20058166488e-21
694699.908952 3.97063391025e-21
712715.74429 3.74068615563e-21
730731.579629 3.5676178217e-21
748747.414967 3.40237828772e-21
766763.250306 3.23713875374e-21
784779.085644 3.07189921976e-21
802794.920983 2.90840874488e-21
820810.756321 2.79026510086e-21
838826.59166 2.67212145684e-21
856842.426998 2.55397781282e-21
874858.262337 2.4358341688e-21
892874.097675 2.31769052478e-21
910889.933014 2.22008726172e-21
928905.768352 2.13592473776e-21
946921.603691 2.05176221379e-21
964937.439029 1.96759968983e-21
982953.274368 1.88343716586e-21
1000969.10971 1.7992746419e-21
1018984.94504 1.72751644533e-21
1037000.78038 1.66772849878e-21
1055016.61572 1.60794055223e-21
1073032.45106 1.54815260569e-21
1091048.2864 1.48836465914e-21
1109064.12174 1.42857671259e-21
1127079.95708 1.36878876604e-21
1145095.79241 1.3207851453e-21
1163111.62775 1.27859695418e-21
1181127.46309 1.23640876306e-21
1199143.29843 1.19422057193e-21
1217159.13377 1.15203238081e-21
1235174.96911 1.10984418968e-21
1253190.80445 1.06765599856e-21
1271206.63978 1.02546780743e-21
1289222.47512 9.9589119631e-22
1307238.31046 9.66368824845e-22
1325254.1458 9.3684645338e-22
1343269.98114 9.07324081915e-22
1361285.81648 8.7780171045e-22
1379301.65181 8.48279338985e-22
1397317.48715 8.1875696752e-22
1415333.32249 7.89234596055e-22
1433349.15783 7.6319755506e-22
1451364.99317 7.4271601393e-22
1469380.82851 7.22234472801e-22
1487396.66385 7.01752931672e-22
1505412.49918 6.81271390543e-22
1523428.33452 6.60789849414e-22
1541444.16986 6.40308308285e-22
1559460.0052 6.19826767156e-22
1577475.84054 5.99345226026e-22
1595491.67588 5.78863684897e-22
1613507.51122 5.62958139636e-22
1631523.34655 5.48790946065e-22
1649539.18189 5.34623752494e-22
1667555.01723 5.20456558923e-22
1685570.85257 5.06289365353e-22
1703586.68791 4.92122171782e-22
1721602.52325 4.77954978211e-22
1739618.35858 4.6378778464e-22
1757634.19392 4.49620591069e-22
1775650.02926 4.35453397498e-22
1793665.8646 4.21286203928e-22
1811681.69994 4.11142035911e-22
1829697.53528 4.01520177172e-22
1847713.37062 3.91898318433e-22
1865729.20595 3.82276459694e-22
1883745.04129 3.72654600956e-22
1901760.87663 3.63032742217e-22
1919776.71197 3.53410883478e-22
1937792.54731 3.43789024739e-22
1955808.38265 3.34167166e-22
1973824.21799 3.24545307261e-22
1991840.05332 3.14923448523e-22
2009855.88866 3.05301589784e-22
2027871.724 2.97969036258e-22
2045887.55934 2.91514243335e-22
2063903.39468 2.85059450413e-22
2081919.23002 2.7860465749e-22
2099935.06535 2.72149864567e-22
2117950.90069 2.65695071645e-22
2135966.73603 2.59240278722e-22
2153982.57137 2.527854858e-22
2171998.40671 2.46330692877e-22
2190014.24205 2.39875899954e-22
2208030.07739 2.33421107032e-22
2226045.91272 2.26966314109e-22
2244061.74806 2.20511521187e-22
2262077.5834 2.14221698573e-22
2280093.41874 2.09920905214e-22
2298109.25408 2.05620111854e-22
2316125.08942 2.01319318495e-22
2334140.92476 1.97018525136e-22
2352156.76009 1.92717731776e-22
2370172.59543 1.88416938417e-22
2388188.43077 1.84116145058e-22
2406204.26611 1.79815351698e-22
2424220.10145 1.75514558339e-22
2442235.93679 1.7121376498e-22
2460251.77212 1.6691297162e-22
2478267.60746 1.62612178261e-22
2496283.4428 1.58311384902e-22
2514299.27814 1.54010591542e-22
2532315.11348 1.49709798183e-22
2550330.94882 1.4656142631e-22
2568346.78416 1.43766607697e-22
2586362.61949 1.40971789085e-22
2604378.45483 1.38176970472e-22
2622394.29017 1.3538215186e-22
2640410.12551 1.32587333247e-22
2658425.96085 1.29792514635e-22
2676441.79619 1.26997696023e-22
2694457.63153 1.2420287741e-22
2712473.46686 1.21408058798e-22
2730489.3022 1.18613240185e-22
2748505.13754 1.15818421573e-22
2766520.97288 1.1302360296e-22
2784536.80822 1.10228784348e-22
2802552.64356 1.07433965735e-22
2820568.47889 1.04639147123e-22
2838584.31423 1.0184432851e-22
2856600.14957 9.96417288728e-23
2874615.98491 9.78581956855e-23
2892631.82025 9.60746624982e-23
2910647.65559 9.42911293109e-23
2928663.49093 9.25075961237e-23
2946679.32626 9.07240629364e-23
2964695.1616 8.89405297491e-23
2982710.99694 8.71569965618e-23
3000726.83228 8.53734633745e-23
3018742.66762 8.35899301873e-23
3036758.50296 8.1806397e-23
3054774.3383 8.00228638127e-23
3072790.17363 7.82393306254e-23
3090806.00897 7.64557974381e-23
3108821.84431 7.46722642509e-23
3126837.67965 7.28887310636e-23
3144853.51499 7.11051978763e-23
3162869.35033 6.9321664689e-23
3180885.18566 6.75381315018e-23
3198901.021 6.59613127202e-23
3216916.85634 6.4845124887e-23
3234932.69168 6.37289370538e-23
3252948.52702 6.26127492207e-23
3270964.36236 6.14965613875e-23
3288980.1977 6.03803735544e-23
3306996.03303 5.92641857212e-23
3325011.86837 5.8147997888e-23
3343027.70371 5.70318100549e-23
3361043.53905 5.59156222217e-23
3379059.37439 5.47994343886e-23
3397075.20973 5.36832465554e-23
3415091.04507 5.25670587222e-23
3433106.8804 5.14508708891e-23
3451122.71574 5.03346830559e-23
3469138.55108 4.92184952228e-23
3487154.38642 4.81023073896e-23
3505170.22176 4.69861195564e-23
3523186.0571 4.58699317233e-23
3541201.89243 4.47537438901e-23
3559217.72777 4.3637556057e-23
3577233.56311 4.25213682238e-23
3595249.39845 4.1706282095e-23
3613265.23379 4.1031661947e-23
3631281.06913 4.03570417991e-23
3649296.90447 3.96824216511e-23
3667312.7398 3.90078015032e-23
3685328.57514 3.83331813552e-23
3703344.41048 3.76585612073e-23
3721360.24582 3.69839410593e-23
3739376.08116 3.63093209114e-23
3757391.9165 3.56347007634e-23
3775407.75184 3.49600806155e-23
3793423.58717 3.42854604676e-23
3811439.42251 3.36108403196e-23
3829455.25785 3.29362201717e-23
3847471.09319 3.22616000237e-23
3865486.92853 3.15869798758e-23
3883502.76387 3.09123597278e-23
3901518.5992 3.02377395799e-23
3919534.43454 2.95631194319e-23
3937550.26988 2.8888499284e-23
3955566.10522 2.82138791361e-23
3973581.94056 2.75392589881e-23
3991597.7759 2.68646388402e-23
4009613.61124 2.61900186922e-23
4027629.44657 2.56326852357e-23
4045645.28191 2.52406630007e-23
4063661.11725 2.48486407657e-23
4081676.95259 2.44566185307e-23
4099692.78793 2.40645962956e-23
4117708.62327 2.36725740606e-23
4135724.45861 2.32805518256e-23
4153740.29394 2.28885295906e-23
4171756.12928 2.24965073556e-23
4189771.96462 2.21044851206e-23
4207787.79996 2.17124628856e-23
4225803.6353 2.13204406506e-23
4243819.47064 2.09284184156e-23
4261835.30597 2.05363961805e-23
4279851.14131 2.01443739455e-23
4297866.97665 1.97523517105e-23
4315882.81199 1.93603294755e-23
4333898.64733 1.89683072405e-23
4351914.48267 1.85762850055e-23
4369930.31801 1.81842627705e-23
4387946.15334 1.77922405355e-23
4405961.98868 1.74002183005e-23
4423977.82402 1.70081960654e-23
4441993.65936 1.66161738304e-23
4460009.4947 1.62241515954e-23
4478025.33004 1.58321293604e-23
4496041.16538 1.54401071254e-23
4514057.00071 1.50805453254e-23
4532072.83605 1.48619571149e-23
4550088.67139 1.46433689044e-23
4568104.50673 1.44247806939e-23
4586120.34207 1.42061924835e-23
4604136.17741 1.3987604273e-23
4622152.01274 1.37690160625e-23
4640167.84808 1.3550427852e-23
4658183.68342 1.33318396415e-23
4676199.51876 1.3113251431e-23
4694215.3541 1.28946632206e-23
4712231.18944 1.26760750101e-23
4730247.02478 1.24574867996e-23
4748262.86011 1.22388985891e-23
4766278.69545 1.20203103786e-23
4784294.53079 1.18017221681e-23
4802310.36613 1.15831339577e-23
4820326.20147 1.13645457472e-23
4838342.03681 1.11459575367e-23
4856357.87215 1.09273693262e-23
4874373.70748 1.07087811157e-23
4892389.54282 1.04901929052e-23
4910405.37816 1.02716046948e-23
4928421.2135 1.00530164843e-23
4946437.04884 9.8344282738e-24
4964452.88418 9.61584006332e-24
4982468.71951 9.39725185283e-24
5000484.55485 9.17866364235e-24
5018500.39019 8.96007543187e-24
5036516.22553 8.74148722138e-24
5054532.06087 8.5228990109e-24
5072547.89621 8.37004095656e-24
5090563.73155 8.25464086194e-24
5108579.56688 8.13924076733e-24
5126595.40222 8.02384067271e-24
5144611.23756 7.90844057809e-24
5162627.0729 7.79304048348e-24
5180642.90824 7.67764038886e-24
5198658.74358 7.56224029424e-24
5216674.57892 7.44684019963e-24
5234690.41425 7.33144010501e-24
5252706.24959 7.21604001039e-24
5270722.08493 7.10063991578e-24
5288737.92027 6.98523982116e-24
5306753.75561 6.86983972654e-24
5324769.59095 6.75443963193e-24
5342785.42628 6.63903953731e-24
5360801.26162 6.52363944269e-24
5378817.09696 6.40823934808e-24
5396832.9323 6.29283925346e-24
5414848.76764 6.17743915884e-24
5432864.60298 6.06203906423e-24
5450880.43832 5.94663896961e-24
5468896.27365 5.83123887499e-24
5486912.10899 5.71583878038e-24
5504927.94433 5.60043868576e-24
5522943.77967 5.48503859114e-24
5540959.61501 5.36963849653e-24
5558975.45035 5.25423840191e-24
5576991.28569 5.13883830729e-24
5595007.12102 5.02343821268e-24
5613022.95636 4.90803811806e-24
5631038.7917 4.79263802344e-24
5649054.62704 4.67723792883e-24
5667070.46238 4.56183783421e-24
5685086.29772 4.46744380315e-24
5703102.13305 4.41053369871e-24
5721117.96839 4.35362359427e-24
5739133.80373 4.29671348984e-24
5757149.63907 4.2398033854e-24
5775165.47441 4.18289328097e-24
5793181.30975 4.12598317653e-24
5811197.14509 4.06907307209e-24
5829212.98042 4.01216296766e-24
5847228.81576 3.95525286322e-24
5865244.6511 3.89834275879e-24
5883260.48644 3.84143265435e-24
5901276.32178 3.78452254991e-24
5919292.15712 3.72761244548e-24
5937307.99246 3.67070234104e-24
5955323.82779 3.6137922366e-24
5973339.66313 3.55688213217e-24
5991355.49847 3.49997202773e-24
6009371.33381 3.4430619233e-24
6027387.16915 3.38615181886e-24
6045403.00449 3.32924171442e-24
6063418.83982 3.27233160999e-24
6081434.67516 3.21542150555e-24
6099450.5105 3.15851140112e-24
6117466.34584 3.10160129668e-24
6135482.18118 3.04469119224e-24
6153498.01652 2.98778108781e-24
6171513.85186 2.93087098337e-24
6189529.68719 2.87396087894e-24
6207545.52253 2.8170507745e-24
6225561.35787 2.76014067006e-24
6243577.19321 2.70323056563e-24
6261593.02855 2.64632046119e-24
6279608.86389 2.58941035676e-24
6297624.69923 2.53250025232e-24
6315640.53456 2.47559014788e-24
6333656.3699 2.41868004345e-24
6351672.20524 2.36176993901e-24
6369688.04058 2.30485983458e-24
6387703.87592 2.2753834491e-24
6405719.71126 2.24899749029e-24
6423735.54659 2.22261153147e-24
6441751.38193 2.19622557266e-24
6459767.21727 2.16983961384e-24
6477783.05261 2.14345365503e-24
6495798.88795 2.11706769621e-24
6513814.72329 2.0906817374e-24
6531830.55863 2.06429577859e-24
6549846.39396 2.03790981977e-24
6567862.2293 2.01152386096e-24
6585878.06464 1.98513790214e-24
6603893.89998 1.95875194333e-24
6621909.73532 1.93236598451e-24
6639925.57066 1.9059800257e-24
6657941.406 1.87959406688e-24
6675957.24133 1.85320810807e-24
6693973.07667 1.82682214926e-24
6711988.91201 1.80043619044e-24
6730004.74735 1.77405023163e-24
6748020.58269 1.74766427281e-24
6766036.41803 1.721278314e-24
6784052.25336 1.69489235518e-24
6802068.0887 1.66850639637e-24
6820083.92404 1.64212043756e-24
6838099.75938 1.61573447874e-24
6856115.59472 1.58934851993e-24
6874131.43006 1.56296256111e-24
6892147.2654 1.5365766023e-24
6910163.10073 1.51019064348e-24
6928178.93607 1.48380468467e-24
6946194.77141 1.45741872585e-24
6964210.60675 1.43103276704e-24
6982226.44209 1.40464680823e-24
7000242.27743 1.37826084941e-24
7018258.11277 1.3518748906e-24
7036273.9481 1.32548893178e-24
7054289.78344 1.29910297297e-24
7072305.61878 1.27271701415e-24
7090321.45412 1.24633105534e-24
7108337.28946 1.21994509652e-24
7126353.1248 1.19355913771e-24
7144368.96013 1.1671731789e-24
7162384.79547 1.15214919175e-24
7180400.63081 1.1410041117e-24
7198416.46615 1.12985903165e-24
7216432.30149 1.1187139516e-24
7234448.13683 1.10756887154e-24
7252463.97217 1.09642379149e-24
7270479.8075 1.08527871144e-24
7288495.64284 1.07413363139e-24
7306511.47818 1.06298855134e-24
7324527.31352 1.05184347129e-24
7342543.14886 1.04069839124e-24
7360558.9842 1.02955331119e-24
7378574.81954 1.01840823114e-24
7396590.65487 1.00726315109e-24
7414606.49021 9.96118071042e-25
7432622.32555 9.84972990992e-25
7450638.16089 9.73827910941e-25
7468653.99623 9.62682830891e-25
7486669.83157 9.51537750841e-25
7504685.6669 9.4039267079e-25
7522701.50224 9.2924759074e-25
7540717.33758 9.1810251069e-25
7558733.17292 9.0695743064e-25
7576749.00826 8.95812350589e-25
7594764.8436 8.84667270539e-25
7612780.67894 8.73522190489e-25
7630796.51427 8.62377110438e-25
7648812.34961 8.51232030388e-25
7666828.18495 8.40086950338e-25
7684844.02029 8.28941870287e-25
7702859.85563 8.17796790237e-25
7720875.69097 8.06651710187e-25
7738891.52631 7.95506630137e-25
7756907.36164 7.84361550086e-25
7774923.19698 7.73216470036e-25
7792939.03232 7.62071389986e-25
7810954.86766 7.50926309935e-25
7828970.703 7.39781229885e-25
7846986.53834 7.28636149835e-25
7865002.37367 7.17491069784e-25
7883018.20901 7.06345989734e-25
7901034.04435 6.95200909684e-25
7919049.87969 6.84055829634e-25
7937065.71503 6.72910749583e-25
7955081.55037 6.61765669533e-25
7973097.38571 6.50620589483e-25
7991113.22104 6.39475509432e-25
8009129.05638 6.28330429382e-25
8027144.89172 6.19451188309e-25
8045160.72706 6.15240846886e-25
8063176.5624 6.11030505463e-25
8081192.39774 6.06820164039e-25
8099208.23308 6.02609822616e-25
8117224.06841 5.98399481193e-25
8135239.90375 5.9418913977e-25
8153255.73909 5.89978798347e-25
8171271.57443 5.85768456924e-25
8189287.40977 5.81558115501e-25
8207303.24511 5.77347774078e-25
8225319.08044 5.73137432655e-25
8243334.91578 5.68927091232e-25
8261350.75112 5.64716749809e-25
8279366.58646 5.60506408386e-25
8297382.4218 5.56296066963e-25
8315398.25714 5.52085725539e-25
8333414.09248 5.47875384116e-25
8351429.92781 5.43665042693e-25
8369445.76315 5.3945470127e-25
8387461.59849 5.35244359847e-25
8405477.43383 5.31034018424e-25
8423493.26917 5.26823677001e-25
8441509.10451 5.22613335578e-25
8459524.93985 5.18402994155e-25
8477540.77518 5.14192652732e-25
8495556.61052 5.09982311309e-25
8513572.44586 5.05771969886e-25
8531588.2812 5.01561628463e-25
8549604.11654 4.9735128704e-25
8567619.95188 4.93140945616e-25
8585635.78721 4.88930604193e-25
8603651.62255 4.8472026277e-25
8621667.45789 4.80509921347e-25
8639683.29323 4.76299579924e-25
8657699.12857 4.72089238501e-25
8675714.96391 4.67878897078e-25
8693730.79925 4.63668555655e-25
8711746.63458 4.59458214232e-25
8729762.46992 4.55247872809e-25
8747778.30526 4.51037531386e-25
8765794.1406 4.46827189963e-25
8783809.97594 4.4261684854e-25
8801825.81128 4.38406507117e-25
8819841.64662 4.34196165693e-25
8837857.48195 4.2998582427e-25
8855873.31729 4.25775482847e-25
8873889.15263 4.21565141424e-25
8891904.98797 4.17354800001e-25
8909920.82331 4.13144458578e-25
8927936.65865 4.08934117155e-25
8945952.49398 4.04723775732e-25
8963968.32932 4.00513434309e-25
8981984.16466 3.96303092886e-25
9000000.0 3.92092751463e-25
13365750.2503 1e-300
19849253.3058 1e-300
29477795.8156 1e-300
43776984.0888 1e-300
65012470.6713 1e-300
96548938.4606 1e-300
143383222.044 1e-300
212936037.324 1e-300
316227766.017 1e-300
