100082.8862503592 1.519694686157076e-18
100288.2170359656 1.507114475719239e-18
100493.9690797225 1.4949225252042265e-18
100700.14324588543 1.4869023150760267e-18
100906.74040048459 1.478865650625719e-18
101113.76141132537 1.4708124980955268e-18
101321.2071479952 1.4627428236583508e-18
101529.07848186427 1.454656593417741e-18
101737.37628609054 1.4465537734077064e-18
101946.10143562453 1.4384343295925218e-18
102155.25480721019 1.4302982278666982e-18
102364.83727939188 1.4221454340547122e-18
102574.84973251513 1.4139759139109707e-18
102785.29304873155 1.4057896331196274e-18
102996.16811200387 1.397586557294381e-18
103207.47580810673 1.3893666519784484e-18
103419.21702463363 1.3811298826442906e-18
103631.39265099744 1.3728762146935964e-18
103844.00357843742 1.3646056134570067e-18
104057.05070002 1.3563180441940844e-18
104270.53491064391 1.348013472093119e-18
104484.45710704508 1.3396918622709287e-18
104698.81818779751 1.331353179772832e-18
104913.61905332039 1.3229973895723701e-18
105128.86060587855 1.314624456571287e-18
105344.54374958963 1.3062343455992533e-18
105560.66939042484 1.2978270214138348e-18
105777.23843621407 1.2894024487002939e-18
105994.2517966511 1.2809605920713879e-18
106211.71038329425 1.2725014160673436e-18
106429.61510957374 1.2640248851555693e-18
106647.96689079206 1.2555309637306435e-18
106866.76664413129 1.2470196161140264e-18
107086.01528865387 1.2384908065540331e-18
107305.71374530785 1.2299444992256286e-18
107525.86293693195 1.2213806582302273e-18
107746.46378825649 1.2127992475956658e-18
107967.51722591073 1.204200231275906e-18
108189.02417842364 1.1955835731510143e-18
108410.98557622921 1.1869492370269492e-18
108633.40235167166 1.178297186635363e-18
108856.27543900616 1.1696273856335694e-18
109079.60577440645 1.1609397976042518e-18
109303.39429596516 1.152234386055447e-18
109527.64194370125 1.1435111144202571e-18
109752.34965956093 1.1347699460568159e-18
109977.51838742291 1.126010844248079e-18
110203.14907310368 1.1172337722016262e-18
110429.24266435836 1.1084386930496198e-18
110655.80011088842 1.0996255698485127e-18
110882.82236434179 1.0907943655790383e-18
111110.3103783207 1.0819450431459073e-18
111338.26510838243 1.0730775653777798e-18
111566.68751204463 1.0641918950270552e-18
111795.57854879086 1.0552879947696611e-18
112024.93918007125 1.0463658272050233e-18
112254.77036931031 1.0374253548557636e-18
112485.0730819078 1.0284665401676684e-18
112715.848285244 1.0194893455094797e-18
112947.09694868537 1.0135992098824343e-18
113178.82004358515 1.0079830630375423e-18
113411.01854329139 1.0023553940644616e-18
113643.69342314711 9.967161793243326e-19
113876.8456604983 9.9106539512975e-19
114110.47623469462 9.8540301774475e-19
114344.586127095 9.797290233846672e-19
114579.17632107313 9.740433882160076e-19
114814.2478020183 9.683460883564267e-19
115049.80155734338 9.626370998745338e-19
115285.83857648507 9.569163987898902e-19
115522.35985091189 9.51183961072811e-19
115759.3663741251 9.454397626443447e-19
115996.8591416642 9.39683779376142e-19
116234.8391511126 9.339159870903153e-19
116473.30740209836 9.281363615594213e-19
116712.26489630244 9.223448785062629e-19
116951.7126374593 9.16541513603873e-19
117191.65163136277 9.107262424753734e-19
117432.08288587148 9.048990406938395e-19
117673.00741091004 8.990598837822795e-19
117914.42621847674 8.932087472134376e-19
118156.34032264439 8.873456064097836e-19
118398.75073956809 8.814704367433173e-19
118641.65848748623 8.755832135355478e-19
118885.06458672624 8.696839120573531e-19
119128.97005971035 8.637725075288402e-19
119373.37593095646 8.578489751193264e-19
119618.28322708624 8.519132899471381e-19
119863.69297682573 8.459654270796012e-19
120109.60621101345 8.400053615328425e-19
120356.02396260126 8.34033068271769e-19
120602.9472666603 8.280485222099221e-19
120850.37716038672 8.2205169820934255e-19
121098.31468310265 8.16042571080545e-19
121346.76087626441 8.100211155823169e-19
121595.71678346307 8.039873064217086e-19
121845.18345043263 7.979411182538321e-19
122095.16192505114 7.91882525681837e-19
122345.65325734645 7.858115032567677e-19
122596.65849950214 7.797280254774224e-19
122848.17870585843 7.7363206679033e-19
123100.21493292066 7.675236015895427e-19
123352.76823936026 7.614026042166176e-19
123605.8396860205 7.552690489604711e-19
123859.43033592275 7.491229100572321e-19
124113.54125426715 7.429641616902226e-19
124368.1735084413 7.367927779897491e-19
124623.32816802058 7.306087330330939e-19
124879.00630477679 7.244120008443051e-19
125135.20899267905 7.182025553941774e-19
125391.93730789983 7.119803706001018e-19
125649.19232882105 7.057454203259218e-19
125906.97513603498 6.994976783819094e-19
126165.28681235282 6.932371185245566e-19
126424.12844280535 6.8696371445656215e-19
126683.50111465139 6.824891159902112e-19
126943.40591737883 6.786373263454637e-19
127203.84394271081 6.747776343407566e-19
127464.81628461178 6.70910023763534e-19
127726.32403928848 6.670344783680103e-19
127988.36830519878 6.63150981875038e-19
128250.95018305251 6.592595179720954e-19
128514.07077581777 6.5536007031319295e-19
128777.73118872714 6.514526225187824e-19
129041.93252927848 6.475371581757431e-19
129306.67590724397 6.436136608372488e-19
129571.96243467058 6.396821140227628e-19
129837.7932258887 6.357425012179052e-19
130104.16939751345 6.317948058744391e-19
130371.09206845076 6.27839011410176e-19
130638.56235990369 6.238751012088847e-19
130906.58139537345 6.199030586202749e-19
131175.15030066838 6.159228669598657e-19
131444.27020390437 6.119345095089773e-19
131713.9422355139 6.079379695145972e-19
131984.16752824714 6.039332301893679e-19
132254.9472171781 5.999202747114891e-19
132526.2824397111 5.95899086224626e-19
132798.174335582 5.918696478378927e-19
133070.624046867 5.878319426257185e-19
133343.63271798313 5.837859536278386e-19
133617.20149569763 5.797316638491617e-19
133891.33152912877 5.756690562597528e-19
134166.02396975236 5.715981137947389e-19
134441.27997140822 5.675188193542106e-19
134717.10069030122 5.63431155803211e-19
134993.4872850105 5.59335105971594e-19
135270.44091649048 5.552306526540135e-19
135547.96274807744 5.5111777860982385e-19
135826.05394549598 5.4699646656298425e-19
136104.7156768601 5.428666992020426e-19
136383.94911268263 5.387284591799977e-19
136663.75542587548 5.345817291142923e-19
136944.13579175918 5.304264915866739e-19
137225.0913880639 5.262627291431796e-19
137506.6233949361 5.220904242940371e-19
137788.73299494496 5.179095595135678e-19
138071.42137308378 5.1372011724017e-19
138354.68971677907 5.0952207987618e-19
138638.53921589133 5.05315429787863e-19
138922.97106272448 5.011001493052738e-19
139207.9864520268 4.968762207222398e-19
139493.58658099765 4.926436262962642e-19
139779.7726492945 4.884023482484219e-19
140066.54585903356 4.841523687633479e-19
140353.9074147997 4.7989366998909235e-19
140641.85852364736 4.756262340371062e-19
140930.40039510746 4.713500429821395e-19
141219.53424119402 4.670650788621418e-19
141509.26127640542 4.627713236782451e-19
141799.58271773392 4.584687593946216e-19
142090.49978466643 4.551473896938735e-19
142382.01369919392 4.525747487380023e-19
142674.12568581273 4.499968297330228e-19
142966.83697153136 4.474136218504554e-19
143260.14878587748 4.448251142395897e-19
143554.06236089877 4.422312960274747e-19
143848.57893117314 4.396321563188312e-19
144143.69973380884 4.370276841960483e-19
144439.4260084546 4.344178687190955e-19
144735.7589973007 4.3180269892551326e-19
145032.69994508586 4.291821638303517e-19
145330.25009910428 4.2655625242610756e-19
145628.41070920674 4.2392495368271656e-19
145927.18302781068 4.2128825654746335e-19
146226.56830990055 4.1864614994497806e-19
146526.56781303792 4.1599862277714735e-19
146827.18279736262 4.133456639231052e-19
147128.41452559974 4.1068726223916873e-19
147430.2642630669 4.0802340655877804e-19
147732.73327767517 4.053540856924844e-19
148035.82283993927 4.0267928842786145e-19
148339.5342229787 3.9999900352949556e-19
148643.86870252498 3.973132197389223e-19
148948.82755692868 3.9462192577456317e-19
149254.41206716068 3.919251103317158e-19
149560.6235168222 3.892227620824638e-19
149867.46319214563 3.865148696756716e-19
150174.9323820046 3.8380142173689376e-19
150483.0323779151 3.810824068683656e-19
150791.76447404287 3.783578136489383e-19
151101.1299672106 3.7562763063401545e-19
151411.1301568991 3.7289184635554246e-19
151721.76634525764 3.701504493219147e-19
152033.03983710453 3.674034280179735e-19
152344.95193993754 3.6465077090491336e-19
152657.503963935 3.6189246642027255e-19
152970.69722196335 3.591285029778674e-19
153284.53302958418 3.5635886896772774e-19
153599.01270505582 3.5358355275608565e-19
153914.13756934347 3.5080254268528417e-19
154229.90894612065 3.480158270737652e-19
154546.3281617765 3.452233942160048e-19
154863.39654542325 3.4242523238244794e-19
155181.11542889755 3.396213298194965e-19
155499.48614677083 3.3681167474941695e-19
155818.5100363501 3.339962553703343e-19
156138.1884376885 3.3117505985613856e-19
156458.52269358654 3.283480763564743e-19
156779.5141495996 3.2551529299667316e-19
157101.16415404557 3.2267669787768866e-19
157423.47405800596 3.1983227907608395e-19
157746.44521533675 3.169820246439377e-19
158070.07898266896 3.1412592260883845e-19
158394.37671941938 3.1126396097379e-19
158719.33978779195 3.083961277171993e-19
159044.96955278527 3.0552241079281034e-19
159371.2673822003 3.0311868038662496e-19
159698.23464664168 3.0144498961424427e-19
160025.87271952847 2.9976786508556053e-19
160354.18297709496 2.980872997558608e-19
160683.16679840142 2.9640328656596575e-19
161012.82556533563 2.9471581844222313e-19
161343.16066262024 2.930248882964688e-19
161674.17347782094 2.9133048902598616e-19
162005.8654013475 2.8963261351350006e-19
162338.23782646476 2.8793125462712034e-19
162671.29214929426 2.862264052203346e-19
163005.02976882164 2.8451805813196908e-19
163339.45208690476 2.828062061861477e-19
163674.56050827488 2.810908421922858e-19
164010.3564405479 2.7937195894503306e-19
164346.84129422493 2.7764954922427017e-19
164684.01648270348 2.759236057950512e-19
165021.88342227886 2.7419412140759748e-19
165360.44353215204 2.724610887972564e-19
165699.6982344376 2.7072450068446092e-19
166039.64895416517 2.68984349774723e-19
166380.29711929057 2.672406287585752e-19
166721.64416069654 2.654933303115678e-19
167063.6915122042 2.6374244709421057e-19
167406.44061057418 2.619879717519657e-19
167749.89289551481 2.602298969152069e-19
168094.04980969027 2.584682151991777e-19
168438.91279872163 2.5670291920398515e-19
168784.4833111987 2.5493400151454023e-19
169130.76279868107 2.5316145470055234e-19
169477.75271570633 2.5138527131648603e-19
169825.45451979846 2.4960544390152044e-19
170173.8696714687 2.478219649795421e-19
170522.99963422763 2.4603482705908516e-19
170872.84587458556 2.442440226333286e-19
171223.40986206423 2.4244954418003603e-19
171574.69306919826 2.4065138416154913e-19
171926.69697154328 2.3884953502474524e-19
172279.42304768422 2.370439892009949e-19
172632.87277923684 2.352347391061553e-19
172987.04765085925 2.3342177714050914e-19
173341.9491502528 2.316050956887624e-19
173697.5787681737 2.2978468711998286e-19
174053.93799843465 2.2796054378759316e-19
174411.0283379129 2.2613265802932872e-19
174768.85128655902 2.243010221671935e-19
175127.40834739787 2.2246562850745436e-19
175486.7010265409 2.2062646934057884e-19
175846.7308331873 2.1878353694122813e-19
176207.49927963252 2.1693682356821473e-19
176569.00788127686 2.1508632146445774e-19
176931.25815662678 2.1323202285697679e-19
177294.25162730692 2.1137391995682935e-19
177657.98981806083 2.095120049591082e-19
178022.47425676312 2.0764627004287838e-19
178387.70647442093 2.0577670737117063e-19
178753.68800518225 2.040822246275714e-19
179120.42038634483 2.0302259264882653e-19
179487.9051583575 2.0196078672132187e-19
179856.14386483218 2.00896802384964e-19
180225.138052545 1.9983063517051752e-19
180594.88927144825 1.987622805995693e-19
180965.39907467196 1.9769173418452488e-19
181336.6690185326 1.9661899142858298e-19
181708.7006625417 1.9554404782571007e-19
182081.49556940747 1.9446689886063673e-19
182455.05530504705 1.933875400088214e-19
182829.3814385873 1.9230596673644838e-19
183204.47554237727 1.9122217450039195e-19
183580.33919198965 1.9013615874821203e-19
183956.97396622956 1.8904791491812882e-19
184334.38144714345 1.8795743843899678e-19
184712.56322002047 1.8686472473030118e-19
185091.52087340533 1.8576976920212098e-19
185471.2559990993 1.8467256725512513e-19
185851.77019216958 1.835731142805463e-19
186233.06505095813 1.8247140566015541e-19
186615.1421770828 1.8136743676625754e-19
186998.00317545066 1.8026120296165411e-19
187381.6496542582 1.7915269959964235e-19
187766.08322500437 1.7804192202397714e-19
188151.30550249206 1.7692886556886715e-19
188537.31810483706 1.7581352555894878e-19
188924.12265347713 1.7469589730925987e-19
189311.72077317367 1.7357597612523516e-19
189700.11409202436 1.724537573026694e-19
190089.30424146412 1.7132923612771475e-19
190479.29285627799 1.7020240787684383e-19
190870.0815746027 1.6907326781684476e-19
191261.67203793558 1.679418112047953e-19
191654.06589114424 1.6680803328803575e-19
192047.26478246765 1.6567192930416474e-19
192441.27036352956 1.6453349448100136e-19
192836.08428933975 1.6339272403658082e-19
193231.70821830345 1.622496131791276e-19
193628.14381223067 1.6110415710702874e-19
194025.39273633764 1.59956351008829e-19
194423.4566592601 1.5880619006319316e-19
194822.3372530541 1.5765366943890315e-19
195222.03619320915 1.5649878429482062e-19
195622.55515864983 1.553415297798815e-19
196023.89583174532 1.541819010330696e-19
196426.05989831866 1.5301989318338848e-19
196829.04904764838 1.518555013498579e-19
197232.86497248188 1.5068872064147454e-19
197637.50936903633 1.4951954615720973e-19
198042.98393701194 1.4834797298597067e-19
198449.2903795938 1.4717399620659573e-19
198856.43040346104 1.4599761088782719e-19
199264.40571879686 1.4481881208828327e-19
199673.21803928973 1.4363759485645373e-19
200082.86908214723 1.4245395423066043e-19
200493.36056809672 1.412911589852125e-19
200904.69422139903 1.4062105239400732e-19
201316.87176985005 1.399495710071906e-19
201729.8949447905 1.3927671200422278e-19
202143.76548111555 1.386024725587738e-19
202558.48511727637 1.379268498387205e-19
202974.05559529414 1.3724984100612365e-19
203390.47866076135 1.3657144321722607e-19
203807.75606285196 1.35891653622436e-19
204225.88955433082 1.3521046936631167e-19
204644.88089155566 1.3452788758755827e-19
205064.73183449075 1.3384390541900531e-19
205485.44414670777 1.3315851998760567e-19
205907.0195954 1.3247172841441214e-19
206329.45995138376 1.3178352781457513e-19
206752.76698910832 1.3109391529732676e-19
207176.94248666597 1.3040288796596413e-19
207601.98822579376 1.2971044291784682e-19
208027.9059918872 1.2901657724437406e-19
208454.69757400165 1.2832128803098313e-19
208882.3647648661 1.2762457235712636e-19
209310.90936088515 1.2692642729626826e-19
209740.33316214875 1.2622684991586936e-19
210170.63797244255 1.2552583727736965e-19
210601.82559924954 1.2482338643618573e-19
211033.89785376415 1.2411949444168767e-19
211466.85655089433 1.2341415833719613e-19
211900.70350927135 1.2270737515996576e-19
212335.44055126028 1.219991419411687e-19
212771.06950296147 1.2128945570589195e-19
213207.59219422517 1.2057831347311318e-19
213645.0104586523 1.1986571225570023e-19
214083.3261336091 1.1915164906038649e-19
214522.54106022877 1.184361208877689e-19
214962.65708342174 1.1771912473229055e-19
215403.67605188602 1.170006575822243e-19
215845.5998181092 1.162807164196695e-19
216288.43023838266 1.1555929822052866e-19
216732.16917280277 1.148363999545053e-19
217176.81848528562 1.1411201858508053e-19
217622.38004356864 1.1338615106950997e-19
218068.85571922114 1.1265879435880669e-19
218516.24738765482 1.119299453977241e-19
218964.55692812547 1.111996011247532e-19
219413.78622374783 1.1046775847209823e-19
219863.93716149655 1.097344143656754e-19
220315.01163222123 1.0899956572508814e-19
220767.011530648 1.0826320946362458e-19
221219.93875539018 1.0752534248824009e-19
221673.79520895917 1.0678596169953987e-19
222128.5827977658 1.060450639917765e-19
222584.3034321358 1.0530264625282452e-19
223040.95902631138 1.0455870536417841e-19
223498.55149846213 1.0381323820093435e-19
223957.08277069544 1.0306624163177339e-19
224416.55476905883 1.0231771251895797e-19
224876.96942355466 1.0156764771830728e-19
225338.3286681414 1.0111359706135812e-19
225800.63444074887 1.007028131572902e-19
226263.88868328 1.0029118648594309e-19
226728.0933416217 9.987871531829011e-20
227193.25036565587 9.946539792175476e-20
227659.36170926123 9.905123256020924e-20
228126.42933032854 9.863621749396073e-20
228594.45519076195 9.822035097975041e-20
229063.44125649417 9.780363127073972e-20
229533.3894974885 9.738605661650883e-20
230004.30188774996 9.696762526304655e-20
230476.18040533608 9.654833545274085e-20
230949.02703235892 9.612818542437704e-20
231422.84375500077 9.570717341312373e-20
231897.6325635161 9.528529765053126e-20
232373.39545224232 9.486255636452196e-20
232850.1344196116 9.443894777937987e-20
233327.8514681521 9.401447011574949e-20
233806.54860450426 9.358912159062117e-20
234286.22783942154 9.316290041733086e-20
234766.89118778647 9.273580480554549e-20
235248.54066861255 9.230783296126133e-20
235731.17830505536 9.187898308679433e-20
236214.80612442418 9.144925338076952e-20
236699.42615818363 9.101864203811973e-20
237185.04044197002 9.058714725007107e-20
237671.65101559207 9.01547672041422e-20
238159.2599230472 8.972150008412987e-20
238647.86921252366 8.928734407010705e-20
239137.48093641145 8.885229733841328e-20
239628.09715131437 8.84163580616438e-20
240119.71991805153 8.797952440864842e-20
240612.3513016742 8.754179454451644e-20
241105.99337146615 8.710316663057625e-20
241600.6482009605 8.666363882438062e-20
242096.31786794157 8.622320927970476e-20
242593.00445445642 8.578187614653626e-20
243090.71004682657 8.533963757106458e-20
243589.43673565 8.48964916956794e-20
244089.18661581769 8.445243665895576e-20
244589.96178651552 8.400747059565245e-20
245091.76435123605 8.356159163670155e-20
245594.59641779054 8.311479790919783e-20
246098.46009831037 8.266708753639719e-20
246603.35750926434 8.221845863770169e-20
247109.29077145955 8.176890932865848e-20
247616.26201005795 8.13184377209452e-20
248124.2733545786 8.086704192236808e-20
248633.3269389094 8.041472003685112e-20
249143.42490131917 7.996147016442589e-20
249654.56938445978 7.950729040122927e-20
250166.76253538282 7.905217883948881e-20
250680.00650554078 7.859613356752154e-20
251194.30345080417 7.813915266971892e-20
251709.65553146348 7.768123422654493e-20
252226.0649122412 7.722237631452553e-20
252743.53376230408 7.686601468068645e-20
253262.06425526502 7.655401355256901e-20
253781.6585692005 7.624137232064153e-20
254302.3188866524 7.592808967166293e-20
254824.04739464034 7.561416428969794e-20
255346.846284674 7.529959485610955e-20
255870.71775275486 7.498438004955797e-20
256395.66399939416 7.466851854599002e-20
256921.68722961334 7.435200901863861e-20
257448.78965296192 7.403485013801214e-20
257976.97348351948 7.371704057189324e-20
258506.24093990785 7.339857898533143e-20
259036.5942453039 7.307946404063553e-20
259568.0356274413 7.27596943973724e-20
260100.56731862857 7.24392687123564e-20
260634.19155574945 7.211818563964872e-20
261168.9105802815 7.179644383054665e-20
261704.7266382974 7.147404193358243e-20
262241.6419804782 7.115097859451553e-20
262779.6588621254 7.082725245632521e-20
263318.77954316343 7.050286215920925e-20
263859.0062881573 7.017780634057293e-20
264400.3413663139 6.985208363502876e-20
264942.78705149976 6.952569267438538e-20
265486.3456222435 6.919863208764626e-20
266031.01936174795 6.887090050100234e-20
266576.81055790395 6.85424965378239e-20
267123.7215032916 6.821341881865963e-20
267671.7544951987 6.788366596122548e-20
268220.9118356232 6.755323658040349e-20
268771.1958312856 6.722212928823395e-20
269322.6087936424 6.689034269390759e-20
269875.15303888754 6.655787540376449e-20
270428.83088797174 6.622472602128274e-20
270983.6446666026 6.589089314707803e-20
271539.59670526395 6.555637537889234e-20
272096.6893392171 6.52211713115929e-20
272654.9249085148 6.488527953716397e-20
273214.30575801374 6.454869864469927e-20
273774.83423737704 6.421142722040045e-20
274336.5127010927 6.387346384756605e-20
274899.343508475 6.353480710659065e-20
275463.3290236828 6.319545557495375e-20
276028.4716157221 6.28554078272184e-20
276594.77365845913 6.251466243502319e-20
277162.23753063363 6.217321796707429e-20
277730.86561586126 6.183107298914408e-20
278300.6603026523 6.148822606405975e-20
278871.623984414 6.114467575170206e-20
279443.7590594638 6.080042060899716e-20
280017.06793104316 6.045545918990858e-20
280591.5530073194 6.010979004543589e-20
281167.21670140506 5.976341172360305e-20
281744.0614313586 5.941632276945806e-20
282322.0896202044 5.906852172506095e-20
282901.30369593424 5.872000712948282e-20
283481.70609152125 5.823403595540639e-20
284063.2992449333 5.762196077394352e-20
284646.0855991358 5.700862985453734e-20
285230.0676021105 5.639404062090424e-20
285815.2477068569 5.577819049147994e-20
286401.6283714118 5.516107687939891e-20
286989.2120588514 5.454269719249201e-20
287578.0012373049 5.392304883327216e-20
288167.99837996904 5.330212919891934e-20
288759.2059651097 5.2679935681278656e-20
289351.626476082 5.205646566683928e-20
289945.2624013322 5.1431716536732284e-20
290540.11623441207 5.080568566671574e-20
291136.1904739926 5.0178370427160154e-20
291733.48762386636 4.9549768183046064e-20
292332.01019296754 4.8919876293942886e-20
292931.7606953728 4.8288692114008025e-20
293532.7416503216 4.765621299196557e-20
294134.95558221807 4.7022436271104025e-20
294738.4050206458 4.6387359289261356e-20
295343.09250038135 4.575097937881011e-20
295949.020561397 4.5113293866654835e-20
296556.1917488808 4.4474300074210977e-20
297164.6086132378 4.3833995317403547e-20
297774.2737101103 4.319237690664598e-20
298385.1896003799 4.254944214683733e-20
298997.35885018256 4.190518833734753e-20
299610.7840309222 4.125961277200198e-20
300225.4677192735 4.0612712739079274e-20
300841.4124972026 3.99644855212893e-20
301458.6209519675 3.931492839577249e-20
302077.09567613935 3.8664038634077765e-20
302696.8392676046 3.8011813502160213e-20
303317.85432957945 3.7358250260365776e-20
303940.1434706247 3.670334616341578e-20
304563.70930464787 3.604709846040452e-20
305188.5544509241 3.5389504394777325e-20
305814.6815340985 3.4730561204328074e-20
306442.0931842011 3.407026612118365e-20
307070.79203666135 3.340861637178841e-20
307700.78073231055 3.2745609176901794e-20
308332.06191740296 3.208124175157595e-20
308964.63824361697 3.1415511305154745e-20
309598.5123680761 3.07484150412515e-20
310233.6869533515 3.007995015774628e-20
310870.1646674769 2.941011384677041e-20
311507.9481839636 2.87389032946905e-20
312147.04018180276 2.806631568210609e-20
312787.44334548694 2.739234818382701e-20
313429.1603650111 2.6716997968872345e-20
314072.1939358939 2.604026220044771e-20
314716.5467591807 2.5362138035942747e-20
315362.22154145816 2.4682622626915168e-20
316009.22099486954 2.400171311907477e-20
316657.5478371174 2.3319406652280958e-20
317307.204791485 2.263570036051967e-20
317958.19458683877 2.208968199259957e-20
318610.5199576439 2.1803044300025087e-20
319264.1836439793 2.1515818539451553e-20
319919.1883915405 2.1228003504395442e-20
320575.53695166105 2.0939597985895773e-20
321233.232081314 2.0650600772513516e-20
321892.2765431341 2.036101065032196e-20
322552.6731054199 2.007082640290556e-20
323214.4245421491 1.9780046811353262e-20
323877.5336329948 1.948867065425149e-20
324542.00316332764 1.9196696707683103e-20
325207.83592423785 1.8904123745217702e-20
325875.0347125366 1.8610950537911045e-20
326543.6023307785 1.8317175854295174e-20
327213.5415872637 1.802279846037751e-20
327884.85529605404 1.7727817119633728e-20
328557.5462769885 1.7432230593000908e-20
329231.6173556863 1.7136037638876425e-20
329907.0713635687 1.6839237013107955e-20
330583.9111378608 1.654182746899307e-20
331262.1395216138 1.6243807757269266e-20
331941.7593637077 1.5945176626112755e-20
332622.7735188672 1.5645932821131534e-20
333305.18484767823 1.534607508535828e-20
333988.9962165896 1.5045602159249266e-20
334674.2104979367 1.4744512780674266e-20
335360.8305699437 1.4442805684915455e-20
336048.8593167395 1.4140479604660356e-20
336738.2996283745 1.3837533269994576e-20
337429.1544008228 1.3533965408400848e-20
338121.42653600534 1.3229774744748715e-20
338815.1189417911 1.2924960001294128e-20
339510.2345320206 1.261951989766914e-20
340206.77622650797 1.2313453150880853e-20
340904.7469510579 1.2006758475304138e-20
341604.1496374818 1.1699434582674455e-20
342304.9872236002 1.1391480182086702e-20
343007.26265326695 1.1082893979984877e-20
343710.9788763694 1.0773674680161576e-20
344416.13884885295 1.0463820983747643e-20
345122.7455327229 1.0153331589210952e-20
345830.80189606163 9.842205192349214e-21
346540.310913045 9.53044048628251e-21
347251.2755639452 9.218036161452225e-21
347963.6988351541 8.904990905610545e-21
348677.5837191866 8.591303403819338e-21
349392.9332146969 8.276972338442707e-21
350109.7503264954 7.961996389139612e-21
350828.0380655518 7.646374232862686e-21
351547.79944901844 7.330104543847717e-21
352269.03750023234 7.013185993613012e-21
352991.75524873874 6.695617250948874e-21
353715.95573029394 6.377396981916371e-21
354441.6419868827 6.058523849839835e-21
355168.81706673483 5.738996515299361e-21
355897.4840243282 5.4188136361296575e-21
356627.645920413 5.1431244503777375e-21
357359.30582201324 5.0811903478220544e-21
358092.46680245094 5.0191291808058796e-21
358827.13194134884 4.956940688642953e-21
359563.3043246482 4.894624610112195e-21
360300.9870446258 4.832180683456218e-21
361040.18319989624 4.769608646381126e-21
361780.89589543757 4.706908236054387e-21
362523.1282425921 4.644079189104742e-21
363266.8833590911 4.581121241620105e-21
364012.1643690579 4.518034129147308e-21
364758.9744030253 4.454817586690642e-21
365507.3165979532 4.391471348710344e-21
366257.1940972312 4.327995149122383e-21
367008.61005070416 4.264388721296309e-21
367761.56761467434 4.20065179805504e-21
368516.0699519198 4.136784111673348e-21
369272.12023171165 4.072785393876363e-21
370029.7216298173 4.0086553758393185e-21
370788.8773285255 3.94439378818542e-21
371549.5905166477 3.880000360985737e-21
372311.86438954377 3.815474823757026e-21
373075.7021491244 3.750816905461506e-21
373841.1070038697 3.686026334505343e-21
374608.0821688465 3.621102838737095e-21
375376.6308657119 3.5560461454475046e-21
376146.7563227385 3.490855981367299e-21
376918.4617748159 3.425532072667078e-21
377691.7504634768 3.3600741449551406e-21
378466.6256368994 3.2944819232772207e-21
379243.0905499259 3.2287551321149634e-21
380021.148464081 3.1628934953843635e-21
380800.8026475743 3.096896736435521e-21
381582.05637532694 3.0307645780504354e-21
382364.912928974 2.9644967424427654e-21
383149.3755968834 2.8980929512562533e-21
383935.44767417415 2.831552925563164e-21
384723.1324627191 2.764876385864051e-21
385512.4332711718 2.6980630520855062e-21
386303.35341496737 2.6311126435800612e-21
387095.8962163492 2.5640248791239265e-21
387890.0650043721 2.4967994769167613e-21
388685.8631149205 2.4294361545800738e-21
389483.29389072774 2.3619346291556446e-21
390282.36068137863 2.2942946171052704e-21
391083.0668433365 2.2265158343085047e-21
391885.4157399444 2.1585979960625266e-21
392689.4107414519 2.090540817079892e-21
393495.05522501847 2.022344011488249e-21
394302.3525747319 1.9540072928287575e-21
395111.30618162785 1.885530374054468e-21
395921.9194436925 1.8169129675300607e-21
396734.19576588983 1.7481547850295683e-21
397548.1385601629 1.6792555377362363e-21
398363.7512454615 1.6102149362402142e-21
399181.0372477446 1.5410326905383278e-21
400000.0 1.4717085100324167e-21
839563.0674438832 1e-300
1762165.3605394554 1e-300
3698622.3885946455 1e-300
7763066.894712855 1e-300
16293960.63724296 1e-300
34199518.9335339 1e-300
71781632.55235718 1e-300
150663019.0294667 1e-300
316227766.01683795 1e-300
