40000.0 1.4635427969558272e-21
44880.73817207852 1.284279209968622e-21
50357.0164717667 1.1246071768686067e-21
56501.501784910164 9.825319487450026e-22
63395.72769844456 8.560763834538538e-22
71131.17640155692 7.440830191676402e-22
79810.49259875515 6.452161145270696e-22
89548.8455427336 5.581676989651865e-22
100475.45726038318 4.816705086788105e-22
112735.3172505782 4.1451723879538013e-22
126491.10640673517 3.5591499880569124e-22
141925.35569343015 3.048350405136458e-22
159242.86822139894 2.604236333329141e-22
178673.4368603852 2.219215739063016e-22
200474.89345090897 1.8864473167233874e-22
224936.53007613964 1.599735221814143e-22
252382.9377920772 1.3534811119447994e-22
283178.31375365524 1.1431510176408192e-22
317731.29388971254 9.633828916940074e-23
356500.3752534984 8.101030702613389e-23
400000.0 6.799674210072074e-23
448807.3817207854 5.700462491825467e-23
503570.16471766704 4.770668658267527e-23
565015.0178491016 3.9845803083551075e-23
633957.2769844453 3.327342002975505e-23
711311.7640155692 2.7782424983255765e-23
798104.9259875519 2.3185057723223264e-23
895488.4554273359 1.9343100193860645e-23
1004754.5726038318 1.6139352568847468e-23
1127353.1725057815 1.3487503753028442e-23
1264911.0640673516 1.127647700676455e-23
1419253.556934302 9.436308938155393e-24
1592428.6822139893 7.909671716514301e-24
1786734.368603852 6.639763791536966e-24
2004748.9345090888 5.5905958383105195e-24
2249365.3007613965 4.717828853454688e-24
2523829.3779207733 3.99352137045894e-24
2831783.1375365523 3.390632710617788e-24
3177312.9388971254 2.8865074082522764e-24
3565003.7525349823 2.463759534829522e-24
4000000.0 2.1090895816488237e-24
4488073.817207854 1.8118047995605333e-24
5035701.647176669 1.5597914685220157e-24
5650150.178491018 1.345311563720676e-24
6339572.769844454 1.161784967832438e-24
7113117.640155692 1.0023515137850171e-24
7981049.259875519 8.664015262144687e-25
8954884.554273358 7.478078597169506e-25
10047545.726038322 6.44190661463179e-25
11273531.725057816 5.539642432651444e-25
12649110.640673518 4.754641324927605e-25
14192535.56934302 4.0665715799454006e-25
15924286.822139887 3.467284308421541e-25
17867343.686038528 2.9487241598676385e-25
20047489.34509089 2.5001335005063246e-25
22493653.007613964 2.1138486913683692e-25
25238293.77920773 1.7784547941092006e-25
28317831.375365518 1.4902652284121036e-25
31773129.388971258 1.2426218402792794e-25
35650037.52534982 1.0289700490154845e-25
40000000.0 8.699612617563868e-26
50330483.608206674 1e-300
63328939.505899 1e-300
79684403.79316902 1e-300
100263864.47354534 1e-300
126158219.68453044 1e-300
158740105.19682017 1e-300
199736656.56433856 1e-300
251321062.97923663 1e-300
316227766.01683795 1e-300
