10098.1660887 6.88294702835e-19
28114.0014272 3.56103700208e-19
46129.8367657 2.26067094836e-19
64145.6721042 1.58149137438e-19
82161.5074427 1.17950386184e-19
100177.342781 9.14407450605e-20
118193.17812 7.34083029008e-20
136209.013458 6.02019529974e-20
154224.848797 5.02474057828e-20
172240.684135 4.26073566648e-20
190256.519474 3.65944993939e-20
208272.354812 3.17091600277e-20
226288.190151 2.76149136524e-20
244304.025489 2.44994101868e-20
262319.860828 2.17478576981e-20
280335.696166 1.93890282616e-20
298351.531505 1.74705890771e-20
316367.366843 1.56889228439e-20
334383.202182 1.42855151778e-20
352399.03752 1.29566145615e-20
370414.872859 1.18565651046e-20
388430.708197 1.08678858228e-20
406446.543536 9.94231026335e-21
424462.378874 9.21018403658e-21
442478.214213 8.47805780981e-21
460494.049551 7.84788968659e-21
478509.88489 7.31064465962e-21
496525.720228 6.77339963265e-21
514541.555567 6.30367182143e-21
532557.390905 5.91064385704e-21
550573.226244 5.51761589265e-21
568589.061582 5.1288900035e-21
586604.896921 4.84240587556e-21
604620.732259 4.55592174762e-21
622636.567598 4.26943761968e-21
640652.402936 3.99854940926e-21
658668.238275 3.79231597349e-21
676684.073613 3.58608253771e-21
694699.908952 3.37984910194e-21
712715.74429 3.17361566617e-21
730731.579629 3.01898608586e-21
748747.414967 2.87145918445e-21
766763.250306 2.72393228304e-21
784779.085644 2.57640538163e-21
802794.920983 2.43044744332e-21
820810.756321 2.32516709235e-21
838826.59166 2.21988674137e-21
856842.426998 2.1146063904e-21
874858.262337 2.00932603943e-21
892874.097675 1.90404568845e-21
910889.933014 1.81765549811e-21
928905.768352 1.74362621389e-21
946921.603691 1.66959692967e-21
964937.439029 1.59556764544e-21
982953.274368 1.52153836122e-21
1000969.10971 1.447509077e-21
1018984.94504 1.38486949653e-21
1037000.78038 1.33322104821e-21
1055016.61572 1.2815725999e-21
1073032.45106 1.22992415158e-21
1091048.2864 1.17827570326e-21
1109064.12174 1.12662725494e-21
1127079.95708 1.07497880663e-21
1145095.79241 1.03390197689e-21
1163111.62775 9.98042119649e-22
1181127.46309 9.62182262413e-22
1199143.29843 9.26322405177e-22
1217159.13377 8.90462547941e-22
1235174.96911 8.54602690705e-22
1253190.80445 8.18742833468e-22
1271206.63978 7.82882976232e-22
1289222.47512 7.58348112655e-22
1307238.31046 7.33861955409e-22
1325254.1458 7.09375798164e-22
1343269.98114 6.84889640918e-22
1361285.81648 6.60403483672e-22
1379301.65181 6.35917326426e-22
1397317.48715 6.1143116918e-22
1415333.32249 5.86945011934e-22
1433349.15783 5.6551471744e-22
1451364.99317 5.48955365677e-22
1469380.82851 5.32396013913e-22
1487396.66385 5.15836662149e-22
1505412.49918 4.99277310385e-22
1523428.33452 4.82717958621e-22
1541444.16986 4.66158606858e-22
1559460.0052 4.49599255094e-22
1577475.84054 4.3303990333e-22
1595491.67588 4.16480551566e-22
1613507.51122 4.03851860423e-22
1631523.34655 3.92716367861e-22
1649539.18189 3.81580875298e-22
1667555.01723 3.70445382736e-22
1685570.85257 3.59309890174e-22
1703586.68791 3.48174397611e-22
1721602.52325 3.37038905049e-22
1739618.35858 3.25903412487e-22
1757634.19392 3.14767919924e-22
1775650.02926 3.03632427362e-22
1793665.8646 2.92496934799e-22
1811681.69994 2.8477074845e-22
1829697.53528 2.77487192217e-22
1847713.37062 2.70203635983e-22
1865729.20595 2.62920079749e-22
1883745.04129 2.55636523516e-22
1901760.87663 2.48352967282e-22
1919776.71197 2.41069411049e-22
1937792.54731 2.33785854815e-22
1955808.38265 2.26502298582e-22
1973824.21799 2.19218742348e-22
1991840.05332 2.11935186115e-22
2009855.88866 2.04651629881e-22
2027871.724 1.99234005959e-22
2045887.55934 1.94531813891e-22
2063903.39468 1.89829621823e-22
2081919.23002 1.85127429754e-22
2099935.06535 1.80425237686e-22
2117950.90069 1.75723045618e-22
2135966.73603 1.7102085355e-22
2153982.57137 1.66318661481e-22
2171998.40671 1.61616469413e-22
2190014.24205 1.56914277345e-22
2208030.07739 1.52212085276e-22
2226045.91272 1.47509893208e-22
2244061.74806 1.4280770114e-22
2262077.5834 1.38235301113e-22
2280093.41874 1.35227789752e-22
2298109.25408 1.32220278391e-22
2316125.08942 1.2921276703e-22
2334140.92476 1.26205255669e-22
2352156.76009 1.23197744308e-22
2370172.59543 1.20190232947e-22
2388188.43077 1.17182721586e-22
2406204.26611 1.14175210225e-22
2424220.10145 1.11167698864e-22
2442235.93679 1.08160187503e-22
2460251.77212 1.05152676142e-22
2478267.60746 1.02145164781e-22
2496283.4428 9.91376534206e-23
2514299.27814 9.61301420596e-23
2532315.11348 9.31226306987e-23
2550330.94882 9.09882119907e-23
2568346.78416 8.91216507968e-23
2586362.61949 8.72550896028e-23
2604378.45483 8.53885284088e-23
2622394.29017 8.35219672148e-23
2640410.12551 8.16554060209e-23
2658425.96085 7.97888448269e-23
2676441.79619 7.79222836329e-23
2694457.63153 7.60557224389e-23
2712473.46686 7.4189161245e-23
2730489.3022 7.2322600051e-23
2748505.13754 7.0456038857e-23
2766520.97288 6.8589477663e-23
2784536.80822 6.67229164691e-23
2802552.64356 6.48563552751e-23
2820568.47889 6.29897940811e-23
2838584.31423 6.11232328871e-23
2856600.14957 5.96837707965e-23
2874615.98491 5.85465329045e-23
2892631.82025 5.74092950124e-23
2910647.65559 5.62720571204e-23
2928663.49093 5.51348192284e-23
2946679.32626 5.39975813363e-23
2964695.1616 5.28603434443e-23
2982710.99694 5.17231055522e-23
3000726.83228 5.05858676602e-23
3018742.66762 4.94486297682e-23
3036758.50296 4.83113918761e-23
3054774.3383 4.71741539841e-23
3072790.17363 4.60369160921e-23
3090806.00897 4.48996782e-23
3108821.84431 4.3762440308e-23
3126837.67965 4.26252024159e-23
3144853.51499 4.14879645239e-23
3162869.35033 4.03507266319e-23
3180885.18566 3.92134887398e-23
3198901.021 3.82173229408e-23
3216916.85634 3.75355143913e-23
3234932.69168 3.68537058417e-23
3252948.52702 3.61718972922e-23
3270964.36236 3.54900887426e-23
3288980.1977 3.48082801931e-23
3306996.03303 3.41264716436e-23
3325011.86837 3.3444663094e-23
3343027.70371 3.27628545445e-23
3361043.53905 3.2081045995e-23
3379059.37439 3.13992374454e-23
3397075.20973 3.07174288959e-23
3415091.04507 3.00356203463e-23
3433106.8804 2.93538117968e-23
3451122.71574 2.86720032473e-23
3469138.55108 2.79901946977e-23
3487154.38642 2.73083861482e-23
3505170.22176 2.66265775986e-23
3523186.0571 2.59447690491e-23
3541201.89243 2.52629604996e-23
3559217.72777 2.458115195e-23
3577233.56311 2.38993434005e-23
3595249.39845 2.34170667537e-23
3613265.23379 2.30278730887e-23
3631281.06913 2.26386794236e-23
3649296.90447 2.22494857586e-23
3667312.7398 2.18602920936e-23
3685328.57514 2.14710984285e-23
3703344.41048 2.10819047635e-23
3721360.24582 2.06927110984e-23
3739376.08116 2.03035174334e-23
3757391.9165 1.99143237684e-23
3775407.75184 1.95251301033e-23
3793423.58717 1.91359364383e-23
3811439.42251 1.87467427733e-23
3829455.25785 1.83575491082e-23
3847471.09319 1.79683554432e-23
3865486.92853 1.75791617781e-23
3883502.76387 1.71899681131e-23
3901518.5992 1.68007744481e-23
3919534.43454 1.6411580783e-23
3937550.26988 1.6022387118e-23
3955566.10522 1.5633193453e-23
3973581.94056 1.52439997879e-23
3991597.7759 1.48548061229e-23
4009613.61124 1.44656124578e-23
4027629.44657 1.41475403383e-23
4045645.28191 1.39297113871e-23
4063661.11725 1.37118824359e-23
4081676.95259 1.34940534847e-23
4099692.78793 1.32762245335e-23
4117708.62327 1.30583955823e-23
4135724.45861 1.28405666311e-23
4153740.29394 1.26227376799e-23
4171756.12928 1.24049087287e-23
4189771.96462 1.21870797775e-23
4207787.79996 1.19692508263e-23
4225803.6353 1.17514218751e-23
4243819.47064 1.15335929239e-23
4261835.30597 1.13157639727e-23
4279851.14131 1.10979350215e-23
4297866.97665 1.08801060703e-23
4315882.81199 1.06622771191e-23
4333898.64733 1.04444481679e-23
4351914.48267 1.02266192167e-23
4369930.31801 1.00087902655e-23
4387946.15334 9.79096131425e-24
4405961.98868 9.57313236305e-24
4423977.82402 9.35530341185e-24
4441993.65936 9.13747446065e-24
4460009.4947 8.91964550945e-24
4478025.33004 8.70181655825e-24
4496041.16538 8.48398760705e-24
4514057.00071 8.2845745869e-24
4532072.83605 8.16514077536e-24
4550088.67139 8.04570696381e-24
4568104.50673 7.92627315227e-24
4586120.34207 7.80683934072e-24
4604136.17741 7.68740552918e-24
4622152.01274 7.56797171764e-24
4640167.84808 7.44853790609e-24
4658183.68342 7.32910409455e-24
4676199.51876 7.20967028301e-24
4694215.3541 7.09023647146e-24
4712231.18944 6.97080265992e-24
4730247.02478 6.85136884838e-24
4748262.86011 6.73193503683e-24
4766278.69545 6.61250122529e-24
4784294.53079 6.49306741374e-24
4802310.36613 6.3736336022e-24
4820326.20147 6.25419979066e-24
4838342.03681 6.13476597911e-24
4856357.87215 6.01533216757e-24
4874373.70748 5.89589835603e-24
4892389.54282 5.77646454448e-24
4910405.37816 5.65703073294e-24
4928421.2135 5.53759692139e-24
4946437.04884 5.41816310985e-24
4964452.88418 5.29872929831e-24
4982468.71951 5.17929548676e-24
5000484.55485 5.05986167522e-24
5018500.39019 4.94042786368e-24
5036516.22553 4.82099405213e-24
5054532.06087 4.70156024059e-24
5072547.89621 4.61832525646e-24
5090563.73155 4.55571907193e-24
5108579.56688 4.4931128874e-24
5126595.40222 4.43050670288e-24
5144611.23756 4.36790051835e-24
5162627.0729 4.30529433383e-24
5180642.90824 4.2426881493e-24
5198658.74358 4.18008196477e-24
5216674.57892 4.11747578025e-24
5234690.41425 4.05486959572e-24
5252706.24959 3.9922634112e-24
5270722.08493 3.92965722667e-24
5288737.92027 3.86705104214e-24
5306753.75561 3.80444485762e-24
5324769.59095 3.74183867309e-24
5342785.42628 3.67923248856e-24
5360801.26162 3.61662630404e-24
5378817.09696 3.55402011951e-24
5396832.9323 3.49141393499e-24
5414848.76764 3.42880775046e-24
5432864.60298 3.36620156593e-24
5450880.43832 3.30359538141e-24
5468896.27365 3.24098919688e-24
5486912.10899 3.17838301236e-24
5504927.94433 3.11577682783e-24
5522943.77967 3.0531706433e-24
5540959.61501 2.99056445878e-24
5558975.45035 2.92795827425e-24
5576991.28569 2.86535208973e-24
5595007.12102 2.8027459052e-24
5613022.95636 2.74013972067e-24
5631038.7917 2.67753353615e-24
5649054.62704 2.61492735162e-24
5667070.46238 2.5523211671e-24
5685086.29772 2.50086252087e-24
5703102.13305 2.46929591708e-24
5721117.96839 2.43772931329e-24
5739133.80373 2.4061627095e-24
5757149.63907 2.37459610571e-24
5775165.47441 2.34302950192e-24
5793181.30975 2.31146289813e-24
5811197.14509 2.27989629433e-24
5829212.98042 2.24832969054e-24
5847228.81576 2.21676308675e-24
5865244.6511 2.18519648296e-24
5883260.48644 2.15362987917e-24
5901276.32178 2.12206327538e-24
5919292.15712 2.09049667159e-24
5937307.99246 2.0589300678e-24
5955323.82779 2.02736346401e-24
5973339.66313 1.99579686022e-24
5991355.49847 1.96423025643e-24
6009371.33381 1.93266365264e-24
6027387.16915 1.90109704885e-24
6045403.00449 1.86953044506e-24
6063418.83982 1.83796384127e-24
6081434.67516 1.80639723748e-24
6099450.5105 1.77483063369e-24
6117466.34584 1.7432640299e-24
6135482.18118 1.71169742611e-24
6153498.01652 1.68013082232e-24
6171513.85186 1.64856421853e-24
6189529.68719 1.61699761474e-24
6207545.52253 1.58543101095e-24
6225561.35787 1.55386440716e-24
6243577.19321 1.52229780337e-24
6261593.02855 1.49073119958e-24
6279608.86389 1.45916459579e-24
6297624.69923 1.427597992e-24
6315640.53456 1.39603138821e-24
6333656.3699 1.36446478442e-24
6351672.20524 1.33289818063e-24
6369688.04058 1.30133157684e-24
6387703.87592 1.28422652662e-24
6405719.71126 1.26875058001e-24
6423735.54659 1.2532746334e-24
6441751.38193 1.2377986868e-24
6459767.21727 1.22232274019e-24
6477783.05261 1.20684679358e-24
6495798.88795 1.19137084698e-24
6513814.72329 1.17589490037e-24
6531830.55863 1.16041895377e-24
6549846.39396 1.14494300716e-24
6567862.2293 1.12946706055e-24
6585878.06464 1.11399111395e-24
6603893.89998 1.09851516734e-24
6621909.73532 1.08303922074e-24
6639925.57066 1.06756327413e-24
6657941.406 1.05208732752e-24
6675957.24133 1.03661138092e-24
6693973.07667 1.02113543431e-24
6711988.91201 1.00565948771e-24
6730004.74735 9.901835411e-25
6748020.58269 9.74707594494e-25
6766036.41803 9.59231647888e-25
6784052.25336 9.43755701281e-25
6802068.0887 9.28279754675e-25
6820083.92404 9.12803808069e-25
6838099.75938 8.97327861463e-25
6856115.59472 8.81851914857e-25
6874131.43006 8.66375968251e-25
6892147.2654 8.50900021645e-25
6910163.10073 8.35424075039e-25
6928178.93607 8.19948128433e-25
6946194.77141 8.04472181827e-25
6964210.60675 7.88996235221e-25
6982226.44209 7.73520288614e-25
7000242.27743 7.58044342008e-25
7018258.11277 7.42568395402e-25
7036273.9481 7.27092448796e-25
7054289.78344 7.1161650219e-25
7072305.61878 6.96140555584e-25
7090321.45412 6.80664608978e-25
7108337.28946 6.65188662372e-25
7126353.1248 6.49712715766e-25
7144368.96013 6.3423676916e-25
7162384.79547 6.25034222945e-25
7180400.63081 6.17973376959e-25
7198416.46615 6.10912530973e-25
7216432.30149 6.03851684987e-25
7234448.13683 5.96790839001e-25
7252463.97217 5.89729993015e-25
7270479.8075 5.82669147029e-25
7288495.64284 5.75608301043e-25
7306511.47818 5.68547455057e-25
7324527.31352 5.61486609071e-25
7342543.14886 5.54425763085e-25
7360558.9842 5.47364917099e-25
7378574.81954 5.40304071113e-25
7396590.65487 5.33243225127e-25
7414606.49021 5.26182379141e-25
7432622.32555 5.19121533155e-25
7450638.16089 5.12060687169e-25
7468653.99623 5.04999841183e-25
7486669.83157 4.97938995198e-25
7504685.6669 4.90878149212e-25
7522701.50224 4.83817303226e-25
7540717.33758 4.7675645724e-25
7558733.17292 4.69695611254e-25
7576749.00826 4.62634765268e-25
7594764.8436 4.55573919282e-25
7612780.67894 4.48513073296e-25
7630796.51427 4.4145222731e-25
7648812.34961 4.34391381324e-25
7666828.18495 4.27330535338e-25
7684844.02029 4.20269689352e-25
7702859.85563 4.13208843366e-25
7720875.69097 4.0614799738e-25
7738891.52631 3.99087151394e-25
7756907.36164 3.92026305408e-25
7774923.19698 3.84965459422e-25
7792939.03232 3.77904613436e-25
7810954.86766 3.7084376745e-25
7828970.703 3.63782921464e-25
7846986.53834 3.56722075478e-25
7865002.37367 3.49661229492e-25
7883018.20901 3.42600383506e-25
7901034.04435 3.35539537521e-25
7919049.87969 3.28478691535e-25
7937065.71503 3.21417845549e-25
7955081.55037 3.14356999563e-25
7973097.38571 3.07296153577e-25
7991113.22104 3.00235307591e-25
8009129.05638 2.93174461605e-25
8027144.89172 2.8757304893e-25
8045160.72706 2.84978887761e-25
8063176.5624 2.82384726592e-25
8081192.39774 2.79790565423e-25
8099208.23308 2.77196404255e-25
8117224.06841 2.74602243086e-25
8135239.90375 2.72008081917e-25
8153255.73909 2.69413920748e-25
8171271.57443 2.66819759579e-25
8189287.40977 2.64225598411e-25
8207303.24511 2.61631437242e-25
8225319.08044 2.59037276073e-25
8243334.91578 2.56443114904e-25
8261350.75112 2.53848953735e-25
8279366.58646 2.51254792567e-25
8297382.4218 2.48660631398e-25
8315398.25714 2.46066470229e-25
8333414.09248 2.4347230906e-25
8351429.92781 2.40878147891e-25
8369445.76315 2.38283986723e-25
8387461.59849 2.35689825554e-25
8405477.43383 2.33095664385e-25
8423493.26917 2.30501503216e-25
8441509.10451 2.27907342047e-25
8459524.93985 2.25313180878e-25
8477540.77518 2.2271901971e-25
8495556.61052 2.20124858541e-25
8513572.44586 2.17530697372e-25
8531588.2812 2.14936536203e-25
8549604.11654 2.12342375034e-25
8567619.95188 2.09748213866e-25
8585635.78721 2.07154052697e-25
8603651.62255 2.04559891528e-25
8621667.45789 2.01965730359e-25
8639683.29323 1.9937156919e-25
8657699.12857 1.96777408022e-25
8675714.96391 1.94183246853e-25
8693730.79925 1.91589085684e-25
8711746.63458 1.88994924515e-25
8729762.46992 1.86400763346e-25
8747778.30526 1.83806602178e-25
8765794.1406 1.81212441009e-25
8783809.97594 1.7861827984e-25
8801825.81128 1.76024118671e-25
8819841.64662 1.73429957502e-25
8837857.48195 1.70835796334e-25
8855873.31729 1.68241635165e-25
8873889.15263 1.65647473996e-25
8891904.98797 1.63053312827e-25
8909920.82331 1.60459151658e-25
8927936.65865 1.57864990489e-25
8945952.49398 1.55270829321e-25
8963968.32932 1.52676668152e-25
8981984.16466 1.50082506983e-25
9000000.0 1.47488345814e-25
13365750.2503 1e-300
19849253.3058 1e-300
29477795.8156 1e-300
43776984.0888 1e-300
65012470.6713 1e-300
96548938.4606 1e-300
143383222.044 1e-300
212936037.324 1e-300
316227766.017 1e-300
