1000.0 2.1797701657499163e-15
1122.0184543019632 2.1105208188626437e-15
1258.9254117941675 1.8709854808864143e-15
1412.537544622754 1.545099162900228e-15
1584.893192461114 1.3905019070490363e-15
1778.2794100389228 1.2827288298729015e-15
1995.2623149688789 1.0800100741652763e-15
2238.72113856834 9.684443040301013e-16
2511.8864315095793 8.303915763020624e-16
2818.382931264455 7.175554037293541e-16
3162.2776601683795 6.251442608159417e-16
3548.1338923357534 5.559070382138813e-16
3981.0717055349737 4.900081264781631e-16
4466.83592150963 4.1776029505197765e-16
5011.872336272725 3.5351261147860964e-16
5623.413251903491 3.025880051745992e-16
6309.573444801931 2.604046308400551e-16
7079.45784384138 2.1694696737982097e-16
7943.282347242814 1.8333791424519005e-16
8912.509381337459 1.5417121104129369e-16
10000.0 1.298115576934663e-16
11220.184543019635 1.0805328115624052e-16
12589.254117941675 8.952706170227344e-17
14125.375446227541 7.396014815075751e-17
15848.931924611135 6.080361119811222e-17
17782.79410038923 4.969576491708425e-17
19952.623149688796 4.0390552164684954e-17
22387.2113856834 3.2621879087406965e-17
25118.864315095794 2.606060215682213e-17
28183.82931264454 2.091471959992468e-17
31622.776601683792 1.634339146932929e-17
35481.33892335755 1.2959626827422158e-17
39810.717055349734 1.0074575420552626e-17
44668.3592150963 7.733246533391076e-18
50118.72336272722 5.841475568855905e-18
56234.13251903491 4.435466087534897e-18
63095.73444801933 3.27379783398925e-18
70794.57843841381 2.3818315805305384e-18
79432.82347242814 1.7681386105745325e-18
89125.09381337455 1.2648341606495321e-18
100000.0 8.831921157605002e-19
112201.84543019635 6.229650626928604e-19
125892.54117941673 4.3033023378702556e-19
141253.75446227545 2.989641838377056e-19
158489.31924611132 1.9906806984394947e-19
177827.9410038923 1.3415356540938912e-19
199526.23149688798 8.61222231334375e-20
223872.11385683395 5.539203785254212e-20
251188.643150958 3.5158405291554674e-20
281838.2931264454 2.20479453833758e-20
316227.76601683797 1.3690406528935782e-20
354813.3892335755 8.465829014941027e-21
398107.1705534972 5.2406117195749445e-21
446683.59215096314 3.28638471733545e-21
501187.23362727225 1.9719453918634254e-21
562341.325190349 1.3289840609844063e-21
630957.3444801932 9.637441186104122e-22
707945.784384138 7.069899565747828e-22
794328.2347242815 4.483869645478176e-22
891250.9381337456 2.8044187187914533e-22
1000000.0 2.2095077542689327e-22
1895735.6524063754 1e-300
3593813.6638046256 1e-300
6812920.690579608 1e-300
12915496.650148828 1e-300
24484367.468222294 1e-300
46415888.33612782 1e-300
87992254.35691075 1e-300
166810053.72000557 1e-300
316227766.01683795 1e-300
