100099.07010314372 1.239996076106627e-18
100304.43409166175 1.2351344641562499e-18
100510.2194064492 1.230262878087035e-18
100716.42691190216 1.2253812974360063e-18
100923.05747419011 1.2204897016982076e-18
101130.11196125955 1.2155880703266113e-18
101337.59124283768 1.2106763827320387e-18
101545.49619043624 1.2057546182830635e-18
101753.82767735436 1.200822756305947e-18
101962.58657868348 1.1958807760845218e-18
102171.7737713101 1.190928656860122e-18
102381.39013391983 1.1859663778314956e-18
102591.43654700097 1.1809939181547129e-18
102801.91389284842 1.1760112569430767e-18
103012.8230555666 1.171018373267053e-18
103224.16492107439 1.1660152461541537e-18
103435.940377108 1.1610018545888684e-18
103648.15031322498 1.1559781775125709e-18
103860.79562080782 1.1509441938234313e-18
104073.87719306805 1.1458998823763214e-18
104287.3959250491 1.1408452219827477e-18
104501.35271363123 1.1357801914107303e-18
104715.74845753462 1.1307047693847346e-18
104930.58405732321 1.1256189345855776e-18
105145.86041540859 1.1205226656503365e-18
105361.57843605372 1.115415941172262e-18
105577.73902537697 1.1102987397006794e-18
105794.34309135505 1.1051710397409223e-18
106011.39154382817 1.1000328197542104e-18
106228.88529450292 1.094884058157579e-18
106446.82525695636 1.0897247333237833e-18
106665.21234663985 1.084554823581208e-18
106884.04748088315 1.079374307213772e-18
107103.33157889731 1.0741831624608556e-18
107323.06556177993 1.0689813675171797e-18
107543.25035251812 1.0637689005327347e-18
107763.88687599261 1.0585457396126837e-18
107984.97605898157 1.053311862817269e-18
108206.51883016464 1.0480672481617219e-18
108428.51612012685 1.0428118736161651e-18
108650.96886136188 1.0375457171055386e-18
108873.87798827708 1.03226875650948e-18
109097.24443719673 1.0269809696622458e-18
109321.06914636599 1.0216823343526215e-18
109545.35305595495 1.0163728283238205e-18
109770.0971080628 1.0110524292733908e-18
109995.30224672088 1.0057211148531395e-18
110220.96941789794 1.0003788626690082e-18
110447.09956950335 9.950256502810007e-19
110673.69365139112 9.896614552030809e-19
110900.75261536404 9.84286254903082e-19
111128.27741517761 9.7890002680261e-19
111356.2690065443 9.735027482769422e-19
111584.72834713664 9.680943966549561e-19
111813.6563965926 9.626749492190003e-19
112043.05411651875 9.572443832048216e-19
112272.92247049446 9.390423557838357e-19
112503.26242407603 9.352025379973748e-19
112734.0749448009 9.31354842412495e-19
112965.36100219082 9.274992528670553e-19
113197.12156775735 9.236357531657432e-19
113429.35761500496 9.197643270800253e-19
113662.07011943535 9.158849583480734e-19
113895.26005855158 9.119976306746958e-19
114128.92841186238 9.081023277312654e-19
114363.07616088541 9.041990331556675e-19
114597.70428915264 9.002877305522074e-19
114832.81378221366 8.963684034915558e-19
115068.40562764002 8.92441035510677e-19
115304.48081502941 8.885056101127607e-19
115541.04033600971 8.845621107671504e-19
115778.08518424357 8.806105209092714e-19
116015.61635543143 8.766508239405773e-19
116253.63484731731 8.726830032284564e-19
116492.14165969193 8.687070421061764e-19
116731.13779439717 8.64722923872812e-19
116970.62425533036 8.607306317931741e-19
117210.60204844862 8.567301490977362e-19
117451.07218177221 8.527214589825777e-19
117692.03566539011 8.487045446092928e-19
117933.49351146346 8.446793891049324e-19
118175.4467342299 8.406459755619315e-19
118417.8963500079 8.366042870380373e-19
118660.84337720097 8.325543065562385e-19
118904.28883630234 8.28496017104689e-19
119148.23374989805 8.24429401636653e-19
119392.67914267287 8.203544430704104e-19
119637.62604141358 8.162711242891988e-19
119883.07547501347 8.12179428141141e-19
120129.02847447679 8.080793374391683e-19
120375.48607292319 8.039708349609484e-19
120622.44930559117 7.998539034488275e-19
120869.91920984388 7.957285256097336e-19
121117.89682517246 7.915946841151205e-19
121366.38319320067 7.874523616008898e-19
121615.37935768932 7.833015406673192e-19
121864.88636454055 7.791422038789894e-19
122114.9052618026 7.749743337647057e-19
122365.43709967306 7.707979128174428e-19
122616.48293050492 7.666129234942437e-19
122868.04380880993 7.624193482161656e-19
123120.12079126327 7.582171693682009e-19
123372.71493670798 7.54006369299202e-19
123625.82730615976 7.497869303218035e-19
123879.45896281024 7.455588347123669e-19
124133.61097203314 7.413220647108777e-19
124388.28440138762 7.37076602520889e-19
124643.48032062306 7.328224303094431e-19
124899.19980168353 7.285595302069962e-19
125155.44391871258 7.24287884307338e-19
125412.21374805673 7.200074746675359e-19
125669.51036827145 7.157182833078315e-19
125927.3348601248 7.014587913233956e-19
126185.68830660237 6.983786117191711e-19
126444.57179291054 6.9529211279582015e-19
126703.98640648404 6.921992815885685e-19
126963.93323698638 6.891001051060686e-19
127224.4133763188 6.85994570330294e-19
127485.4279186205 6.828826642165373e-19
127746.97796027767 6.797643736933006e-19
128009.06459992418 6.766396856622895e-19
128271.68893844791 6.735085869983362e-19
128534.8520789968 6.703710645493261e-19
128798.55512698009 6.672271051361875e-19
129062.79919007684 6.6407669555278525e-19
129327.58537823716 6.609198225659076e-19
129592.91480368821 6.577564729151958e-19
129858.78858094077 6.545866333130657e-19
130125.20782678985 6.51410290444698e-19
130392.17366032397 6.48227430967931e-19
130659.68720292528 6.450380415132562e-19
130927.7495782789 6.418421086837095e-19
131196.36191237363 6.386396190548611e-19
131465.52533350818 6.354305591747409e-19
131735.24097229796 6.322149155637591e-19
132005.5099616757 6.289926747146982e-19
132276.33343690058 6.2576382309260335e-19
132547.71253555882 6.225283471347766e-19
132819.6483975725 6.192862332506695e-19
133092.14216520102 6.160374678218697e-19
133365.194983047 6.127820372020258e-19
133638.80799806313 6.095199277167699e-19
133912.9823595529 6.062511256637058e-19
134187.71921918 6.029756173122988e-19
134463.0197309686 5.996933889038713e-19
134738.8850513128 5.964044266514911e-19
135015.31633897737 5.931087167399618e-19
135292.31475510445 5.898062453257426e-19
135569.88146322017 5.864969985368712e-19
135848.01762923537 5.831809624729526e-19
136126.72442145518 5.798581232050475e-19
136406.00301058 5.765284667756582e-19
136685.854569712 5.731919791986534e-19
136966.28027436175 5.6984864645918685e-19
137247.28130244932 5.664984545136867e-19
137528.8588343136 5.631413892897411e-19
137811.0140527129 5.597774366860954e-19
138093.7481428343 5.564065825725373e-19
138377.06229229466 5.530288127898849e-19
138660.95769114743 5.496441131499078e-19
138945.4355318893 5.462524694352453e-19
139230.4970094612 5.428538673993974e-19
139516.14332125787 5.394482927666067e-19
139802.37566712836 5.36035731231856e-19
140089.19524938564 5.326161684607524e-19
140376.6032728076 5.29189590089514e-19
140664.60094464396 5.257559817248917e-19
140953.18947462284 5.22315328944085e-19
141242.37007495196 5.188676172947317e-19
141532.14396032845 5.223300624605276e-19
141822.51234793966 5.199729110936895e-19
142113.47645747015 5.176109237777735e-19
142405.03751110856 5.152440905913014e-19
142697.19673354866 5.128724015924591e-19
142989.9553519991 5.104958468190165e-19
143283.31459618403 5.081144162883244e-19
143577.27569835275 5.05728099997234e-19
143871.839893281 5.033368879220878e-19
144167.00841827763 5.009407700186639e-19
144462.78251319192 4.985397362221197e-19
144759.16342041435 4.96133776446982e-19
145056.15238488672 4.937228805870673e-19
145353.75065410257 4.913070385154778e-19
145651.95947811715 4.888862400845192e-19
145950.78010954856 4.864604751256931e-19
146250.21380358486 4.840297334496393e-19
146550.261817991 4.81594004846078e-19
146850.92541310997 4.791532790838025e-19
147152.20585187283 4.767075459105946e-19
147454.10439979937 4.742567950532239e-19
147756.6223250081 4.718010162173623e-19
148059.7608982174 4.693401990875772e-19
148363.52139275268 4.668743333272727e-19
148667.90508455355 4.644034085786312e-19
148972.9132521748 4.619274144626053e-19
149278.54717679694 4.594463405788332e-19
149584.80814222692 4.5696017650563135e-19
149891.69743490574 4.544689117999342e-19
150199.21634391538 4.519725359972374e-19
150507.3661609802 4.494710386115862e-19
150816.14818047688 4.469644091354934e-19
151125.5636994355 4.444526370399345e-19
151435.61401754938 4.419357117742637e-19
151746.3004371765 4.394136227662041e-19
152057.6242633468 4.368863594217891e-19
152369.58680376955 4.343539111253017e-19
152682.18936883422 4.3181626723926673e-19
152995.43327162147 4.292734171043641e-19
153309.31982790312 4.2672535003942517e-19
153623.85035615313 4.2417205534134824e-19
153939.02617754845 4.2161352228508757e-19
154254.84861597666 4.1904974012359414e-19
154571.31899804328 4.164806980877544e-19
154888.43865307292 4.139063853863825e-19
155206.20891312012 4.1132679120613135e-19
155524.6311129702 4.0874190471148545e-19
155843.7065901471 4.0615171504469864e-19
156163.4366849206 4.0355621132573377e-19
156483.82274030772 4.0095538265225276e-19
156804.86610208338 3.9834921809952913e-19
157126.5681187809 3.9573770672044437e-19
157448.93014170282 3.931208375453995e-19
157771.95352492217 3.9049859958230653e-19
158095.63962528994 3.8787098181652543e-19
158419.98980244278 3.8523797321080295e-19
158745.00541880424 3.797086732877144e-19
159070.6878395956 3.7790864143580444e-19
159397.03843283642 3.7610491662531026e-19
159724.05856935546 3.742974912797237e-19
160051.74962279206 3.7248635780700316e-19
160380.1129696036 3.7067150859953174e-19
160709.14998907346 3.6885293603407325e-19
161038.8620633121 3.670306324717662e-19
161369.25057726813 3.652045902580627e-19
161700.31691872896 3.6337480172272574e-19
162032.06247833182 3.615412591797666e-19
162364.48864956494 3.597039549274396e-19
162697.59682877554 3.5786288124819727e-19
163031.3884151775 3.5601803040864877e-19
163365.8648108527 3.5416939465955154e-19
163701.02742076226 3.523169662357497e-19
164036.8776527476 3.504607373561679e-19
164373.41691753865 3.4860070022376655e-19
164710.6466287615 3.467368470254989e-19
165048.5682029397 3.448691699323037e-19
165387.18305950586 3.429976610990422e-19
165726.49262080176 3.411223126644959e-19
166066.49831209017 3.3924311675130313e-19
166407.2015615558 3.373600654659522e-19
166748.6038003134 3.35473150898737e-19
167090.70646241598 3.335823651237123e-19
167433.51098485585 3.316877001986875e-19
167777.0188075762 3.2978914816516205e-19
168121.23137347164 3.2788670104832354e-19
168466.1501283999 3.2598035085698242e-19
168811.7765211829 3.2407008958356626e-19
169158.11200361492 3.2215590920407427e-19
169505.15803047092 3.202378016780317e-19
169852.91605950767 3.1831575894848373e-19
170201.3875514755 3.1638977294192994e-19
170550.57397011947 3.1445983556831834e-19
170900.47678218773 3.1252593872099883e-19
171251.0974574397 3.1058807427667846e-19
171602.43746864735 3.0864623409541374e-19
171954.49829160701 3.067004100205458e-19
172307.28140514 3.04750593878697e-19
172660.7882911044 3.027967774797054e-19
173015.0204343963 3.0083895261661785e-19
173369.9793229583 2.988771110656441e-19
173725.66644778772 2.9691124458611004e-19
174082.08330293806 2.9494134492045e-19
174439.23138553082 2.929674037941422e-19
174797.11219575614 2.9098941291570397e-19
175155.72723688488 2.890073639766262e-19
175515.0780152699 2.870212486513656e-19
175875.16604035438 2.8503105859729852e-19
176235.9928246805 2.8303678545467336e-19
176597.55988389076 2.810384208466037e-19
176959.86873673997 2.790359563790008e-19
177322.92090509596 2.7702938364057083e-19
177686.7179139518 2.750186942027468e-19
178051.26129142698 2.7709815005637636e-19
178416.5525687761 2.7573878656652648e-19
178782.5932803975 2.743766341965389e-19
179149.38496383463 2.730116872247323e-19
179516.92915978818 2.7164393991767556e-19
179885.22741211773 2.702733865301829e-19
180254.2812678501 2.689000213052819e-19
180624.09227718823 2.6752383847418082e-19
180994.66199351262 2.6614483225626343e-19
181365.9919733935 2.64762996859043e-19
181738.08377659175 2.633783264781602e-19
182110.93896607115 2.6199081529733615e-19
182484.55910799993 2.6060045748836727e-19
182858.94577175935 2.592072472110934e-19
183234.10052995273 2.5781117861336376e-19
183610.02495840678 2.5641224583103313e-19
183986.72063618418 2.550104429879131e-19
184364.18914558418 2.5360576419577196e-19
184742.43207215538 2.5219820355428553e-19
185121.45100469692 2.507877551510336e-19
185501.24753526767 2.4937441306146554e-19
185881.82325919493 2.4795817134886765e-19
186263.17977507605 2.465390240643577e-19
186645.318684791 2.4511696524683724e-19
187028.24159350406 2.436919889229865e-19
187411.9501096725 2.4226408910723113e-19
187796.4458450559 2.408332598017076e-19
188181.73041471743 2.39399494996259e-19
188567.80543703694 2.379627886683865e-19
188954.67253371124 2.3652313478324666e-19
189342.3333297675 2.350805272936037e-19
189730.7894535645 2.336349601398235e-19
190120.04253680163 2.3218642724984043e-19
190510.09421452836 2.307349225391224e-19
190900.9461251454 2.2928043991066607e-19
191292.59991041798 2.2782297325494765e-19
191685.05721547655 2.263625164499205e-19
192078.3196888297 2.248990633609669e-19
192472.38898236596 2.2343260784089116e-19
192867.26675136262 2.2196314372988663e-19
193262.95465449555 2.204906648555001e-19
193659.45435384032 2.190151650326268e-19
194056.76751488558 2.1753663806346074e-19
194454.89580653454 2.1605507773748905e-19
194853.8409011143 2.145704778314579e-19
195253.6044743854 2.130828321093363e-19
195654.1882055432 2.115921343223115e-19
196055.59377723117 2.1009837820873886e-19
196457.82287554184 2.0860155749413897e-19
196860.87719003003 2.0710166589114796e-19
197264.7584137146 2.0559869709951162e-19
197669.46824308764 2.0409264480604991e-19
198075.00837812436 2.0258350268462197e-19
198481.38052228434 2.0107126439612012e-19
198888.5863825252 1.9955592358841894e-19
199296.6276693034 1.9803747389637337e-19
199705.50609658775 1.9591694665604204e-19
200115.2233818611 1.9495535841463935e-19
200525.78124612983 1.939917973717295e-19
200937.18141393363 1.9302625947989448e-19
201349.4256133471 1.9205874068342021e-19
201762.5155759931 1.9108923691826454e-19
202176.45303704424 1.9011774411205492e-19
202591.23973523607 1.8914425818405608e-19
203006.87741286895 1.8816877504516673e-19
203423.36781581774 1.8719129059789626e-19
203840.7126935416 1.8621180073634176e-19
204258.91379908557 1.8523030134618453e-19
204677.9728890947 1.8424678830465696e-19
205097.89172381535 1.8326125748053882e-19
205518.67206710522 1.8227370473413478e-19
205940.31568644338 1.812841259172502e-19
206362.82435293155 1.8029251687318782e-19
206786.19984130858 1.792988734367147e-19
207210.44392995094 1.783031914340604e-19
207635.558400887 1.7730546668288356e-19
208061.5450397986 1.763056949922684e-19
208488.40563603118 1.753038721627006e-19
208916.14198260367 1.7429999398604473e-19
209344.7558762102 1.7329405624553946e-19
209774.24911723446 1.7228605471576437e-19
210204.62350975038 1.7127598516263828e-19
210635.8808615365 1.7026384334338527e-19
211068.02298407775 1.6924962500653095e-19
211501.0516925754 1.6823332589187848e-19
211934.9688059575 1.6721494173048488e-19
212369.7761468803 1.6619446824465682e-19
212805.4755417429 1.6517190114791695e-19
213242.06882068884 1.6414723614499985e-19
213679.5578176164 1.6312046893182767e-19
214117.944370189 1.6209159519548633e-19
214557.23031983656 1.6106061061422157e-19
214997.4175117706 1.6002751085740416e-19
215438.50779498453 1.5899229158552868e-19
215880.5030222689 1.5795494845017824e-19
216323.40505021275 1.5691547709402096e-19
216767.21573921407 1.5587387315078545e-19
217211.93695349034 1.5483013224523626e-19
217657.57056108018 1.5378424999316994e-19
218104.11843385815 1.5273622200138002e-19
218551.58244753568 1.5168604386765536e-19
218999.96448167597 1.5063371118074458e-19
219449.26641969563 1.495792195203528e-19
219899.49014887534 1.4852256445711617e-19
220350.63756037044 1.4746374155257733e-19
220802.71054921253 1.4640274635918133e-19
221255.71101432474 1.4533957442024006e-19
221709.64085852235 1.4427422126993077e-19
222164.50198852824 1.4320668243325962e-19
222620.29631497417 1.4213695342605888e-19
223077.02575241207 1.410650297549605e-19
223534.69221932424 1.399909069173716e-19
223993.29763812546 1.3821472132432065e-19
224452.84393517816 1.3751061178043403e-19
224913.3330407941 1.3680505768022803e-19
225374.76688924545 1.360980560600416e-19
225837.14741877536 1.353896039501293e-19
226300.47657159987 1.3467969837465863e-19
226764.75629392324 1.3396833635168612e-19
227229.9885359392 1.3325551489315606e-19
227696.1752518458 1.3254123100487707e-19
228163.3183998479 1.3182548168651882e-19
228631.41994216765 1.3110826393159567e-19
229100.4818450558 1.3038957472744946e-19
229570.50607879317 1.296694110552471e-19
230041.49461770675 1.2894776988995602e-19
230513.44944017028 1.2822464820034357e-19
230986.37252862006 1.275000429489523e-19
231460.26586955675 1.2677395109209726e-19
231935.13145355662 1.2604636957984927e-19
232410.97127528244 1.2531729535601742e-19
232887.7873334857 1.2458672535814666e-19
233365.5816310222 1.2385465651749292e-19
233844.35617485407 1.231210857590209e-19
234324.11297606077 1.223860100013864e-19
234804.85404985072 1.2164942615691902e-19
235286.58141556286 1.209113311316198e-19
235769.29709668286 1.2017172182513603e-19
236253.00312084402 1.194305951307602e-19
236737.70151984328 1.1868794793540528e-19
237223.3943296432 1.1794377711960162e-19
237710.08359038326 1.1719807955747998e-19
238197.77134639162 1.1645085211675329e-19
238686.45964618647 1.1570209165871433e-19
239176.1505424928 1.1495179503821052e-19
239666.84609224298 1.1419995910364272e-19
240158.54835659344 1.1344658069693973e-19
240651.25940092618 1.1269165665355603e-19
241144.9812948607 1.1193518380245346e-19
241639.7161122655 1.1117715896608364e-19
242135.46593125977 1.1041757896038532e-19
242632.2328342303 1.096564405947586e-19
243130.01890783195 1.0889374067206374e-19
243628.82624300476 1.0812947598859579e-19
244128.65693497547 1.0736364333408162e-19
244629.5130832694 1.0659623949166179e-19
245131.39679172233 1.0582726123787252e-19
245634.3101684822 1.0505670534264298e-19
246138.25532602606 1.0428456856926928e-19
246643.234381162 1.0351084767441177e-19
247149.2494550409 1.0273553940807672e-19
247656.30267316845 1.0195864051359797e-19
248164.39616540703 1.0118014772763429e-19
248673.53206599262 1.0040005778014303e-19
249183.7125135359 9.961836739437899e-20
249694.93965103908 9.883507328686809e-20
250207.21562589798 9.805017216740461e-20
250720.542589914 9.72636607390325e-20
251234.92269930625 9.64587325963804e-20
251750.35811471357 9.59555852758452e-20
252266.85100121147 9.545140569456526e-20
252784.40352831344 9.494619173474881e-20
253303.017869988 9.443994127425521e-20
253822.6962046607 9.393265218659301e-20
254343.44071522637 9.342432234090813e-20
254865.25358906132 9.291494960197179e-20
255388.13701802547 9.240453183017845e-20
255912.09319847968 9.189306688152903e-20
256437.1243312878 9.13805526076288e-20
256963.23262182885 9.086698685567536e-20
257490.42028000968 9.035236746844662e-20
258018.68952026678 8.983669228429871e-20
258548.04256158412 8.931995913714879e-20
259078.4816274936 8.880216585647433e-20
259610.00894609356 8.828331026729547e-20
260142.62675005 8.776339019017337e-20
260676.3372766098 8.724240344119773e-20
261211.14276761274 8.672034783197463e-20
261747.0454694938 8.619722116962457e-20
262284.047633301 8.567302125676511e-20
262822.15151469636 8.514774589150963e-20
263361.3593739741 8.462139286744998e-20
263901.6734760621 8.40939599736545e-20
264443.09609053517 8.356544499465561e-20
264985.62949162774 8.303584571043713e-20
265529.2759582356 8.250515989643263e-20
266074.0377739343 8.19733853235075e-20
266619.91722698015 8.144051975795813e-20
267166.9166103282 8.09065609614938e-20
267715.0382216347 8.037150669123504e-20
268264.28436326963 7.983535469970083e-20
268814.6573423299 7.929810273479592e-20
269366.1594706413 7.875974853980908e-20
269918.7930647768 7.822028985339475e-20
270472.5604460591 7.767972440957134e-20
271027.46394057304 7.713804993770824e-20
271583.50587917917 7.65952641625132e-20
272140.6885975154 7.605136480403029e-20
272699.0144360161 7.55063495776217e-20
273258.4857399129 7.496021619396677e-20
273819.10485925316 7.441296235904367e-20
274380.8741489023 7.386458577412742e-20
274943.79596855724 7.331508413577694e-20
275507.8726827592 7.276445513582225e-20
276073.1066608959 7.22126964613621e-20
276639.5002772211 7.165980579474575e-20
277207.0559108545 7.1105780813572e-20
277775.7759458018 7.055061919067056e-20
278345.6627709561 6.999431859409998e-20
278916.7187801116 6.943687668713465e-20
279488.94637197716 6.887829112825156e-20
280062.3479501781 6.83185595711282e-20
280636.92592327576 6.775767966462392e-20
281212.68270476954 6.71956490527778e-20
281789.62071311 6.663246537479546e-20
282367.7423717134 6.63517549719302e-20
282947.05010896287 6.599531267039516e-20
283527.5463582284 6.563813908921163e-20
284109.23355786776 6.528023272808247e-20
284692.11415124574 6.492159208362947e-20
285276.19058673654 6.456221564939224e-20
285861.4653177375 6.420210191581981e-20
286447.94080268283 6.384124937026198e-20
287035.61950504576 6.347965649696815e-20
287624.50389335846 6.311732177707493e-20
288214.5964412127 6.275424368860593e-20
288805.8996272797 6.239042070645924e-20
289398.41593531275 6.202585130240618e-20
289992.1478541605 6.166053394508286e-20
290587.0978777815 6.129446709998135e-20
291183.2685052459 6.092764922944854e-20
291780.6622407561 6.05600787926736e-20
292379.28159364825 6.019175424568686e-20
292979.1290784069 5.982267404135098e-20
293580.2072146787 5.945283662935233e-20
294182.51852727507 5.908224045619955e-20
294786.0655461919 5.871088396521127e-20
295390.85080661095 5.833876559651519e-20
295996.87684892025 5.796588378703594e-20
296604.1462187156 5.759223697049364e-20
297212.66146681557 5.721782357739486e-20
297822.42514927586 5.684264203502396e-20
298433.4398273911 5.646669076744174e-20
299045.7080677156 5.608996819547291e-20
299659.2324420643 5.571247273670508e-20
300274.0155275336 5.533420280547655e-20
300890.0599065031 5.495515681287475e-20
301507.36816665076 5.457533316672711e-20
302125.94290096685 5.4194730271592416e-20
302745.78670775663 5.381334652875924e-20
303366.90219066106 5.343118033623318e-20
303989.2919586576 5.304823008873622e-20
304612.9586260816 5.26644941776939e-20
305237.9048126278 5.2279970991233844e-20
305864.13314336614 5.189465891417679e-20
306491.64624875534 5.150855632802743e-20
307120.44676464604 5.112166161097309e-20
307750.53733230167 5.073397313787059e-20
308381.92059840064 5.0345489280244955e-20
309014.5992150513 4.995620840628028e-20
309648.5758398069 4.956612888081036e-20
310283.85313566786 4.9175249065317465e-20
310920.4337711032 4.878356731791915e-20
311558.3204200514 4.839108199336758e-20
312197.51576194196 4.7997791443036374e-20
312838.0224816976 4.760369401491924e-20
313479.8432697496 4.7208788053620493e-20
314122.98082205263 4.6813071900345966e-20
314767.43784008746 4.64165438929014e-20
315413.217030882 4.601920236567929e-20
316060.3211070133 4.5621045649657986e-20
316708.75278662844 4.5614782412574885e-20
317358.51479344704 4.537237965309079e-20
318009.609856777 4.5129479578322775e-20
318662.04071152944 4.4886081167974187e-20
319315.8100982212 4.464218339965706e-20
319970.9207629969 4.4397785248883924e-20
320627.37545763125 4.4152885689066977e-20
321285.17693954444 4.3907483691512193e-20
321944.3279718178 4.366157822541363e-20
322604.8313231962 4.3415168257852524e-20
323266.68976811 4.316825275378897e-20
323929.90608667646 4.292083067606154e-20
324594.48306472175 4.267290098537901e-20
325260.4234937837 4.242446264031939e-20
325927.73017112695 4.217551459732412e-20
326596.40589975927 4.192605581069215e-20
327266.4534884336 4.167608523257909e-20
327937.875751671 4.142560181298878e-20
328610.67550976085 4.1174604499772895e-20
329284.8555887848 4.092309223862243e-20
329960.4188206178 4.067106397306696e-20
330637.36804294516 4.041851864446855e-20
331315.7060992778 4.0165455192015856e-20
331995.43583895505 3.991187255272315e-20
332676.5601171675 3.965776966142191e-20
333359.0817949578 3.940314545076029e-20
334043.0037392441 3.914799885119464e-20
334728.32882282196 3.8892328790988524e-20
335415.05992438085 3.8636134196206806e-20
336103.19992852054 3.8379413990709424e-20
336792.751725753 3.8122167096150636e-20
337483.7182125262 3.786439243197022e-20
338176.1022912262 3.760608891539266e-20
338869.90687019355 3.734725546142103e-20
339565.1348637399 3.7087890982830826e-20
340261.7891921503 3.682799439016907e-20
340959.87278170657 3.6567564591745573e-20
341659.3885646887 3.6306600493632514e-20
342360.339479398 3.6045100999655684e-20
343062.7284701598 3.578306501139352e-20
343766.5584873402 3.552049142817089e-20
344471.8324873624 3.525737914705301e-20
345178.5534327094 3.499372706284436e-20
345886.72429194767 3.472953406807988e-20
346596.3480397284 3.4464799053024555e-20
347307.42765681125 3.4199520905664516e-20
348019.96613006695 3.3933698511706044e-20
348733.96645249415 3.366733075456937e-20
349449.4316232362 3.340041651538232e-20
350166.36464758386 3.313295467297935e-20
350884.76853699924 3.2864944103892606e-20
351604.6463091184 3.259638368235093e-20
352326.00098776864 3.2327272280273545e-20
353048.83560298505 3.20576087672636e-20
353773.15319101355 3.178739201060735e-20
354498.95679433487 3.151662087526502e-20
355226.2494616661 3.1569954726388977e-20
355955.0342479848 3.1395860845005584e-20
356685.3142145318 3.122140979133457e-20
357417.0924288284 3.1046600832599e-20
358150.3719646937 3.0871433234517504e-20
358885.15590224694 3.0695906261303646e-20
359621.44732793287 3.05200191756601e-20
360359.24933452206 3.034377123877821e-20
361098.5650211365 3.016716171033225e-20
361839.3974932518 2.9990189848478646e-20
362581.7498627146 2.98128549098519e-20
363325.6252477607 2.963515614956027e-20
364071.0267730169 2.945709282118529e-20
364817.95756952674 2.927866417677569e-20
365566.42077475134 2.909986946684713e-20
366316.4195325948 2.892070794037615e-20
367067.95699340646 2.874117884479964e-20
367821.0363139994 2.856128142601043e-20
368575.6606576673 2.838101492835321e-20
369331.83319418796 2.8200378594623767e-20
370089.55709984817 2.8019371666062997e-20
370848.83555744676 2.7837993382356174e-20
371609.6717563124 2.765624298162869e-20
372372.06889232167 2.7474119700441825e-20
373136.03016790166 2.7291622773792e-20
373901.55879205547 2.710875143510471e-20
374668.65798036405 2.6925504916234202e-20
375437.3309550115 2.6741882447457315e-20
376207.5809447877 2.6557883257472816e-20
376979.4111851072 2.6373506573397082e-20
377752.82491802657 2.61887516207597e-20
378527.8253922478 2.6003617623502887e-20
379304.41586314415 2.5818103803975143e-20
380082.5995927613 2.5632209382931045e-20
380862.3798498438 2.544593357952498e-20
381643.75990983756 2.5259275611310478e-20
382426.74305490835 2.5072234694235766e-20
383211.33257396054 2.4884810042639403e-20
383997.5317626395 2.4697000869249556e-20
384785.34392335865 2.4508806385177767e-20
385574.77236530156 2.4320225799918146e-20
386365.82040444127 2.4131258321343047e-20
387158.4913635582 2.3941903155698556e-20
387952.7885722439 2.375215950760377e-20
388748.7153669271 2.3562026580044486e-20
389546.27509087534 2.337150357437285e-20
390345.4710942213 2.3180589690300974e-20
391146.30673396634 2.2989284125900245e-20
391948.78537399904 2.2797586077596785e-20
392752.9103851139 2.2605494740166986e-20
393558.68514501484 2.2413009306736737e-20
394366.11303834186 2.2220128968775016e-20
395175.1974566723 2.202685291609356e-20
395985.94179854845 2.183318033684038e-20
396798.3494694798 2.1639110417499005e-20
397612.4238819631 2.1444642342883974e-20
398428.1684555008 2.1733052838685925e-20
399245.58661660424 2.161988406114455e-20
400064.6817988212 2.1506483105706518e-20
400885.4574427374 2.1392849496034402e-20
401707.91699600365 2.127898275481261e-20
402532.06391333905 2.1164882403746948e-20
403357.9016565506 2.1050547963561994e-20
404185.43369455234 2.093597895399832e-20
405014.6635033687 2.082117489381212e-20
405845.5945661619 2.070613530077136e-20
406678.23037323565 2.059085969165532e-20
407512.57442205405 2.0475347582251924e-20
408348.63021726185 2.0359598487354982e-20
409186.40127068723 2.024361192076376e-20
410025.89110136975 2.0127387395279136e-20
410867.1032355623 2.0010924422703354e-20
411710.0412067587 1.9894222513836135e-20
412554.7085556971 1.9777281178474272e-20
413401.1088303801 1.9660099925408826e-20
414249.245586094 1.9542678262422417e-20
415099.1223854129 1.9425015696288748e-20
415950.7427982264 1.930711173276868e-20
416804.11040174135 1.9188965876610018e-20
417659.2287805105 1.9070577631543592e-20
418516.1015264354 1.895194650028276e-20
419374.7322387871 1.8833071984520668e-20
420235.12452422566 1.87139535849274e-20
421097.2819968042 1.8594590801149564e-20
421961.20827799675 1.84749831318063e-20
422826.9069967027 1.8355130074488817e-20
423694.3817892659 1.8235031125757587e-20
424563.6362994961 1.8114685781139495e-20
425434.67417867173 1.7994093535127402e-20
426307.49908556906 1.7873253881176118e-20
427182.1146864639 1.775216631170217e-20
428058.52465516055 1.7630830318079767e-20
428936.73267299565 1.7509245390640352e-20
429816.7424288582 1.7387411018669697e-20
430698.5576192105 1.72653266904051e-20
431582.18194809207 1.7142991893034863e-20
432467.6191271482 1.702040611269425e-20
433354.87287563196 1.6897568834465225e-20
434243.9469204342 1.6774479542372404e-20
435134.84499608655 1.6651137719382515e-20
436027.5708447823 1.6527542847401577e-20
436922.1282163976 1.6403694407271893e-20
437818.5208684947 1.627959187877172e-20
438716.75256635225 1.6155234740610963e-20
439616.8270829682 1.6030622470430826e-20
440518.7481990812 1.5905754544800836e-20
441422.51970319217 1.5780630439215885e-20
442328.14539156697 1.56552496280958e-20
443235.6290682673 1.5529611584781105e-20
444144.9745451521 1.5403715781532855e-20
445056.18564190785 1.527756168952836e-20
445969.26618605235 1.5151148778860763e-20
446884.2200129556 1.5507999661101893e-20
447801.0509658622 1.545015304769901e-20
448719.7628958937 1.5392187755758692e-20
449640.3596620804 1.533410354179894e-20
450562.84513136244 1.5275900161838692e-20
451487.2231786206 1.5217577371395882e-20
452413.49768667994 1.5159134925487192e-20
453341.6725463314 1.5100572578626715e-20
454271.75165635423 1.504189008482454e-20
455203.7389235187 1.4983087197586543e-20
456137.6382626176 1.4924163669912443e-20
457073.4535964682 1.486511925429566e-20
458011.1888559432 1.4805953702721363e-20
458950.8479799741 1.4746666766666264e-20
459892.4349155739 1.4687258197097176e-20
460835.9536178586 1.4627727744469652e-20
461781.40805005125 1.456807515872775e-20
462728.8021835133 1.4508300189302032e-20
463678.13999774825 1.4448402585109363e-20
464629.425480424 1.4388382094551467e-20
465582.6626273953 1.4328238465513524e-20
466537.85544270696 1.426797144536398e-20
467495.00793862663 1.4207580780952466e-20
468454.1241356455 1.4147066218609757e-20
469415.20806251094 1.4086427504145697e-20
470378.2637562301 1.402566438284901e-20
471343.2952620926 1.3964776599485834e-20
472310.3066336929 1.3903763898298322e-20
473279.30193293415 1.3842626023004385e-20
474250.2852300609 1.3781362716795667e-20
475223.2606036603 1.371997372233742e-20
476198.232140695 1.3658458781766464e-20
477175.2039365067 1.359681763669095e-20
478154.18009483896 1.3535050028188909e-20
479135.16472786065 1.3473155696806798e-20
480118.1619561692 1.3411134382559281e-20
481103.1759088239 1.3348985824927119e-20
482090.21072334936 1.3286709762856974e-20
483079.2705457586 1.322430593475993e-20
484070.3595305766 1.3161774078510019e-20
485063.4818408441 1.3099113931443985e-20
486058.6416481503 1.3036325230359199e-20
487055.8431326353 1.2973407711513535e-20
488055.09048302285 1.2910361110623291e-20
489056.3878966246 1.2847185162862904e-20
490059.7395793633 1.2783879602863524e-20
491065.1497457967 1.2720444164711464e-20
492072.6226191209 1.2656878581948013e-20
493082.16243120475 1.2593182587567268e-20
494093.7734225908 1.2529355914016048e-20
495107.45984252985 1.2465398293191764e-20
496123.22594898444 1.2401309456442144e-20
497141.07600865257 1.2337089134563761e-20
498161.01429699216 1.22727370578005e-20
499183.04509822436 1.2208252955843331e-20
500207.1727053681 1.2143636557828133e-20
501233.40142024175 1.1068828450710609e-20
502261.7355534975 1.1040254828716514e-20
503292.1794246251 1.1011622584869355e-20
504324.73736197624 1.0982931598900171e-20
505359.41370278894 1.0954181750293069e-20
506396.2127931909 1.0925372918285153e-20
507435.1389882353 1.0896504981865524e-20
508476.1966519034 1.0867577819775193e-20
509519.39015712985 1.0838591310506393e-20
510564.72388582706 1.0809545332301911e-20
511612.20222888916 1.0780439763154949e-20
512661.8295862269 1.0751274480808172e-20
513713.6103667694 1.0722049362753666e-20
514767.5489884999 1.0692764286231928e-20
515823.6498784594 1.0663419128231788e-20
516881.9174727707 1.06340137654897e-20
517942.35621666495 1.0604548074489055e-20
519004.9705644843 1.0575021931460075e-20
520069.764979718 1.054543521237881e-20
521136.7439350041 1.051578779296711e-20
522205.91191216523 1.048607954869161e-20
523277.2734022128 1.0456310354763628e-20
524350.8329053719 1.0426480086138476e-20
525426.5949311064 1.0396588617514724e-20
526504.5639981237 1.0366635823334137e-20
527584.7446344104 1.0336621577780627e-20
528667.1413772358 1.0306545754780162e-20
529751.7587731783 1.0276408228000064e-20
530838.6013781507 1.0246208870848282e-20
531927.6737574036 1.021594755647329e-20
533018.9804855629 1.0185624157763075e-20
534112.5261466308 1.0155238547345084e-20
535208.3153340229 1.0124790597585182e-20
536306.352650572 1.0094280180587595e-20
537406.6427085543 1.0063707168194131e-20
538509.1901297151 1.0033071431983493e-20
539613.999545273 1.0002372843271164e-20
540721.0755959565 9.971611273108362e-21
541830.4229320069 9.940786592282003e-21
542942.046213214 9.909898671313662e-21
544055.9501089216 9.878947380459464e-21
545172.1392980529 9.847932589709346e-21
546290.618469137 9.816854168786321e-21
547411.3923203137 9.785711987146396e-21
548534.4655593695 9.754505913977485e-21
549659.8429037414 9.723235818199381e-21
550787.5290805531 9.691901568462704e-21
551917.5288266198 9.660503033148785e-21
553049.8468884755 9.629040080368921e-21
554184.488022398 9.597512577963638e-21
555321.4569944144 9.565920393502581e-21
556460.7585803395 9.534263394283437e-21
557602.3975657785 9.50254144733184e-21
558746.3787461553 9.470754419400598e-21
559892.7069267387 9.438902176968981e-21
561041.386922647 9.406984586242558e-21
562192.4235588866 9.375001513152165e-21
563345.8216703535 8.901846480481093e-21
564501.5861018721 8.893978198463432e-21
565659.7217081999 8.886093773820507e-21
566820.2333540542 8.878193173434003e-21
567983.1259141397 8.870276364117622e-21
569148.404273153 8.862343312617025e-21
570316.0733258213 8.854393985609603e-21
571486.1379769049 8.846428349704433e-21
572658.6031412354 8.838446371442036e-21
573833.4737437213 8.83044801729432e-21
575010.7547193748 8.822433253664419e-21
576190.4510133401 8.814402046886485e-21
577372.5675808972 8.806354363225664e-21
578557.1093875018 8.798290168877835e-21
579744.0814087902 8.790209429969561e-21
580933.4886306057 8.782112112557926e-21
582125.3360490291 8.773998182630308e-21
583319.6286703802 8.765867606104383e-21
584516.3715112606 8.757720348827838e-21
585715.5695985539 8.749556376578348e-21
586917.2279694662 8.741375655063327e-21
588121.3516715313 8.733178149919873e-21
589327.9457626384 8.724963826714582e-21
590537.0153110604 8.716732650943365e-21
591748.5653954591 8.708484588031406e-21
592962.601104925 8.700219603332889e-21
594179.1275389802 8.691937662130989e-21
595398.1498076181 8.683638729637585e-21
596619.6730313092 8.67532277099323e-21
597843.7023410286 8.666989751266972e-21
599070.2428782859 8.658639635456128e-21
600299.2997951289 8.650272388486282e-21
601530.8782541855 8.641887975210994e-21
602764.9834286653 8.63348636041177e-21
604001.6205024013 8.625067508797811e-21
605240.7946698539 8.616631385005952e-21
606482.511136141 8.608177953600486e-21
607726.7751170663 8.59970717907295e-21
608973.591839125 8.591219025842103e-21
610222.9665395443 8.582713458253637e-21
611474.9044662889 8.574190440580141e-21
612729.4108780902 8.565649937020909e-21
613986.4910444764 8.557091911701737e-21
615246.1502457759 8.548516328674888e-21
616508.393773161 8.539923151918807e-21
617773.2269286489 8.531312345338102e-21
619040.6550251449 8.522683872763259e-21
620310.6833864464 8.514037697950611e-21
621583.3173472735 8.50537378458214e-21
622858.5622532979 8.496692096265255e-21
624136.4234611496 8.487992596532775e-21
625416.906338457 8.479275248842637e-21
626700.0162638519 8.470540016577873e-21
627985.7586270105 8.461786863046326e-21
629274.1388286587 8.453015751480607e-21
630565.162280603 8.444226645037904e-21
631858.8344057602 8.137495559033752e-21
633155.1606381625 8.112918090755962e-21
634454.1464230012 8.08829019916342e-21
635755.797216631 8.063611780807332e-21
637060.1184866008 8.038882732026673e-21
638367.1157116849 8.014102948947583e-21
639676.7943818872 7.989272327483307e-21
640989.1599984856 7.96439076333334e-21
642304.2180740334 7.939458151983392e-21
643621.9741324048 7.914474388704553e-21
644942.4337087987 7.889439368553198e-21
646265.6023497696 7.864352986370404e-21
647591.4856132597 7.839215136781343e-21
648920.0890686034 7.814025714195217e-21
650251.4182965714 7.78878461280437e-21
651585.4788893737 7.7634917265843e-21
652922.2764507036 7.738146949292763e-21
654261.8165957435 7.712750174469706e-21
655604.1049511955 7.687301295436665e-21
656949.1471553136 7.661800205296156e-21
658296.9488579086 7.636246796931588e-21
659647.5157203934 7.610640963006402e-21
661000.8534157848 7.584982595964042e-21
662356.9676287494 7.559271588027077e-21
663715.8640556085 7.533507831197099e-21
665077.5484043699 7.507691217254155e-21
666442.0263947599 7.481821637756096e-21
667809.303758229 7.4558989840385e-21
669179.386237997 7.429923147213808e-21
670552.279589058 7.40389401817122e-21
671927.9895782141 7.377811487576074e-21
673306.5219841058 7.351675445869257e-21
674687.882597219 7.325485783267079e-21
676072.0772199294 7.299242389760409e-21
677459.1116665066 7.272945155114638e-21
678848.9917631597 7.24659396886878e-21
680241.7233480428 7.22018872033539e-21
681637.312271287 7.193729298599935e-21
683035.7643950343 7.167215592520169e-21
684437.0855934425 7.140647490726033e-21
685841.2817527319 7.114024881618781e-21
687248.3587711876 7.087347653370909e-21
688658.3225592071 7.06061569392528e-21
690071.1790393053 7.033828890995025e-21
691486.9341461478 7.006987132062895e-21
692905.593826584 6.980090304380648e-21
694327.1640396531 6.95313829496894e-21
695751.6507566307 6.926130990616417e-21
697179.0599610349 6.899068277879629e-21
698609.3976486595 6.871950043082378e-21
700042.6698276079 6.844776172315092e-21
701478.8825182987 6.817546551434713e-21
702918.0417535126 6.79026106606379e-21
704360.1535783965 6.762919601590432e-21
705805.224050511 6.735522043167391e-21
707253.2592398357 6.7080682757119615e-21
708704.265228803 8.205915105769611e-21
710158.2481123334 8.188071611773764e-21
711615.2139978395 8.170191509934418e-21
713075.1690052764 8.152274725146583e-21
714538.1192671424 8.134321182151321e-21
716004.0709285296 8.116330805535158e-21
717473.0301471284 8.098303519729997e-21
718945.0030932621 8.08023924901271e-21
720419.9959499225 8.06213791750471e-21
721898.0149127743 8.043999449171878e-21
723379.0661902049 8.025823767823955e-21
724863.1560033305 8.007610797114488e-21
726350.2905860301 7.989360460540379e-21
727840.4761849815 7.971072681441476e-21
729333.7190596659 7.952747383000493e-21
730830.0254824188 7.934384488242395e-21
732329.401738432 7.915983920034375e-21
733831.8541258038 7.89754560108524e-21
735337.3889555451 7.87906945394532e-21
736846.0125516145 7.86055540100606e-21
738357.7312509534 7.842003364499567e-21
739872.5514034925 7.823413266498556e-21
741390.4793722021 7.804785028915707e-21
742911.5215330946 7.786118573503643e-21
744435.6842752757 7.76741382185432e-21
745962.9740009498 7.748670695398924e-21
747493.3971254564 7.729889115407463e-21
749026.9600773054 7.7110690029883e-21
750563.6692981839 7.692210279088106e-21
752103.5312430063 7.673312864491196e-21
753646.5523799186 7.654376679819539e-21
755192.7391903482 7.635401645532083e-21
756742.0981690113 7.616387681924707e-21
758294.6358239487 7.597334709129777e-21
759850.3586765617 7.57824264711567e-21
761409.2732616196 7.559111415686737e-21
762971.3861273102 7.539940934482651e-21
764536.7038352463 7.52073112297831e-21
766105.2329605028 7.501481900483424e-21
767676.9800916534 7.482193186142039e-21
769251.9518307763 7.462864898932472e-21
770830.1547935074 7.44349695766665e-21
772411.5956090423 7.424089280990103e-21
773996.28092019 7.404641787381294e-21
775584.2173833787 7.385154395151547e-21
777175.4116686921 7.365627022444598e-21
778769.870459909 7.346059587236126e-21
780367.6004545069 7.32645200733369e-21
781968.6083637174 7.306804200376058e-21
783572.9009125277 7.28711608383319e-21
785180.4848397349 7.267387575005561e-21
786791.3668979518 7.24761859102411e-21
788405.5538536455 7.227809048849747e-21
790023.052487174 7.207958865272907e-21
791643.8695927935 7.18806795691347e-21
793268.0119787125 7.168136240220091e-21
794895.486467097 8.535849506716846e-21
796526.2998941097 8.42878295181242e-21
798160.4591099482 8.321496738376201e-21
799797.9709788512 8.213990415755537e-21
801438.8423791525 8.106263532372399e-21
803083.0802032851 7.998315635723121e-21
804730.6913578353 7.890146272374842e-21
806381.6827635497 7.78175498796505e-21
808036.0613553728 7.673141327199096e-21
809693.8340824872 7.564304833847582e-21
811355.0079083191 7.455245050745945e-21
813019.5898105947 7.345961519790877e-21
814687.5867813415 7.236453781940079e-21
816359.0058269462 7.126721377208571e-21
818033.8539681592 7.016763844668368e-21
819712.138240135 6.906580722445814e-21
821393.8656924714 6.796171547719021e-21
823079.0433892158 6.68553585671745e-21
824767.6784089218 6.5746731847181985e-21
826459.7778446521 6.46358306604582e-21
828155.3488040344 6.3522650340686184e-21
829854.3984092692 6.240718621198194e-21
831556.9337971681 6.1289433588868485e-21
833262.9621191955 6.016938777624942e-21
834972.4905414741 5.904704406940478e-21
836685.5262448419 5.7922397753953324e-21
838402.0764248591 5.679544410584855e-21
840122.1482918487 5.566617839135215e-21
841845.7490709363 5.453459586700708e-21
843572.8860020571 5.340069177963385e-21
845303.5663400134 5.226446136629204e-21
847037.7973544778 5.1125899854278806e-21
848775.5863300515 4.998500246109034e-21
850516.9405662699 4.8841764394418e-21
852261.8673776448 4.769618085212108e-21
854010.3740937044 4.654824702219997e-21
855762.4680590006 4.539795808279189e-21
857518.1566331673 4.4245309202132276e-21
859277.4471909236 4.30902955385529e-21
861040.3471221323 4.193291224044319e-21
862806.8638318073 4.077315444624568e-21
864577.004740154 3.96110172844292e-21
866350.7772826125 3.8446495873460915e-21
868128.1889098629 3.7279585321802406e-21
869909.2470878853 3.6110280727870336e-21
871693.9592979666 3.493857718003238e-21
873482.3330367422 3.37644697565794e-21
875274.3758162385 3.2587953525697796e-21
877070.0951638793 3.1409023545465147e-21
878869.4986225461 3.022767486381094e-21
880672.5937505809 2.9043902518514173e-21
882479.3881218468 2.7857701537164035e-21
884289.8893257349 2.6669066937155316e-21
886104.1049672068 2.5477993725660377e-21
887922.0426668371 2.4284476899601203e-21
889743.7100608204 2.308851144564499e-21
891569.1148010326 5.723593726601413e-21
893398.2645550332 5.628555420049029e-21
895231.1670061273 5.5333221322076606e-21
897067.8298533723 5.437893463052458e-21
898908.2608116207 5.342269011737868e-21
900752.4676115646 5.246448376595384e-21
902600.4579997407 5.1504311551332116e-21
904452.239738594 5.054216944033029e-21
906307.8206064802 4.957805339149821e-21
908167.2083977278 4.8611959355086756e-21
910030.4109226448 4.764388327304395e-21
911897.4360075634 4.6673821078992304e-21
913768.291494883 4.570176869820595e-21
915642.9852430781 4.472772204760707e-21
917521.5251267604 4.3751677035733094e-21
919403.9190366858 4.277362956273329e-21
921290.1748797995 4.1793575520345634e-21
923180.3005792791 4.0811510791873795e-21
925074.3040745433 3.9827431252183195e-21
926972.1933213137 3.884133276766843e-21
928873.9762916194 3.785321119625145e-21
930779.6609738594 3.686306238734829e-21
932689.2553728111 3.5870882181865546e-21
934602.7675096742 3.487666641217713e-21
936520.2054221163 3.388041090210047e-21
938441.5771642798 3.288211146689324e-21
940366.8908068462 3.18817639132196e-21
942296.1544370399 3.0879364039148635e-21
944229.376158692 2.987490763412074e-21
946166.5640922484 2.8868390478943823e-21
948107.7263748148 2.785980834576975e-21
950052.8711602024 2.6849156998070478e-21
952002.0066189357 2.5836432190634263e-21
953955.1409383173 2.4821629669531786e-21
955912.282322435 2.380474517211253e-21
957873.4389922086 2.2785774426980575e-21
959838.6191854354 2.1764713153970633e-21
961807.8311567977 2.0741557064144453e-21
963781.0831779295 1.9716301859756333e-21
965758.3835374183 1.8688943234251545e-21
967739.740540873 1.7659476872231702e-21
969725.1625109302 1.6627898449451156e-21
971714.6577873012 1.559420363279255e-21
973708.2347268193 1.455838808024251e-21
975705.9017034466 1.3520447440887815e-21
977707.6671083412 1.2480377354880657e-21
979713.539349861 1.1438173453436655e-21
981723.5268536297 1.0393831358800351e-21
983737.6380625461 9.34734668424083e-22
985755.8814368298 8.298715034027482e-22
987778.2654540697 7.2479320034051095e-22
989804.7986092312 6.19499317858996e-22
991835.4894147245 5.139894136734704e-22
993870.3464004073 4.0826304459263644e-22
995909.3781136539 3.0231976651509024e-22
997952.5931193614 1.9615913442896335e-22
1000000.0 8.495712914301669e-23
1895735.6524063754 1e-300
3593813.6638046256 1e-300
6812920.690579608 1e-300
12915496.650148828 1e-300
24484367.468222294 1e-300
46415888.33612782 1e-300
87992254.35691075 1e-300
166810053.72000557 1e-300
316227766.01683795 1e-300
