10644.401677 4.19931887281e-19
70743.3106917 3.75748986949e-20
130842.219706 1.53640029516e-20
190941.128721 8.6083113364e-21
251040.037736 5.6207797935e-21
311138.94675 3.97258234484e-21
371237.855765 2.96504371218e-21
431336.76478 2.30705858205e-21
491435.673794 1.85410797257e-21
551534.582809 1.52143351642e-21
611633.491824 1.26955666711e-21
671732.400838 1.07263979185e-21
731831.309853 9.2740002671e-22
791930.218868 8.06742826122e-22
852029.127882 7.03097277235e-22
912128.036897 6.24826791783e-22
972226.945912 5.54776373265e-22
1032325.85493 4.9748891719e-22
1092424.76394 4.4742531917e-22
1152523.67296 4.05651611597e-22
1212622.58197 3.67320503087e-22
1272721.49099 3.36851951134e-22
1332820.4 3.06383399181e-22
1392919.30901 2.83227769532e-22
1453018.21803 2.61072265642e-22
1513117.12704 2.39889822852e-22
1573216.03606 2.23854392473e-22
1633314.94507 2.07818962093e-22
1693413.85409 1.9225371864e-22
1753512.7631 1.80640550954e-22
1813611.67212 1.69027383268e-22
1873710.58113 1.57414215582e-22
1933809.49015 1.48002164275e-22
1993908.39916 1.39620381822e-22
2054007.30818 1.31238599368e-22
2114106.21719 1.22856816914e-22
2174205.12621 1.16459453779e-22
2234304.03522 1.10445483696e-22
2294402.94423 1.04431513613e-22
2354501.85325 9.84175435299e-23
2414600.76226 9.33051344567e-23
2474699.67128 8.90049401058e-23
2534798.58029 8.47047457549e-23
2594897.48931 8.04045514041e-23
2654996.39832 7.61043570532e-23
2715095.30734 7.2651441292e-23
2775194.21635 6.9582922035e-23
2835293.12537 6.65144027781e-23
2895392.03438 6.34458835211e-23
2955490.9434 6.03773642642e-23
3015589.85241 5.75392303381e-23
3075688.76143 5.53588469449e-23
3135787.67044 5.31784635517e-23
3195886.57945 5.09980801585e-23
3255985.48847 4.88176967653e-23
3316084.39748 4.66373133721e-23
3376183.3065 4.45644710278e-23
3436282.21551 4.30222329457e-23
3496381.12453 4.14799948636e-23
3556480.03354 3.99377567815e-23
3616578.94256 3.83955186994e-23
3676677.85157 3.68532806173e-23
3736776.76059 3.53110425352e-23
3796875.6696 3.39213275079e-23
3856974.57862 3.28351455068e-23
3917073.48763 3.17489635056e-23
3977172.39665 3.06627815044e-23
4037271.30566 2.95765995032e-23
4097370.21467 2.8490417502e-23
4157469.12369 2.74042355009e-23
4217568.0327 2.63180534997e-23
4277666.94172 2.54514981357e-23
4337765.85073 2.46948517574e-23
4397864.75975 2.39382053791e-23
4457963.66876 2.31815590007e-23
4518062.57778 2.24249126224e-23
4578161.48679 2.16682662441e-23
4638260.39581 2.09116198658e-23
4698359.30482 2.01549734875e-23
4758458.21384 1.94130375277e-23
4818557.12285 1.88903591733e-23
4878656.03187 1.8367680819e-23
4938754.94088 1.78450024647e-23
4998853.8499 1.73223241104e-23
5058952.75891 1.67996457561e-23
5119051.66792 1.62769674018e-23
5179150.57694 1.57542890474e-23
5239249.48595 1.52316106931e-23
5299348.39497 1.47089323388e-23
5359447.30398 1.42531007808e-23
5419546.213 1.38936719478e-23
5479645.12201 1.35342431148e-23
5539744.03103 1.31748142819e-23
5599842.94004 1.28153854489e-23
5659941.84906 1.24559566159e-23
5720040.75807 1.20965277829e-23
5780139.66709 1.17370989499e-23
5840238.5761 1.1377670117e-23
5900337.48512 1.1018241284e-23
5960436.39413 1.0658812451e-23
6020535.30314 1.0366697896e-23
6080634.21216 1.01236922517e-23
6140733.12117 9.88068660747e-24
6200832.03019 9.63768096321e-24
6260930.9392 9.39467531894e-24
6321029.84822 9.15166967467e-24
6381128.75723 8.9086640304e-24
6441227.66625 8.66565838613e-24
6501326.57526 8.42265274186e-24
6561425.48428 8.1796470976e-24
6621524.39329 7.93664145333e-24
6681623.30231 7.69363580906e-24
6741722.21132 7.48484711944e-24
6801821.12034 7.32229916476e-24
6861920.02935 7.15975121008e-24
6922018.93836 6.9972032554e-24
6982117.84738 6.83465530072e-24
7042216.75639 6.67210734604e-24
7102315.66541 6.50955939137e-24
7162414.57442 6.34701143669e-24
7222513.48344 6.18446348201e-24
7282612.39245 6.02191552733e-24
7342711.30147 5.85936757265e-24
7402810.21048 5.69681961797e-24
7462909.1195 5.5342716633e-24
7523008.02851 5.37172370862e-24
7583106.93753 5.25220587455e-24
7643205.84654 5.14416143448e-24
7703304.75556 5.03611699441e-24
7763403.66457 4.92807255434e-24
7823502.57358 4.82002811427e-24
7883601.4826 4.7119836742e-24
7943700.39161 4.60393923414e-24
8003799.30063 4.49589479407e-24
8063898.20964 4.387850354e-24
8123997.11866 4.27980591393e-24
8184096.02767 4.17176147386e-24
8244194.93669 4.06371703379e-24
8304293.8457 3.95567259372e-24
8364392.75472 3.84762815365e-24
8424491.66373 3.73958371358e-24
8484590.57275 3.65010538015e-24
8544689.48176 3.57995955874e-24
8604788.39078 3.50981373733e-24
8664887.29979 3.43966791592e-24
8724986.2088 3.36952209451e-24
8785085.11782 3.2993762731e-24
8845184.02683 3.22923045169e-24
8905282.93585 3.15908463028e-24
8965381.84486 3.08893880887e-24
9025480.75388 3.01879298746e-24
9085579.66289 2.94864716605e-24
9145678.57191 2.87850134464e-24
9205777.48092 2.80835552323e-24
9265876.38994 2.73820970182e-24
9325975.29895 2.66806388041e-24
9386074.20797 2.597918059e-24
9446173.11698 2.52777223759e-24
9506272.026 2.46592546973e-24
9566370.93501 2.42143749578e-24
9626469.84403 2.37694952183e-24
9686568.75304 2.33246154788e-24
9746667.66205 2.28797357393e-24
9806766.57107 2.24348559997e-24
9866865.48008 2.19899762602e-24
9926964.3891 2.15450965207e-24
9987063.29811 2.11002167812e-24
10047162.2071 2.06553370417e-24
10107261.1161 2.02104573022e-24
10167360.0252 1.97655775627e-24
10227458.9342 1.93206978232e-24
10287557.8432 1.88758180837e-24
10347656.7522 1.84309383442e-24
10407755.6612 1.79860586047e-24
10467854.5702 1.75411788652e-24
10527953.4792 1.70962991257e-24
10588052.3883 1.66514193862e-24
10648151.2973 1.62171402716e-24
10708250.2063 1.5942167335e-24
10768349.1153 1.56671943984e-24
10828448.0243 1.53922214617e-24
10888546.9333 1.51172485251e-24
10948645.8423 1.48422755885e-24
11008744.7514 1.45673026519e-24
11068843.6604 1.42923297152e-24
11128942.5694 1.40173567786e-24
11189041.4784 1.3742383842e-24
11249140.3874 1.34674109053e-24
11309239.2964 1.31924379687e-24
11369338.2055 1.29174650321e-24
11429437.1145 1.26424920954e-24
11489536.0235 1.23675191588e-24
11549634.9325 1.20925462222e-24
11609733.8415 1.18175732856e-24
11669832.7505 1.15426003489e-24
11729931.6595 1.12676274123e-24
11790030.5686 1.09926544757e-24
11850129.4776 1.0717681539e-24
11910228.3866 1.04427086024e-24
11970327.2956 1.02174320147e-24
12030426.2046 1.00526197684e-24
12090525.1136 9.88780752211e-25
12150624.0226 9.72299527581e-25
12210722.9317 9.5581830295e-25
12270821.8407 9.39337078319e-25
12330920.7497 9.22855853689e-25
12391019.6587 9.06374629058e-25
12451118.5677 8.89893404428e-25
12511217.4767 8.73412179797e-25
12571316.3857 8.56930955166e-25
12631415.2948 8.40449730536e-25
12691514.2038 8.23968505905e-25
12751613.1128 8.07487281275e-25
12811712.0218 7.91006056644e-25
12871810.9308 7.74524832013e-25
12931909.8398 7.58043607383e-25
12992008.7488 7.41562382752e-25
13052107.6579 7.25081158122e-25
13112206.5669 7.08599933491e-25
13172305.4759 6.9211870886e-25
13232404.3849 6.7563748423e-25
13292503.2939 6.59156259599e-25
13352602.2029 6.42675034969e-25
13412701.1119 6.27599945279e-25
13472800.021 6.18049317553e-25
13532898.93 6.08498689827e-25
13592997.839 5.98948062101e-25
13653096.748 5.89397434375e-25
13713195.657 5.79846806649e-25
13773294.566 5.70296178923e-25
13833393.4751 5.60745551197e-25
13893492.3841 5.51194923471e-25
13953591.2931 5.41644295745e-25
14013690.2021 5.32093668019e-25
14073789.1111 5.22543040293e-25
14133888.0201 5.12992412567e-25
14193986.9291 5.03441784841e-25
14254085.8382 4.93891157115e-25
14314184.7472 4.84340529389e-25
14374283.6562 4.74789901663e-25
14434382.5652 4.65239273937e-25
14494481.4742 4.55688646211e-25
14554580.3832 4.46138018485e-25
14614679.2922 4.36587390759e-25
14674778.2013 4.27036763033e-25
14734877.1103 4.17486135308e-25
14794976.0193 4.07935507582e-25
14855074.9283 3.98384879856e-25
14915173.8373 3.8883425213e-25
14975272.7463 3.79283624404e-25
15035371.6553 3.69732996678e-25
15095470.5644 3.64391487813e-25
15155569.4734 3.59067233094e-25
15215668.3824 3.53742978375e-25
15275767.2914 3.48418723656e-25
15335866.2004 3.43094468937e-25
15395965.1094 3.37770214217e-25
15456064.0184 3.32445959498e-25
15516162.9275 3.27121704779e-25
15576261.8365 3.2179745006e-25
15636360.7455 3.16473195341e-25
15696459.6545 3.11148940622e-25
15756558.5635 3.05824685902e-25
15816657.4725 3.00500431183e-25
15876756.3816 2.95176176464e-25
15936855.2906 2.89851921745e-25
15996954.1996 2.84527667026e-25
16057053.1086 2.79203412307e-25
16117152.0176 2.73879157587e-25
16177250.9266 2.68554902868e-25
16237349.8356 2.63230648149e-25
16297448.7447 2.5790639343e-25
16357547.6537 2.52582138711e-25
16417646.5627 2.47257883992e-25
16477745.4717 2.41933629272e-25
16537844.3807 2.36609374553e-25
16597943.2897 2.31285119834e-25
16658042.1987 2.25960865115e-25
16718141.1078 2.20636610396e-25
16778240.0168 2.15312355676e-25
16838338.9258 2.09988100957e-25
16898437.8348 2.05854081199e-25
16958536.7438 2.03066588731e-25
17018635.6528 2.00279096264e-25
17078734.5618 1.97491603796e-25
17138833.4709 1.94704111328e-25
17198932.3799 1.91916618861e-25
17259031.2889 1.89129126393e-25
17319130.1979 1.86341633926e-25
17379229.1069 1.83554141458e-25
17439328.0159 1.8076664899e-25
17499426.9249 1.77979156523e-25
17559525.834 1.75191664055e-25
17619624.743 1.72404171588e-25
17679723.652 1.6961667912e-25
17739822.561 1.66829186652e-25
17799921.47 1.64041694185e-25
17860020.379 1.61254201717e-25
17920119.2881 1.5846670925e-25
17980218.1971 1.55679216782e-25
18040317.1061 1.52891724314e-25
18100416.0151 1.50104231847e-25
18160514.9241 1.47316739379e-25
18220613.8331 1.44529246912e-25
18280712.7421 1.41741754444e-25
18340811.6512 1.38954261976e-25
18400910.5602 1.36166769509e-25
18461009.4692 1.33379277041e-25
18521108.3782 1.30591784574e-25
18581207.2872 1.27804292106e-25
18641306.1962 1.25016799638e-25
18701405.1052 1.22229307171e-25
18761504.0143 1.19441814703e-25
18821602.9233 1.16654322236e-25
18881701.8323 1.13866829768e-25
18941800.7413 1.11385413035e-25
19001899.6503 1.10004208454e-25
19061998.5593 1.08623003872e-25
19122097.4683 1.0724179929e-25
19182196.3774 1.05860594708e-25
19242295.2864 1.04479390126e-25
19302394.1954 1.03098185544e-25
19362493.1044 1.01716980963e-25
19422592.0134 1.00335776381e-25
19482690.9224 9.8954571799e-26
19542789.8314 9.75733672172e-26
19602888.7405 9.61921626354e-26
19662987.6495 9.48109580535e-26
19723086.5585 9.34297534717e-26
19783185.4675 9.20485488899e-26
19843284.3765 9.06673443081e-26
19903383.2855 8.92861397263e-26
19963482.1945 8.79049351444e-26
20023581.1036 8.65237305626e-26
20083680.0126 8.51425259808e-26
20143778.9216 8.3761321399e-26
20203877.8306 8.23801168171e-26
20263976.7396 8.09989122353e-26
20324075.6486 7.96177076535e-26
20384174.5577 7.82365030717e-26
20444273.4667 7.68552984898e-26
20504372.3757 7.5474093908e-26
20564471.2847 7.40928893262e-26
20624570.1937 7.27116847444e-26
20684669.1027 7.13304801626e-26
20744768.0117 6.99492755807e-26
20804866.9208 6.85680709989e-26
20864965.8298 6.71868664171e-26
20925064.7388 6.58056618353e-26
20985163.6478 6.44244572534e-26
21045262.5568 6.30432526716e-26
21105361.4658 6.16620480898e-26
21165460.3748 6.0280843508e-26
21225559.2839 5.88996389261e-26
21285658.1929 5.81081755097e-26
21345757.1019 5.74765332517e-26
21405856.0109 5.68448909936e-26
21465954.9199 5.62132487356e-26
21526053.8289 5.55816064776e-26
21586152.7379 5.49499642195e-26
21646251.647 5.43183219615e-26
21706350.556 5.36866797035e-26
21766449.465 5.30550374454e-26
21826548.374 5.24233951874e-26
21886647.283 5.17917529294e-26
21946746.192 5.11601106713e-26
22006845.101 5.05284684133e-26
22066944.0101 4.98968261553e-26
22127042.9191 4.92651838972e-26
22187141.8281 4.86335416392e-26
22247240.7371 4.80018993812e-26
22307339.6461 4.73702571231e-26
22367438.5551 4.67386148651e-26
22427537.4642 4.61069726071e-26
22487636.3732 4.5475330349e-26
22547735.2822 4.4843688091e-26
22607834.1912 4.4212045833e-26
22667933.1002 4.35804035749e-26
22728032.0092 4.29487613169e-26
22788130.9182 4.23171190589e-26
22848229.8273 4.16854768008e-26
22908328.7363 4.10538345428e-26
22968427.6453 4.04221922848e-26
23028526.5543 3.97905500267e-26
23088625.4633 3.91589077687e-26
23148724.3723 3.85272655107e-26
23208823.2813 3.78956232526e-26
23268922.1904 3.72639809946e-26
23329021.0994 3.66323387366e-26
23389120.0084 3.60006964785e-26
23449218.9174 3.53690542205e-26
23509317.8264 3.47374119625e-26
23569416.7354 3.41057697044e-26
23629515.6444 3.34741274464e-26
23689614.5535 3.28424851884e-26
23749713.4625 3.22108429303e-26
23809812.3715 3.15792006723e-26
23869911.2805 3.1179940947e-26
23930010.1895 3.08968872837e-26
23990109.0985 3.06138336204e-26
24050208.0075 3.03307799571e-26
24110306.9166 3.00477262938e-26
24170405.8256 2.97646726305e-26
24230504.7346 2.94816189672e-26
24290603.6436 2.91985653039e-26
24350702.5526 2.89155116405e-26
24410801.4616 2.86324579772e-26
24470900.3706 2.83494043139e-26
24530999.2797 2.80663506506e-26
24591098.1887 2.77832969873e-26
24651197.0977 2.7500243324e-26
24711296.0067 2.72171896607e-26
24771394.9157 2.69341359974e-26
24831493.8247 2.66510823341e-26
24891592.7338 2.63680286708e-26
24951691.6428 2.60849750075e-26
25011790.5518 2.58019213442e-26
25071889.4608 2.55188676808e-26
25131988.3698 2.52358140175e-26
25192087.2788 2.49527603542e-26
25252186.1878 2.46697066909e-26
25312285.0969 2.43866530276e-26
25372384.0059 2.41035993643e-26
25432482.9149 2.3820545701e-26
25492581.8239 2.35374920377e-26
25552680.7329 2.32544383744e-26
25612779.6419 2.29713847111e-26
25672878.5509 2.26883310478e-26
25732977.46 2.24052773845e-26
25793076.369 2.21222237211e-26
25853175.278 2.18391700578e-26
25913274.187 2.15561163945e-26
25973373.096 2.12730627312e-26
26033472.005 2.09900090679e-26
26093570.914 2.07069554046e-26
26153669.8231 2.04239017413e-26
26213768.7321 2.0140848078e-26
26273867.6411 1.98577944147e-26
26333966.5501 1.95747407514e-26
26394065.4591 1.92916870881e-26
26454164.3681 1.90086334247e-26
26514263.2771 1.87255797614e-26
26574362.1862 1.84425260981e-26
26634461.0952 1.81594724348e-26
26694560.0042 1.78764187715e-26
26754658.9132 1.76423493516e-26
26814757.8222 1.75311443397e-26
26874856.7312 1.74199393279e-26
26934955.6403 1.73087343161e-26
26995054.5493 1.71975293042e-26
27055153.4583 1.70863242924e-26
27115252.3673 1.69751192806e-26
27175351.2763 1.68639142688e-26
27235450.1853 1.67527092569e-26
27295549.0943 1.66415042451e-26
27355648.0034 1.65302992333e-26
27415746.9124 1.64190942214e-26
27475845.8214 1.63078892096e-26
27535944.7304 1.61966841978e-26
27596043.6394 1.60854791859e-26
27656142.5484 1.59742741741e-26
27716241.4574 1.58630691623e-26
27776340.3665 1.57518641504e-26
27836439.2755 1.56406591386e-26
27896538.1845 1.55294541268e-26
27956637.0935 1.5418249115e-26
28016736.0025 1.53070441031e-26
28076834.9115 1.51958390913e-26
28136933.8205 1.50846340795e-26
28197032.7296 1.49734290676e-26
28257131.6386 1.48622240558e-26
28317230.5476 1.4751019044e-26
28377329.4566 1.46398140321e-26
28437428.3656 1.45286090203e-26
28497527.2746 1.44174040085e-26
28557626.1836 1.43061989966e-26
28617725.0927 1.41949939848e-26
28677824.0017 1.4083788973e-26
28737922.9107 1.39725839612e-26
28798021.8197 1.38613789493e-26
28858120.7287 1.37501739375e-26
28918219.6377 1.36389689257e-26
28978318.5468 1.35277639138e-26
29038417.4558 1.3416558902e-26
29098516.3648 1.33053538902e-26
29158615.2738 1.31941488783e-26
29218714.1828 1.30829438665e-26
29278813.0918 1.29717388547e-26
29338912.0008 1.28605338428e-26
29399010.9099 1.2749328831e-26
29459109.8189 1.26381238192e-26
29519208.7279 1.25269188074e-26
29579307.6369 1.24157137955e-26
29639406.5459 1.23045087837e-26
29699505.4549 1.21933037719e-26
29759604.3639 1.208209876e-26
29819703.273 1.19708937482e-26
29879802.182 1.18596887364e-26
29939901.091 1.17484837245e-26
30000000.0 1.16372787127e-26
38973952.2417 1e-300
50632298.4447 1e-300
65778026.0491 1e-300
85454321.5265 1e-300
111016421.534 1e-300
144224957.031 1e-300
187367219.579 1e-300
243414702.252 1e-300
316227766.017 1e-300
