1000.0 8.542747940286619e-16
1122.0184543019632 7.867306926109143e-16
1258.9254117941675 7.225808547990517e-16
1412.537544622754 6.617762580420877e-16
1584.893192461114 6.039316831708815e-16
1778.2794100389228 5.494281152131165e-16
1995.2623149688789 4.983304733963761e-16
2238.72113856834 4.505284257587845e-16
2511.8864315095793 4.058998369915503e-16
2818.382931264455 3.6440273713795437e-16
3162.2776601683795 3.256954765917191e-16
3548.1338923357534 2.9000890552452254e-16
3981.0717055349737 2.5720913199902023e-16
4466.83592150963 2.2721155689137193e-16
5011.872336272725 1.999112290028999e-16
5623.413251903491 1.7515117109164833e-16
6309.573444801931 1.526253792580937e-16
7079.45784384138 1.3241919688749439e-16
7943.282347242814 1.14374516880742e-16
8912.509381337459 9.835631259169865e-17
10000.0 8.421784652033483e-17
11220.184543019635 7.178938602885993e-17
12589.254117941675 6.085497163198743e-17
14125.375446227541 5.13769996190514e-17
15848.931924611135 4.3183552265419756e-17
17782.79410038923 3.613244908830795e-17
19952.623149688796 3.009481775137851e-17
22387.2113856834 2.4948340780107554e-17
25118.864315095794 2.0558627235901623e-17
28183.82931264454 1.6853191663428258e-17
31622.776601683792 1.3741192409822562e-17
35481.33892335755 1.1144250729317726e-17
39810.717055349734 8.989872369151687e-18
44668.3592150963 7.21003639056288e-18
50118.72336272722 5.740368738740421e-18
56234.13251903491 4.540642046606474e-18
63095.73444801933 3.567313980327964e-18
70794.57843841381 2.783221648373494e-18
79432.82347242814 2.156659679596499e-18
89125.09381337455 1.6605097664494187e-18
100000.0 1.2641392604412366e-18
112201.84543019635 9.53485293046113e-19
125892.54117941673 7.120003105365071e-19
141253.75446227545 5.261828238404501e-19
158489.31924611132 3.8467517092282007e-19
177827.9410038923 2.779291949354671e-19
199526.23149688798 1.9780432092668047e-19
223872.11385683395 1.391989933450465e-19
251188.643150958 9.679897414410448e-20
281838.2931264454 6.662231118077483e-20
316227.76601683797 4.5518018458408006e-20
354813.3892335755 3.098621472550867e-20
398107.1705534972 2.1326456055291515e-20
446683.59215096314 1.5052252766927407e-20
501187.23362727225 1.1070111283811202e-20
