50000.0 1.496716735376265e-20
56100.92271509815 1.3165194947608385e-20
62946.27058970838 1.1569532144306687e-20
70626.8772311377 1.0156819605119129e-20
79244.6596230557 8.902854419344933e-21
88913.97050194614 7.793162369268424e-21
99763.11574844395 6.811546910983781e-21
111936.05692841699 5.943828987481081e-21
125594.32157547897 5.1773657431492326e-21
140919.14656322275 4.50075535344534e-21
158113.88300841898 3.901934403477609e-21
177406.69461678766 3.374279647463835e-21
199053.58527674866 2.9101047959381393e-21
223341.7960754815 2.502951101411279e-21
250593.61681363624 2.146809085369481e-21
281170.66259517457 1.835790864438239e-21
315478.6722400965 1.5631739551284785e-21
353972.89219206903 1.3265454322087299e-21
397164.1173621407 1.121736440394396e-21
445625.46906687296 9.45089271178816e-22
500000.0 7.932917057479093e-22
561009.2271509818 6.633013908577864e-22
629462.7058970837 5.519520113420031e-22
706268.772311377 4.575392072753028e-22
792446.5962305567 3.7778283289644646e-22
889139.7050194615 3.10652029583265e-22
997631.1574844399 2.5435744447884526e-22
1119360.56928417 2.073336325290338e-22
1255943.2157547898 1.6801725159094875e-22
1409191.4656322268 1.35477334077637e-22
1581138.8300841895 1.0867952823903518e-22
1774066.9461678776 8.671630783544871e-23
1990535.8527674866 6.880488435252287e-23
2233417.960754815 5.427660768118617e-23
2505936.168136361 4.2482875392045246e-23
2811706.6259517455 3.303883336742298e-23
3154786.7224009666 2.5519753550606238e-23
3539728.92192069 1.956921825044142e-23
3971641.173621407 1.4890918686411494e-23
4456254.690668727 1.123977967711945e-23
5000000.0 8.392668941401171e-24
5610092.271509818 6.207299451171564e-24
6294627.058970837 4.544462743271252e-24
7062687.723113772 3.290314170766247e-24
7924465.962305567 2.354034896517795e-24
8891397.050194615 1.6636750107353137e-24
9976311.574844398 1.1556462421979848e-24
11193605.692841697 7.901018896728723e-25
12559432.1575479 5.311456471648689e-25
14091914.656322269 3.509150597076914e-25
15811388.300841898 2.2771310421125293e-25
17740669.461678773 1.4495024216223028e-25
19905358.52767486 8.980421679925142e-26
22334179.60754816 5.443998522959727e-26
25059361.681363612 3.2406343101006583e-26
28117066.259517454 1.9047203581234764e-26
31547867.224009663 1.1044750919182444e-26
35397289.2192069 6.176381481769998e-27
39716411.73621407 3.356731771293754e-27
44562546.906687275 1.5456601197572318e-27
50000000.0 5.078755852066052e-28
61372432.53885792 1e-300
75331509.51473334 1e-300
92465559.71486612 1e-300
113496726.5153672 1e-300
139311403.8289119 1e-300
170997594.66766945 1e-300
209890766.86097074 1e-300
257630138.59408116 1e-300
316227766.01683795 1e-300
