500.0 1.51431155391e-16
561.009227151 1.36799624209e-16
629.462705897 1.23326852928e-16
706.268772311 1.10888950231e-16
792.446596231 9.94775834812e-17
889.139705019 8.90668887873e-17
997.631157484 7.95587523954e-17
1119.36056928 7.08693734464e-17
1255.94321575 6.29453398251e-17
1409.19146563 5.57694301183e-17
1581.13883008 4.92478054553e-17
1774.06694617 4.34266009215e-17
1990.53585277 3.82200776634e-17
2233.41796075 3.35507332785e-17
2505.93616814 2.9373924699e-17
2811.70662595 2.56840627295e-17
3154.7867224 2.24122624071e-17
3539.72892192 1.95327331729e-17
3971.64117362 1.6980277879e-17
4456.25469067 1.4736426005e-17
5000.0 1.27812036162e-17
5610.09227151 1.1072374557e-17
6294.62705897 9.59117669145e-18
7062.68772311 8.29696073113e-18
7924.46596231 7.17473267706e-18
8891.39705019 6.20077428283e-18
9976.31157484 5.35375745984e-18
11193.6056928 4.61941191893e-18
12559.4321575 3.99086884196e-18
14091.9146563 3.4522488742e-18
15811.3883008 2.98544351389e-18
17740.6694617 2.58328090534e-18
19905.3585277 2.23861735376e-18
22334.1796075 1.9397600443e-18
25059.3616814 1.6821361684e-18
28117.0662595 1.45834994647e-18
31547.867224 1.26623022044e-18
35397.2892192 1.10140976281e-18
39716.4117362 9.59071444042e-19
44562.5469067 8.34912522821e-19
50000.0 7.25760020295e-19
56100.9227151 6.3160931705e-19
62946.2705897 5.50318819861e-19
70626.8772311 4.79512401369e-19
79244.6596231 4.17349264823e-19
88913.9705019 3.6282327539e-19
99763.1157484 3.14141561615e-19
111936.056928 2.71590342538e-19
125594.321575 2.34124518755e-19
140919.146563 2.0134818182e-19
158113.883008 1.72795334966e-19
177406.694617 1.47650466522e-19
199053.585277 1.25918513099e-19
223341.796075 1.06924604645e-19
250593.616814 9.04617400715e-20
281170.662595 7.62640763829e-20
315478.67224 6.39155362511e-20
353972.892192 5.35255136118e-20
397164.117362 4.43479324493e-20
445625.469067 3.65357738609e-20
500000.0 3.09194158357e-20
1023753.87687 1e-300
2096144.00083 1e-300
4291871.09466 1e-300
8787639.3444 1e-300
17992759.6948 1e-300
36840314.9864 1e-300
75430830.5851 1e-300
154445210.495 1e-300
316227766.017 1e-300
