100714.032944 5.43997882158e-21
113003.00357 4.6646573321e-21
126791.455397 3.99377644419e-21
142262.352803 3.41527842497e-21
159620.985198 2.91714718446e-21
179097.691085 2.48882443634e-21
200950.914521 2.12096806276e-21
225470.634501 1.80529725329e-21
252982.212813 1.53437110693e-21
283850.711387 1.30248964182e-21
318485.736443 1.10423494604e-21
357346.873721 9.34946495484e-22
400949.786902 7.90479770564e-22
449873.060152 6.67102438135e-22
504765.875584 5.61621382271e-22
566356.627507 4.7160112195e-22
635462.587779 3.94788121311e-22
713000.750507 3.29286669376e-22
800000.0 2.73496573812e-22
897614.763442 2.26061985953e-22
1007140.32944 1.85715174234e-22
1130030.0357 1.52003336232e-22
1267914.55397 1.24102995611e-22
1422623.52803 1.01034743694e-22
1596209.85198 8.19341351243e-23
1790976.91085 6.61353413247e-23
2009509.14521 5.30159633906e-23
2254706.34501 4.22227185308e-23
2529822.12813 3.34026597465e-23
2838507.11387 2.62300656251e-23
3184857.36443 2.04307850483e-23
3573468.73721 1.57816945127e-23
4009497.86902 1.20604029463e-23
4498730.60152 9.12191087609e-24
5047658.75584 6.82195152761e-24
5663566.27507 5.04087502198e-24
6354625.87779 3.67783891187e-24
7130007.50507 2.64770585562e-24
8000000.0 1.87299524171e-24
8976147.63442 1.30594383634e-24
10071403.2944 8.96395363246e-25
11300300.357 6.05373995862e-25
12679145.5397 4.02346266662e-25
14226235.2803 2.63463910674e-25
15962098.5198 1.69353369194e-25
17909769.1085 1.07470365747e-25
20095091.4521 6.74149360076e-26
22547063.4501 4.18507502017e-26
25298221.2813 2.58046331468e-26
28385071.1387 1.59383992577e-26
31848573.6443 9.95032243835e-27
35734687.3721 6.38311477127e-27
40094978.6902 4.24903199904e-27
44987306.0152 2.93307872913e-27
50476587.5584 2.10612234851e-27
56635662.7507 1.5413892107e-27
63546258.7779 1.11462146582e-27
71300075.0507 7.54034882288e-28
80000000.0 5.00226915098e-28
93199444.0601 1e-300
108576704.664 1e-300
126491106.407 1e-300
147361259.946 1e-300
171674843.787 1e-300
200000000.0 1e-300
232998610.15 1e-300
271441761.659 1e-300
316227766.017 1e-300
