200.0 1.2916803078007862e-15
224.4036908603926 1.1629180102452237e-15
251.7850823588335 1.0462416632113848e-15
282.5075089245508 9.415976117490444e-16
316.9786384922228 8.441372105385614e-16
355.65588200778456 7.574495289311333e-16
399.0524629937758 6.786648811105154e-16
447.74422771366795 6.068386680648988e-16
502.3772863019159 5.416456568357692e-16
563.676586252891 4.826501853619771e-16
632.4555320336759 4.296437302349406e-16
709.6267784671506 3.82251607255932e-16
796.2143411069947 3.3993297945841996e-16
893.367184301926 3.018131518267359e-16
1002.3744672545449 2.673833249493427e-16
1124.682650380698 2.368160776377819e-16
1261.914688960386 2.0947090213630314e-16
1415.891568768276 1.8514070540277318e-16
1588.6564694485628 1.636829529476354e-16
1782.5018762674918 1.445426446987394e-16
2000.0 1.2735530082675236e-16
2244.0369086039273 1.1221467142952968e-16
2517.850823588335 9.904634626185359e-17
2825.075089245508 8.72745675966528e-17
3169.7863849222267 7.682632016361347e-17
3556.558820077846 6.762569827509797e-17
3990.52462993776 5.955271171893918e-17
4477.44227713668 5.2432633262141376e-17
5023.772863019159 4.610059996604818e-17
5636.765862528908 4.056157054277406e-17
6324.555320336758 3.5708719988585763e-17
7096.2677846715105 3.1419599858154426e-17
7962.143411069947 2.7620531699403e-17
8933.67184301926 2.4310863451525416e-17
10023.744672545445 2.1383007955590678e-17
11246.826503806982 1.8792802145589663e-17
12619.146889603866 1.6507632195402433e-17
14158.91568768276 1.4489447791366447e-17
15886.564694485627 1.2708133463144507e-17
17825.01876267491 1.114689516429779e-17
20000.0 9.793280056142583e-18
22440.36908603927 8.591672328223585e-18
25178.508235883346 7.52606593374524e-18
28250.750892455093 6.5816685790317126e-18
31697.86384922227 5.7433613995631156e-18
35565.58820077846 4.995328565277834e-18
39905.24629937759 4.3358946610923015e-18
44774.422771366786 3.761186325304675e-18
50237.7286301916 3.2566362846371626e-18
56367.65862528908 2.8089014695801043e-18
63245.553203367585 2.41013152916553e-18
70962.6778467151 2.0588260576662493e-18
79621.43411069944 1.755002369707003e-18
89336.71843019263 1.4862783160789824e-18
100237.44672545444 1.2551683375262937e-18
112468.26503806982 1.0577040020371936e-18
126191.46889603866 8.88836934365808e-19
141589.1568768276 7.421105068787243e-19
158865.6469448563 6.1544653186915015e-19
178250.18762674913 5.040417436840106e-19
200000.0 4.2544045875258683e-19
453389.1337035321 1e-300
1027808.5328021944 1e-300
2329986.101501426 1e-300
5281951.900505007 1e-300
11973897.982168451 1e-300
27144176.165949065 1e-300
61534372.58487855 1e-300
139495079.3962423 1e-300
316227766.01683795 1e-300
