100007.72453848735 6.324829265678902e-19
100212.90112177322 6.266846915433273e-19
100418.49864684658 6.208745608171379e-19
100624.51797731426 6.150525099840257e-19
100830.95997855617 6.092185145885867e-19
101037.82551772591 6.033725501252941e-19
101245.11546375786 5.975145920382955e-19
101452.83068736785 5.916446157213963e-19
101660.97206105807 5.857625965179196e-19
101869.54045912197 5.798685097205677e-19
102078.53675764508 5.73962330571399e-19
102287.96183451198 5.68044034261632e-19
102497.81656940661 5.621135959316349e-19
102708.10184381939 5.561709906707257e-19
102918.81854104793 5.502161935171517e-19
103129.96754620207 5.442491794579477e-19
103341.54974620872 5.382699234287967e-19
103553.56602981282 5.322784003140067e-19
103766.0172875843 5.262745849463112e-19
103978.90441191853 5.202584521068573e-19
104192.22829704337 5.142299765250052e-19
104405.9898390201 5.081891328783056e-19
104620.18993574825 5.021358957923586e-19
104834.82948697086 4.960702398406685e-19
105049.90939427516 4.899921395446226e-19
105265.43056109978 4.839015693732891e-19
105481.39389273552 4.777985037433921e-19
105697.80029633058 4.716829170191692e-19
105914.65068089552 4.655547835122257e-19
106131.94595730407 4.594140774815155e-19
106349.68703830046 4.532607731331319e-19
106567.87483849983 4.487114965579608e-19
106786.51027439543 4.453866472983462e-19
107005.59426435955 4.42054976753534e-19
107225.12772864851 4.387164709289322e-19
107445.1115894081 4.353711158012168e-19
107665.54677067409 4.320188973183212e-19
107886.43419837985 4.286598013993214e-19
108107.77480035662 4.2529381393443253e-19
108329.56950634097 4.21920920784895e-19
108551.81924797552 4.1854110778296204e-19
108774.52495881439 4.1515436073182046e-19
108997.68757432821 4.1176066540551003e-19
109221.30803190506 4.083600075489121e-19
109445.38727085802 4.049523728776346e-19
109669.92623242541 4.0153774707800697e-19
109894.92585977844 3.981161158069651e-19
110120.38709802195 3.9468746469203957e-19
110346.31089419982 3.912517793312733e-19
110572.69819730018 3.8780904529314236e-19
110799.54995825638 3.843592481165418e-19
111026.86712995444 3.8090237331067163e-19
111254.65066723402 3.774384063550222e-19
111482.90152689372 3.739673326992937e-19
111711.62066769652 3.704891377633138e-19
111940.80905037049 3.67003806937026e-19
112170.46763761665 3.635113255803712e-19
112400.59739410922 3.6001167902328266e-19
112631.19928650344 3.565048525655682e-19
112862.27428343632 3.529908314768982e-19
113093.82335553215 3.494696009967217e-19
113325.84747540798 3.459411463341839e-19
113558.34761767433 3.4240545266811368e-19
113791.32475894323 3.3886250514690366e-19
114024.77987782839 3.3531228888850556e-19
114258.71395495316 3.3175478898031014e-19
114493.12797295128 3.281899904791355e-19
114728.02291647252 3.246178784111416e-19
114963.39977218816 3.210384377717467e-19
115199.25952879187 3.174516535256139e-19
115435.60317700761 3.1385751060653153e-19
115672.43170959047 3.1025599391739906e-19
115909.74612133237 3.0664708833014246e-19
116147.54740906745 3.0303077868563053e-19
116385.83657167316 2.994070497936585e-19
116624.61461007813 2.9577588643282973e-19
116863.88252726258 2.921372733505473e-19
117103.64132826639 2.8849119526289375e-19
117343.8920201899 2.8483763685461644e-19
117584.63561219971 2.8117658277904124e-19
117825.87311553417 2.775080176579883e-19
118067.60554350445 2.7383192608175546e-19
118309.83391150254 2.7014829260899724e-19
118552.5592370017 2.6645710176671815e-19
118795.78253956453 2.6275833805014878e-19
119039.50484084395 2.590519859227316e-19
119283.72716458896 2.5533802981603434e-19
119528.45053665023 2.523333677212867e-19
119773.67598498125 2.50429770591924e-19
120019.40453964636 2.4852226802868465e-19
120265.63723282122 2.4661085201915957e-19
120512.37509880109 2.4469551453448573e-19
120759.61917400171 2.4277624752933975e-19
121007.37049696517 2.408530429418924e-19
121255.6301083657 2.3892589269376325e-19
121504.39905101061 2.3699478869001323e-19
121753.67836984857 2.350597228190808e-19
122003.46911197068 2.3312068695277397e-19
122253.77232661624 2.3117767294622483e-19
122504.58906517856 2.292306726378438e-19
122755.92038120616 2.2727967784931237e-19
123007.76733041093 2.253246803855182e-19
123260.1309706687 2.233656720345508e-19
123513.01236202761 2.2140264456763693e-19
123766.41256670913 2.1943558973913266e-19
124020.33264911402 2.174644992864771e-19
124274.7736758282 2.1548936493014629e-19
124529.73671562388 2.1351017837364555e-19
124785.22283946793 2.1152693130344329e-19
125041.2331205224 2.0953961538896775e-19
125297.76863415314 2.0754822228254e-19
125554.83045793063 2.0555274361936715e-19
125812.41967163612 2.035531710174948e-19
126070.5373572677 2.015494960777603e-19
126329.18459904124 1.9954171038378517e-19
126588.36248339902 1.9752980550190763e-19
126848.07209901081 1.9551377298117557e-19
127108.31453677976 1.934936043532988e-19
127369.09088984884 1.9146929113260131e-19
127630.40225360153 1.8944082481601412e-19
127892.24972567073 1.8740819688300713e-19
128154.63440593916 1.8537139879558544e-19
128417.55739654817 1.8333042199822162e-19
128681.01980189868 1.8128525791784751e-19
128945.02272865745 1.7923589796380671e-19
129209.56728576317 1.771823335278058e-19
129474.65458442761 1.7512455598390679e-19
129740.28573814445 1.7306255668845803e-19
130006.46186268958 1.7099632698009173e-19
130273.18407613026 1.6892585817965322e-19
130540.45349882597 1.6685114159019392e-19
130808.27125343466 1.647721684969229e-19
131076.6384649193 1.6268893016715734e-19
131345.55626054842 1.606014178503151e-19
131615.02576990565 1.5850962277784444e-19
131885.04812489045 1.5641353616321658e-19
132155.62445972438 1.5431314920187612e-19
132426.75591095767 1.5220845307119194e-19
132698.44361747007 1.500994389304488e-19
132970.6887204802 1.4798609792077713e-19
133243.4923635456 1.4586842116514928e-19
133516.85569257237 1.4374639976830837e-19
133790.7798558157 1.4162002481676086e-19
134065.26600388667 1.3972172508479685e-19
134340.31528975864 1.3864881206586624e-19
134615.92886876813 1.3757369785069616e-19
134892.10789862412 1.36496377923292e-19
135168.85353940874 1.3541684775840244e-19
135446.1669535862 1.3433510282148387e-19
135724.049306004 1.3325113856869566e-19
136002.50176389943 1.3216495044687544e-19
136281.52549690628 1.310765338935126e-19
136561.1216770556 1.2998588433674507e-19
136841.29147878528 1.288929971953223e-19
137122.0360789405 1.2779786787860345e-19
137403.35665678297 1.267004917865208e-19
137685.25439399225 1.2560086430957574e-19
137967.7304746722 1.2449898082881267e-19
138250.7860853576 1.2339483671579322e-19
138534.42241501538 1.2228842733259198e-19
138818.64065505398 1.2117974803175956e-19
139103.44199932448 1.2006879415631852e-19
139388.82764412722 1.1895556103973703e-19
139674.79878821858 1.1784004400590278e-19
139961.3566328121 1.167222383691188e-19
140248.50238158798 1.1560213943406593e-19
140536.23724069365 1.1447974249580106e-19
140824.56241875325 1.1335504283971957e-19
141113.47912686903 1.1222803574155067e-19
141402.9885786278 1.110987164673315e-19
141693.09199010785 1.099670802733803e-19
141983.79057988024 1.0883312240629182e-19
142275.08556901827 1.0769683810289999e-19
142566.97818109812 1.0655822259027549e-19
142859.46964220848 1.0541727108568776e-19
143152.561180952 1.0427397879660069e-19
143446.2540284517 1.03128340920646e-19
143740.54941835816 1.0198035264559579e-19
144035.44858685075 1.0083000914935861e-19
144330.95277264717 9.967730559994071e-20
144627.0632170048 9.85222371554419e-20
144923.7811637276 9.736479896402834e-20
145221.107859173 9.620498616390529e-20
145519.04455225324 9.504279388331267e-20
145817.59249444507 9.387821724048616e-20
146116.75293979057 9.271125134365527e-20
146416.52714490687 9.154189129100437e-20
146716.9163689874 9.0370132170668e-20
147017.921873809 8.919596906070371e-20
147319.544923739 8.801939702906386e-20
147621.78678573627 8.684041113359177e-20
147924.64872936142 8.565900642198201e-20
148228.13202677725 8.447517793177822e-20
148532.23795275894 8.32889206903338e-20
148836.96778469533 8.210022971480705e-20
149142.32280259577 8.090910001213371e-20
149448.30428909764 7.971552657899846e-20
149754.9135294673 7.851950440183062e-20
150062.1518116104 7.732102845676426e-20
150370.02042607253 7.614786014484856e-20
150678.52066604924 7.556292674629823e-20
150987.65382738752 7.497679329408489e-20
151297.4212085929 7.438945732617079e-20
151607.82411083666 7.380091637546344e-20
151918.86383795727 7.321116796981377e-20
152230.5416964706 7.262020963199581e-20
152542.858995571 7.202803887970521e-20
152855.81704713896 7.143465322554452e-20
153169.4171657481 7.084005017700986e-20
153483.66066866674 7.024422723648827e-20
153798.54887586806 6.964718190123807e-20
154114.08311003083 6.904891166338761e-20
154430.26469654997 6.844941400991537e-20
154747.09496353782 6.784868642264742e-20
155064.57524183125 6.7246726378244e-20
155382.7068649995 6.664353134818446e-20
155701.4911693453 6.60390987987655e-20
156020.9294939154 6.543342619108097e-20
156341.02318050122 6.482651098102064e-20
156661.77357364958 6.421835061924988e-20
156983.18202066387 6.360894255120745e-20
157305.24987161154 6.299828421709125e-20
157627.97847933194 6.23863730518438e-20
157951.36919943715 6.177320648514986e-20
158275.42339032312 6.11587819414163e-20
158600.14241317075 6.05430968397693e-20
158925.5276319535 5.992614859404022e-20
159251.58041344522 5.930793461275088e-20
159578.3021272211 5.868845229911143e-20
159905.69414566888 5.806769905099938e-20
160233.75784398924 5.744567226095871e-20
160562.49460020685 5.682236931617889e-20
160891.90579517157 5.619778759849277e-20
161221.99281256628 5.557192448436168e-20
161552.75703891454 5.49447773448608e-20
161884.1998635819 5.431634354567666e-20
162216.322678787 5.3686620447086325e-20
162549.12687960206 5.305560540395615e-20
162882.61386396422 5.242329576572066e-20
163216.78503267647 5.178968887638034e-20
163551.64178941588 5.115478207448653e-20
163887.1855407411 5.0518572693126526e-20
164223.41769609408 4.9881058059921236e-20
164560.33966781085 4.9242235497003835e-20
164897.95287112243 4.8602102321018725e-20
165236.2587241659 4.796065584309984e-20
165575.258647986 4.731789336886862e-20
165914.95406654265 4.667381219841863e-20
166255.34640671939 4.602840962630038e-20
166596.43709832436 4.5381682941519146e-20
166938.22757410185 4.473362942751298e-20
167280.71926973353 4.4084246362150655e-20
167623.9136238466 4.343353101771603e-20
167967.81207802158 4.278148066089309e-20
168312.41607679412 4.212809255276312e-20
168657.727067666 4.14733639487831e-20
169003.74650110607 4.112604159612379e-20
169350.47583056166 4.082386808250112e-20
169697.91651246 4.052107462747523e-20
170046.07000621627 4.021765995917039e-20
170394.9377742419 3.991362280309962e-20
170744.5212819459 3.960896188216365e-20
171094.82199774642 3.930367591664073e-20
171445.84139307146 3.899776362418597e-20
171797.5809423706 3.8691223719821204e-20
172150.04212311638 3.838405491593384e-20
172503.22641581247 3.807625592226961e-20
172857.13530400206 3.77678254459253e-20
173211.7702742692 3.745876219134762e-20
173567.13281625058 3.7149064860322883e-20
173923.22442263705 3.683873215197576e-20
174280.04658918173 3.6527762762762145e-20
174637.6008147087 3.621615538646157e-20
174995.88860111407 3.5903908714176376e-20
175354.9114533782 3.559102143432088e-20
175714.67087956617 3.527749223262119e-20
176075.16839083988 3.4963319792104444e-20
176436.4055014594 3.464850279309779e-20
176798.38372879152 3.4333039913220916e-20
177161.10459331813 3.401692982737861e-20
177524.5696186377 3.370017120775963e-20
177888.7803314775 3.3382762723826035e-20
178253.73826169406 3.306470304231269e-20
178619.44494228542 3.274599082721661e-20
178985.90190939273 3.242662473979567e-20
179353.1107023086 3.210660343856127e-20
179721.07286348578 3.178592557927064e-20
180089.78993853868 3.146458981492577e-20
180459.26347625564 3.114259479576246e-20
180829.4950285996 3.081993916925e-20
181200.48615072036 3.049662158008021e-20
181572.23840095618 3.017264067016624e-20
181944.75334084232 2.9847995078635053e-20
182318.0325351199 2.9522683441819675e-20
182692.0775517375 2.919670439325795e-20
183066.88996186326 2.887005656368177e-20
183442.47133988666 2.85427385810157e-20
183818.82326342704 2.8214749070369433e-20
184195.9473133429 2.788608665402987e-20
184573.84507373278 2.755674995146008e-20
184952.51813194828 2.7226737579288186e-20
185331.96807859465 2.6896048151306715e-20
185712.19650754347 2.656468027846168e-20
186093.20501593393 2.623263256885131e-20
186474.99520418205 2.5899903627718114e-20
186857.56867598937 2.556649205744123e-20
187240.92703834487 2.5232396457534925e-20
187625.0719015371 2.4897615424637726e-20
188010.00487915557 2.4562147552511547e-20
188395.72758810315 2.4225991432030673e-20
188782.24164859758 2.3889145651180374e-20
189169.54868418092 2.355160879504901e-20
189557.65032172806 2.3340352894928033e-20
189946.5481914488 2.318401515860433e-20
190336.24392690038 2.302735667863052e-20
190726.73916498933 2.2870376796966867e-20
191118.03554598024 2.2713074854223623e-20
191510.13471350545 2.255545018965726e-20
191903.03831456613 2.2397502141169963e-20
192296.74799954565 2.2239230045304247e-20
192691.26542221 2.2080633237242796e-20
193086.59223972145 2.192171105080302e-20
193482.73011263958 2.176246281843655e-20
193879.68070493088 2.1602887871225513e-20
194277.44568397792 2.1442985538878684e-20
194676.026720581 2.128275514973095e-20
195075.42548897144 2.1122196030737897e-20
195475.64366681213 2.096130750747564e-20
195876.6829352111 2.080008890413529e-20
196278.54497872308 2.0638539543522457e-20
196681.23148535864 2.0476658747053423e-20
197084.74414659408 2.0314445834751265e-20
197489.08465737256 2.01519001252454e-20
197894.254716118 1.9989020935765937e-20
198300.25602473543 1.982580758214359e-20
198707.0902886248 1.966225937880408e-20
199114.75921668255 1.949837563876759e-20
199523.26452131095 1.9334155673644907e-20
199932.60791842797 1.916959879363349e-20
200342.7911274687 1.9004704307516946e-20
200753.81587139907 1.8839471522659454e-20
201165.68387671743 1.8673899745005157e-20
201578.39687346423 1.8507988279074274e-20
201991.95659523178 1.8341736427959157e-20
202406.36477916568 1.8175143493323727e-20
202821.6231659788 1.8008208775397872e-20
203237.73349995198 1.784093157297714e-20
203654.69752894793 1.767331118341715e-20
204072.51700441283 1.7505346902632985e-20
204491.1936813861 1.733703802509521e-20
204910.7293185103 1.7168383843825922e-20
205331.12567803278 1.6999383650398105e-20
205752.38452581957 1.6830036734930023e-20
206174.50763135625 1.666034238608484e-20
206597.49676776212 1.6490299891065007e-20
207021.35371179163 1.6319908535611615e-20
207446.08024384434 1.6149167604000385e-20
207871.67814797524 1.597807637903761e-20
208298.14921189594 1.580663414205955e-20
208725.4952269892 1.5634840172926696e-20
209153.71798831047 1.5462693750023107e-20
209582.81929459784 1.5290194150252386e-20
210012.8009482824 1.5117340649033576e-20
210443.6647554896 1.494413252030057e-20
210875.41252605375 1.4770569036496245e-20
211308.04607351896 1.4596649468572225e-20
211741.5672151533 1.442237308598301e-20
212175.9777719507 1.4247739156685354e-20
212611.2795686409 1.4119586713369166e-20
213047.4744337 1.403402578295952e-20
213484.56419935185 1.3948289315115848e-20
213922.55070158292 1.3862376949703943e-20
214361.43578014272 1.3776288325851386e-20
214801.22127855886 1.369002308194472e-20
215241.9090441385 1.3603580855629112e-20
215683.50092797866 1.351696128380634e-20
216125.99878497675 1.3430164002632691e-20
216569.40447383228 1.3343188647518714e-20
217013.7198570615 1.325603485312624e-20
217458.94680099914 1.3168702253368125e-20
217905.08717580905 1.3081190481406129e-20
218352.14285549443 1.2993499169648896e-20
218800.11571789978 1.2905627949751612e-20
219249.00764472564 1.2817576452613062e-20
219698.8205215296 1.2729344308375476e-20
220149.55623774117 1.2640931146421598e-20
220601.21668666357 1.2552336595374311e-20
221053.80376548436 1.2463560283094599e-20
221507.31937528602 1.2374601836679436e-20
221961.76542104775 1.2285460882461433e-20
222417.14381166062 1.2196137046005892e-20
222873.4564599284 1.210662995211062e-20
223330.7052825827 1.2016939224802949e-20
223788.89220028496 1.1927064487339403e-20
224248.0191376369 1.1837005362203564e-20
224708.08802319167 1.1746761471103965e-20
225169.10078945514 1.165633243497378e-20
225631.05937290195 1.156571787396771e-20
226093.9657139756 1.1474917407461937e-20
226557.82175710448 1.138393065405101e-20
227022.62945070342 1.1292757231547512e-20
227488.39074718457 1.1201396756979946e-20
227955.10760296855 1.1109848846590556e-20
228422.78197848587 1.1018113115835e-20
228891.41583819306 1.0926189179379267e-20
229361.01115057388 1.0834076651099342e-20
229831.56988815084 1.0741775144079035e-20
230303.09402749603 1.06492842706078e-20
230775.5855492329 1.0556603642180407e-20
231249.0464380522 1.0463732869493819e-20
231723.4786827127 1.0370671562447042e-20
232198.88427605704 1.0277419330138024e-20
232675.2652150136 1.0183975780863262e-20
233152.62350060767 1.0090340522115664e-20
233630.96113797268 9.99651316058228e-21
234110.28013635208 9.902493302143997e-21
234590.58250911522 9.808280551872374e-21
235071.87027375828 9.713874514029486e-21
235554.14545192046 9.619274792064757e-21
236037.41006938554 9.524480988614601e-21
236521.66615609362 9.429492705500207e-21
237006.9157461522 9.334309543725277e-21
237493.16087783806 9.238931103475715e-21
237980.40359361374 9.14335698411637e-21
238468.6459401291 9.06223232343023e-21
238957.8899682329 9.008370653714738e-21
239448.1377329845 8.954398481001361e-21
239939.39129365535 8.900315578581553e-21
240431.65271374577 8.846121719281217e-21
240924.92406098553 8.79181667546062e-21
241419.2074073506 8.737400219012561e-21
241914.5048290649 8.682872121362184e-21
242410.81840661183 8.628232153465686e-21
242908.15022474612 8.573480085809032e-21
243406.50237249574 8.518615688407745e-21
243905.8769431784 8.463638730805073e-21
244406.27603440243 8.408548982071906e-21
244907.70174808387 8.353346210804903e-21
245410.15619044777 8.298030185126316e-21
245913.6414720405 8.242600672682672e-21
246418.15970774143 8.187057440643467e-21
246923.71301676473 8.131400255700971e-21
247430.30352267655 8.075628884068335e-21
247937.93335339564 8.019743091479531e-21
248446.60464121032 7.963742643187468e-21
248956.31952278074 7.907627303963767e-21
249467.08013915044 7.85139683809746e-21
249978.88863575866 7.79505100939366e-21
250491.74716244222 7.738589581173346e-21
251005.65787345255 7.682012316271466e-21
251520.62292745776 7.62531897703675e-21
252036.64448755461 7.56850932533036e-21
252553.7247212809 7.511583122524544e-21
253071.86580061712 7.454540129502436e-21
253591.069902004 7.397380106656134e-21
254111.33920634337 7.340102813886631e-21
254632.67589901542 7.282708010601855e-21
255155.08216988097 7.225195455716486e-21
255678.56021329341 7.167564907650581e-21
256203.1122281113 7.109816124328241e-21
256728.74041770017 7.051948863177373e-21
257255.4469899502 6.99396288112776e-21
257783.2341572771 6.935857934610963e-21
258312.10413663968 6.877633779558377e-21
258842.05914954218 6.819290171401007e-21
259373.1014220462 6.7608268650681065e-21
259905.23318478375 6.702243614985778e-21
260438.45667295886 6.643540175076779e-21
260972.7741263656 6.5847162987585434e-21
261508.18778938998 6.525771738942965e-21
262044.69991102265 6.466706248035011e-21
262582.31274487154 6.407519577931327e-21
263121.0285491638 6.348211480020016e-21
263660.84958676377 6.288781705178667e-21
264201.7781251743 6.2292300037742235e-21
264743.816436554 6.169556125661018e-21
265286.96679772047 6.109759820180538e-21
265831.231490162 6.0498408361600125e-21
266376.6128000511 5.989798921911003e-21
266923.1130182462 5.9296338252291965e-21
267470.7344403098 5.8752459162892866e-21
268019.47936650994 5.848755488665008e-21
268569.3501018382 5.8222107130845084e-21
269120.34895601164 5.795611478047173e-21
269672.4782434862 5.768957671823635e-21
270225.7402834693 5.74224918245514e-21
270780.1373999222 5.715485897753451e-21
271335.6719215782 5.688667705299951e-21
271892.3461819441 5.661794492445602e-21
272450.16251931834 5.634866146310039e-21
273009.12327679346 5.607882553781467e-21
273569.23080226895 5.580843601516037e-21
274130.4874484649 5.553749175937194e-21
274692.8955729234 5.5265991632355904e-21
275256.4575380281 5.499393449368169e-21
275821.17571100575 5.4721319200580596e-21
276387.0524639398 5.444814460793947e-21
276954.09017378377 5.417440956829417e-21
277522.29122236295 5.390011293182856e-21
278091.65799639415 5.362525354636538e-21
278662.1928874858 5.334983025736577e-21
279233.8982921578 5.307384190792002e-21
279806.7766118434 5.279728733874642e-21
280380.8302529023 5.2520165388185056e-21
280956.0616266349 5.2242474892190916e-21
281532.4731492839 5.196421468433316e-21
282110.06724205386 5.168538359578564e-21
282688.84633111197 5.14059804553264e-21
283268.8128476076 5.112600408932849e-21
283849.96922767453 5.084545332175865e-21
284432.3179124444 5.0564326974171e-21
285015.8613480608 5.028262386570021e-21
285600.60198568075 5.000034281306052e-21
286186.5422814952 4.971748263053632e-21
286773.6846967305 4.943404212998102e-21
287362.0316976626 4.915002012081046e-21
287951.58575563063 4.886541540999616e-21
288542.34934703936 4.858022680206426e-21
289134.3249533788 4.8294453099086005e-21
289727.5150612255 4.800809310067725e-21
290321.9221622619 4.772114560398881e-21
290917.548753279 4.743360940370547e-21
291514.3973361904 4.714548329203918e-21
292112.4704180458 4.68567660587223e-21
292711.770511034 4.656745649100636e-21
293312.30013250234 4.62775533736527e-21
293914.06180495827 4.598705548893162e-21
294517.0580560889 4.569596161661288e-21
295121.2914187638 4.540427053396448e-21
295726.76443104894 4.511198101574592e-21
296333.4796362209 4.481909183420122e-21
296941.4395827694 4.452560175905786e-21
297550.64682441734 4.423150955751692e-21
298161.1039201222 4.3936813994252684e-21
298772.8134340961 4.364151383140255e-21
299385.77793580847 4.334560782856621e-21
300000.0 4.304909474279845e-21
650124.7067126234 1e-300
1408873.7809272478 1e-300
3053145.512068098 1e-300
6616417.768614112 1e-300
14338322.20436146 1e-300
31072325.05953855 1e-300
67336287.38737263 1e-300
145923280.29610842 1e-300
316227766.01683795 1e-300
