10071.4032944 2.00864897675e-20
26083.2842497 1.06876908551e-20
42095.165205 8.39413092431e-21
58107.0461603 7.3288622244e-21
74118.9271156 6.69034556936e-21
90130.808071 6.23025077803e-21
106142.689026 5.86893299271e-21
122154.569982 5.57087033288e-21
138166.450937 5.31601720965e-21
154178.331892 5.09277697807e-21
170190.212848 4.89131408217e-21
186202.093803 4.70572420574e-21
202213.974758 4.53255050072e-21
218225.855714 4.37975999391e-21
234237.736669 4.23717503588e-21
250249.617624 4.10302353076e-21
266261.49858 3.98260306138e-21
282273.379535 3.86500814774e-21
298285.26049 3.75970382295e-21
314297.141445 3.65574254928e-21
330309.022401 3.56055796734e-21
346320.903356 3.4684826739e-21
362332.784311 3.37910697223e-21
378344.665267 3.29570121695e-21
394356.546222 3.21229546166e-21
410368.427177 3.13517926517e-21
426380.308133 3.06246588838e-21
442392.189088 2.98975251158e-21
458404.070043 2.92200681146e-21
474415.950999 2.85861728361e-21
490427.831954 2.79522775576e-21
506439.712909 2.73258540384e-21
522451.593865 2.67634333999e-21
538463.47482 2.62010127614e-21
554475.355775 2.56385921229e-21
570487.236731 2.50950262069e-21
586499.117686 2.46056939568e-21
602510.998641 2.41163617068e-21
618522.879597 2.36270294567e-21
634534.760552 2.31376972066e-21
650546.641507 2.27107484164e-21
666558.522463 2.22876368622e-21
682570.403418 2.18645253079e-21
698582.284373 2.14414137536e-21
714594.165329 2.10237130273e-21
730606.046284 2.06549737125e-21
746617.927239 2.02862343977e-21
762629.808194 1.99174950829e-21
778641.68915 1.95487557681e-21
794653.570105 1.91800164533e-21
810665.45106 1.88450715464e-21
826677.332016 1.8527067267e-21
842689.212971 1.82090629875e-21
858701.093926 1.7891058708e-21
874712.974882 1.75730544285e-21
890724.855837 1.7255050149e-21
906736.736792 1.69632432503e-21
922748.617748 1.66912234663e-21
938760.498703 1.64192036822e-21
954772.379658 1.61471838982e-21
970784.260614 1.58751641142e-21
986796.141569 1.56031443302e-21
1002808.02252 1.53311245461e-21
1018819.90348 1.50870744347e-21
1034831.78443 1.48533991199e-21
1050843.66539 1.46197238051e-21
1066855.54635 1.43860484903e-21
1082867.4273 1.41523731755e-21
1098879.30826 1.39186978607e-21
1114891.18921 1.36850225459e-21
1130903.07017 1.34533476142e-21
1146914.95112 1.32563603083e-21
1162926.83208 1.30593730024e-21
1178938.71303 1.28623856965e-21
1194950.59399 1.26653983906e-21
1210962.47494 1.24684110846e-21
1226974.3559 1.22714237787e-21
1242986.23685 1.20744364728e-21
1258998.11781 1.18774491669e-21
1275009.99876 1.16947523079e-21
1291021.87972 1.15300134293e-21
1307033.76068 1.13652745507e-21
1323045.64163 1.12005356721e-21
1339057.52259 1.10357967934e-21
1355069.40354 1.08710579148e-21
1371081.2845 1.07063190362e-21
1387093.16545 1.05415801576e-21
1403105.04641 1.0376841279e-21
1419116.92736 1.02121024003e-21
1435128.80832 1.0067841974e-21
1451140.68927 9.92932390229e-22
1467152.57023 9.79080583059e-22
1483164.45118 9.65228775889e-22
1499176.33214 9.51376968719e-22
1515188.21309 9.37525161549e-22
1531200.09405 9.23673354379e-22
1547211.97501 9.09821547209e-22
1563223.85596 8.95969740038e-22
1579235.73692 8.82117932868e-22
1595247.61787 8.68266125698e-22
1611259.49883 8.56750588294e-22
1627271.37978 8.4538442572e-22
1643283.26074 8.34018263146e-22
1659295.14169 8.22652100572e-22
1675307.02265 8.11285937997e-22
1691318.9036 7.99919775423e-22
1707330.78456 7.88553612849e-22
1723342.66551 7.77187450275e-22
1739354.54647 7.65821287701e-22
1755366.42742 7.54455125127e-22
1771378.30838 7.43088962552e-22
1787390.18934 7.31722799978e-22
1803402.07029 7.22041689522e-22
1819413.95125 7.12846996381e-22
1835425.8322 7.0365230324e-22
1851437.71316 6.94457610099e-22
1867449.59411 6.85262916958e-22
1883461.47507 6.76068223816e-22
1899473.35602 6.66873530675e-22
1915485.23698 6.57678837534e-22
1931497.11793 6.48484144393e-22
1947508.99889 6.39289451252e-22
1963520.87984 6.30094758111e-22
1979532.7608 6.2090006497e-22
1995544.64175 6.11705371829e-22
2011556.52271 6.02735438315e-22
2027568.40366 5.95298517936e-22
2043580.28462 5.87861597557e-22
2059592.16558 5.80424677177e-22
2075604.04653 5.72987756798e-22
2091615.92749 5.65550836419e-22
2107627.80844 5.58113916039e-22
2123639.6894 5.5067699566e-22
2139651.57035 5.4324007528e-22
2155663.45131 5.35803154901e-22
2171675.33226 5.28366234522e-22
2187687.21322 5.20929314142e-22
2203699.09417 5.13492393763e-22
2219710.97513 5.06055473384e-22
2235722.85608 4.98618553004e-22
2251734.73704 4.91181632625e-22
2267746.61799 4.85045655705e-22
2283758.49895 4.7920613684e-22
2299770.37991 4.73366617975e-22
2315782.26086 4.67527099109e-22
2331794.14182 4.61687580244e-22
2347806.02277 4.55848061379e-22
2363817.90373 4.50008542513e-22
2379829.78468 4.44169023648e-22
2395841.66564 4.38329504783e-22
2411853.54659 4.32489985917e-22
2427865.42755 4.26650467052e-22
2443877.3085 4.20810948187e-22
2459889.18946 4.14971429321e-22
2475901.07041 4.09131910456e-22
2491912.95137 4.03292391591e-22
2507924.83232 3.97452872725e-22
2523936.71328 3.9161335386e-22
2539948.59424 3.86622611804e-22
2555960.47519 3.82125171517e-22
2571972.35615 3.7762773123e-22
2587984.2371 3.73130290943e-22
2603996.11806 3.68632850655e-22
2620007.99901 3.64135410368e-22
2636019.87997 3.59637970081e-22
2652031.76092 3.55140529794e-22
2668043.64188 3.50643089507e-22
2684055.52283 3.4614564922e-22
2700067.40379 3.41648208933e-22
2716079.28474 3.37150768646e-22
2732091.1657 3.32653328359e-22
2748103.04665 3.28155888072e-22
2764114.92761 3.23658447785e-22
2780126.80857 3.19161007498e-22
2796138.68952 3.14663567211e-22
2812150.57048 3.10166126924e-22
2828162.45143 3.05668686637e-22
2844174.33239 3.01546819323e-22
2860186.21334 2.98110504475e-22
2876198.0943 2.94674189627e-22
2892209.97525 2.9123787478e-22
2908221.85621 2.87801559932e-22
2924233.73716 2.84365245084e-22
2940245.61812 2.80928930236e-22
2956257.49907 2.77492615389e-22
2972269.38003 2.74056300541e-22
2988281.26098 2.70619985693e-22
3004293.14194 2.67183670845e-22
3020305.02289 2.63747355998e-22
3036316.90385 2.6031104115e-22
3052328.78481 2.56874726302e-22
3068340.66576 2.53438411454e-22
3084352.54672 2.50002096607e-22
3100364.42767 2.46565781759e-22
3116376.30863 2.43129466911e-22
3132388.18958 2.39693152063e-22
3148400.07054 2.36256837215e-22
3164411.95149 2.32820522368e-22
3180423.83245 2.2938420752e-22
3196435.7134 2.26605906491e-22
3212447.59436 2.24079569304e-22
3228459.47531 2.21553232118e-22
3244471.35627 2.19026894932e-22
3260483.23722 2.16500557746e-22
3276495.11818 2.1397422056e-22
3292506.99914 2.11447883374e-22
3308518.88009 2.08921546188e-22
3324530.76105 2.06395209002e-22
3340542.642 2.03868871816e-22
3356554.52296 2.0134253463e-22
3372566.40391 1.98816197444e-22
3388578.28487 1.96289860257e-22
3404590.16582 1.93763523071e-22
3420602.04678 1.91237185885e-22
3436613.92773 1.88710848699e-22
3452625.80869 1.86184511513e-22
3468637.68964 1.83658174327e-22
3484649.5706 1.81131837141e-22
3500661.45155 1.78605499955e-22
3516673.33251 1.76079162769e-22
3532685.21347 1.73552825583e-22
3548697.09442 1.71026488396e-22
3564708.97538 1.6850015121e-22
3580720.85633 1.66299260552e-22
3596732.73729 1.64491473486e-22
3612744.61824 1.6268368642e-22
3628756.4992 1.60875899353e-22
3644768.38015 1.59068112287e-22
3660780.26111 1.57260325221e-22
3676792.14206 1.55452538155e-22
3692804.02302 1.53644751088e-22
3708815.90397 1.51836964022e-22
3724827.78493 1.50029176956e-22
3740839.66588 1.4822138989e-22
3756851.54684 1.46413602823e-22
3772863.4278 1.44605815757e-22
3788875.30875 1.42798028691e-22
3804887.18971 1.40990241624e-22
3820899.07066 1.39182454558e-22
3836910.95162 1.37374667492e-22
3852922.83257 1.35566880426e-22
3868934.71353 1.33759093359e-22
3884946.59448 1.31951306293e-22
3900958.47544 1.30143519227e-22
3916970.35639 1.2833573216e-22
3932982.23735 1.26527945094e-22
3948994.1183 1.24720158028e-22
3965005.99926 1.22912370962e-22
3981017.88021 1.21104583895e-22
3997029.76117 1.19296796829e-22
4013041.64212 1.17610275078e-22
4029053.52308 1.16350402827e-22
4045065.40404 1.15090530576e-22
4061077.28499 1.13830658325e-22
4077089.16595 1.12570786075e-22
4093101.0469 1.11310913824e-22
4109112.92786 1.10051041573e-22
4125124.80881 1.08791169323e-22
4141136.68977 1.07531297072e-22
4157148.57072 1.06271424821e-22
4173160.45168 1.0501155257e-22
4189172.33263 1.0375168032e-22
4205184.21359 1.02491808069e-22
4221196.09454 1.01231935818e-22
4237207.9755 9.99720635673e-23
4253219.85645 9.87121913166e-23
4269231.73741 9.74523190658e-23
4285243.61837 9.61924468151e-23
4301255.49932 9.49325745644e-23
4317267.38028 9.36727023136e-23
4333279.26123 9.24128300629e-23
4349291.14219 9.11529578121e-23
4365303.02314 8.98930855614e-23
4381314.9041 8.86332133106e-23
4397326.78505 8.73733410599e-23
4413338.66601 8.61134688092e-23
4429350.54696 8.48535965584e-23
4445362.42792 8.35937243077e-23
4461374.30887 8.23338520569e-23
4477386.18983 8.10739798062e-23
4493398.07078 7.98141075555e-23
4509409.95174 7.88469848342e-23
4525421.8327 7.80260410314e-23
4541433.71365 7.72050972285e-23
4557445.59461 7.63841534257e-23
4573457.47556 7.55632096229e-23
4589469.35652 7.474226582e-23
4605481.23747 7.39213220172e-23
4621493.11843 7.31003782144e-23
4637504.99938 7.22794344115e-23
4653516.88034 7.14584906087e-23
4669528.76129 7.06375468059e-23
4685540.64225 6.98166030031e-23
4701552.5232 6.89956592002e-23
4717564.40416 6.81747153974e-23
4733576.28511 6.73537715946e-23
4749588.16607 6.65328277917e-23
4765600.04702 6.57118839889e-23
4781611.92798 6.48909401861e-23
4797623.80894 6.40699963833e-23
4813635.68989 6.32490525804e-23
4829647.57085 6.24281087776e-23
4845659.4518 6.16071649748e-23
4861671.33276 6.07862211719e-23
4877683.21371 5.99652773691e-23
4893695.09467 5.91443335663e-23
4909706.97562 5.83233897635e-23
4925718.85658 5.75024459606e-23
4941730.73753 5.66815021578e-23
4957742.61849 5.5860558355e-23
4973754.49944 5.50396145521e-23
4989766.3804 5.42186707493e-23
5005778.26135 5.33977269465e-23
5021790.14231 5.25767831437e-23
5037802.02327 5.17558393408e-23
5053813.90422 5.10575558831e-23
5069825.78518 5.055569827e-23
5085837.66613 5.00538406569e-23
5101849.54709 4.95519830438e-23
5117861.42804 4.90501254307e-23
5133873.309 4.85482678176e-23
5149885.18995 4.80464102045e-23
5165897.07091 4.75445525914e-23
5181908.95186 4.70426949783e-23
5197920.83282 4.65408373652e-23
5213932.71377 4.60389797521e-23
5229944.59473 4.5537122139e-23
5245956.47568 4.50352645259e-23
5261968.35664 4.45334069128e-23
5277980.2376 4.40315492997e-23
5293992.11855 4.35296916866e-23
5310003.99951 4.30278340735e-23
5326015.88046 4.25259764604e-23
5342027.76142 4.20241188473e-23
5358039.64237 4.15222612342e-23
5374051.52333 4.10204036211e-23
5390063.40428 4.0518546008e-23
5406075.28524 4.00166883949e-23
5422087.16619 3.95148307818e-23
5438099.04715 3.90129731687e-23
5454110.9281 3.85111155556e-23
5470122.80906 3.80092579425e-23
5486134.69001 3.75074003294e-23
5502146.57097 3.70055427163e-23
5518158.45193 3.65036851032e-23
5534170.33288 3.60018274901e-23
5550182.21384 3.5499969877e-23
5566194.09479 3.49981122639e-23
5582205.97575 3.44962546508e-23
5598217.8567 3.39943970377e-23
5614229.73766 3.34925394246e-23
5630241.61861 3.29906818115e-23
5646253.49957 3.24888241984e-23
5662265.38052 3.19869665853e-23
5678277.26148 3.16830382466e-23
5694289.14243 3.13966128209e-23
5710301.02339 3.11101873952e-23
5726312.90434 3.08237619695e-23
5742324.7853 3.05373365437e-23
5758336.66625 3.0250911118e-23
5774348.54721 2.99644856923e-23
5790360.42817 2.96780602666e-23
5806372.30912 2.93916348408e-23
5822384.19008 2.91052094151e-23
5838396.07103 2.88187839894e-23
5854407.95199 2.85323585636e-23
5870419.83294 2.82459331379e-23
5886431.7139 2.79595077122e-23
5902443.59485 2.76730822865e-23
5918455.47581 2.73866568607e-23
5934467.35676 2.7100231435e-23
5950479.23772 2.68138060093e-23
5966491.11867 2.65273805836e-23
5982502.99963 2.62409551578e-23
5998514.88058 2.59545297321e-23
6014526.76154 2.56681043064e-23
6030538.6425 2.53816788806e-23
6046550.52345 2.50952534549e-23
6062562.40441 2.48088280292e-23
6078574.28536 2.45224026035e-23
6094586.16632 2.42359771777e-23
6110598.04727 2.3949551752e-23
6126609.92823 2.36631263263e-23
6142621.80918 2.33767009006e-23
6158633.69014 2.30902754748e-23
6174645.57109 2.28038500491e-23
6190657.45205 2.25174246234e-23
6206669.333 2.22309991976e-23
6222681.21396 2.19445737719e-23
6238693.09491 2.16581483462e-23
6254704.97587 2.13717229205e-23
6270716.85683 2.10852974947e-23
6286728.73778 2.0798872069e-23
6302740.61874 2.05124466433e-23
6318752.49969 2.02260212176e-23
6334764.38065 1.99395957918e-23
6350776.2616 1.96531703661e-23
6366788.14256 1.94744876521e-23
6382800.02351 1.93299078042e-23
6398811.90447 1.91853279563e-23
6414823.78542 1.90407481084e-23
6430835.66638 1.88961682605e-23
6446847.54733 1.87515884126e-23
6462859.42829 1.86070085647e-23
6478871.30924 1.84624287169e-23
6494883.1902 1.8317848869e-23
6510895.07116 1.81732690211e-23
6526906.95211 1.80286891732e-23
6542918.83307 1.78841093253e-23
6558930.71402 1.77395294774e-23
6574942.59498 1.75949496295e-23
6590954.47593 1.74503697817e-23
6606966.35689 1.73057899338e-23
6622978.23784 1.71612100859e-23
6638990.1188 1.7016630238e-23
6655001.99975 1.68720503901e-23
6671013.88071 1.67274705422e-23
6687025.76166 1.65828906943e-23
6703037.64262 1.64383108465e-23
6719049.52357 1.62937309986e-23
6735061.40453 1.61491511507e-23
6751073.28548 1.60045713028e-23
6767085.16644 1.58599914549e-23
6783097.0474 1.5715411607e-23
6799108.92835 1.55708317591e-23
6815120.80931 1.54262519113e-23
6831132.69026 1.52816720634e-23
6847144.57122 1.51370922155e-23
6863156.45217 1.49925123676e-23
6879168.33313 1.48479325197e-23
6895180.21408 1.47033526718e-23
6911192.09504 1.45587728239e-23
6927203.97599 1.44141929761e-23
6943215.85695 1.42696131282e-23
6959227.7379 1.41250332803e-23
6975239.61886 1.39804534324e-23
6991251.49981 1.38358735845e-23
7007263.38077 1.36912937366e-23
7023275.26173 1.35467138887e-23
7039287.14268 1.34021340409e-23
7055299.02364 1.3257554193e-23
7071310.90459 1.31129743451e-23
7087322.78555 1.29683944972e-23
7103334.6665 1.28238146493e-23
7119346.54746 1.26792348014e-23
7135358.42841 1.25622246534e-23
7151370.30937 1.25001432314e-23
7167382.19032 1.24380618093e-23
7183394.07128 1.23759803873e-23
7199405.95223 1.23138989652e-23
7215417.83319 1.22518175432e-23
7231429.71414 1.21897361211e-23
7247441.5951 1.21276546991e-23
7263453.47606 1.2065573277e-23
7279465.35701 1.2003491855e-23
7295477.23797 1.19414104329e-23
7311489.11892 1.18793290109e-23
7327500.99988 1.18172475888e-23
7343512.88083 1.17551661668e-23
7359524.76179 1.16930847447e-23
7375536.64274 1.16310033227e-23
7391548.5237 1.15689219006e-23
7407560.40465 1.15068404786e-23
7423572.28561 1.14447590565e-23
7439584.16656 1.13826776345e-23
7455596.04752 1.13205962124e-23
7471607.92847 1.12585147904e-23
7487619.80943 1.11964333683e-23
7503631.69039 1.11343519463e-23
7519643.57134 1.10722705242e-23
7535655.4523 1.10101891022e-23
7551667.33325 1.09481076801e-23
7567679.21421 1.08860262581e-23
7583691.09516 1.0823944836e-23
7599702.97612 1.0761863414e-23
7615714.85707 1.06997819919e-23
7631726.73803 1.06377005699e-23
7647738.61898 1.05756191478e-23
7663750.49994 1.05135377258e-23
7679762.38089 1.04514563037e-23
7695774.26185 1.03893748817e-23
7711786.1428 1.03272934596e-23
7727798.02376 1.02652120376e-23
7743809.90471 1.02031306155e-23
7759821.78567 1.01410491935e-23
7775833.66663 1.00789677714e-23
7791845.54758 1.00168863494e-23
7807857.42854 9.95480492732e-24
7823869.30949 9.89272350527e-24
7839881.19045 9.83064208322e-24
7855893.0714 9.76856066117e-24
7871904.95236 9.70647923912e-24
7887916.83331 9.64439781707e-24
7903928.71427 9.58231639502e-24
7919940.59522 9.52023497297e-24
7935952.47618 9.45815355092e-24
7951964.35713 9.39607212887e-24
7967976.23809 9.33399070682e-24
7983988.11904 9.27190928477e-24
8000000.0 9.20982786272e-24
12037171.0755 1e-300
18111685.9377 1e-300
27251682.7623 1e-300
41004145.9383 1e-300
61696739.9331 1e-300
92831776.6723 1e-300
139678997.131 1e-300
210167498.016 1e-300
316227766.017 1e-300
