600.0 9.501776597664996e-17
673.2110725811779 8.701416179335975e-17
755.3552470765005 7.96474488644107e-17
847.5225267736523 7.282468263454681e-17
950.9359154766685 6.644422449103586e-17
1066.9676460233536 6.05891729761981e-17
1197.1573889813274 5.519663861987496e-17
1343.232683141004 5.026953807216951e-17
1507.1318589057475 4.5804028085152055e-17
1691.0297587586729 4.1746094438535136e-17
1897.3665961010274 3.8096107980687916e-17
2128.880335401452 3.476096805946723e-17
2388.643023320984 3.176985898051921e-17
2680.101552905778 2.9120352476599714e-17
3007.123401763635 2.6783306234191542e-17
3374.0479511420945 2.4707660504085826e-17
3785.7440668811582 2.2861590428781848e-17
4247.674706304828 2.1203525593611898e-17
4765.969408345688 1.9737621315606256e-17
5347.505628802475 1.84365372184919e-17
6000.0 1.726691794372166e-17
6732.110725811781 1.6206692864449372e-17
7553.552470765005 1.52325984372916e-17
8475.225267736525 1.4349724823243522e-17
9509.359154766682 1.3540209861525609e-17
10669.676460233537 1.2789679318283999e-17
11971.573889813279 1.2084882988819371e-17
13432.326831410039 1.1412101989013072e-17
15071.318589057477 1.0779408984530767e-17
16910.297587586723 1.0158989348178306e-17
18973.665961010276 9.561215320748847e-18
21288.80335401453 8.986021652692255e-18
23886.43023320984 8.428122751078351e-18
26801.01552905778 7.880977241804441e-18
30071.234017636332 7.345969462934013e-18
33740.47951142094 6.822733407418132e-18
37857.4406688116 6.312651391038753e-18
42476.74706304828 5.8142122753356855e-18
47659.69408345688 5.326546523693265e-18
53475.05628802473 4.8516014916133205e-18
60000.0 4.3867551009146215e-18
67321.10725811782 3.9388176731216964e-18
75535.52470765004 3.509349605179322e-18
84752.25267736526 3.0991250298392077e-18
95093.5915476668 2.7093419008117057e-18
106696.76460233537 2.3421488717749177e-18
119715.73889813278 1.995316202490769e-18
134323.26831410037 1.673992693374559e-18
150713.1858905748 1.3819395036358192e-18
169102.97587586724 1.1208328712043341e-18
189736.65961010277 8.909161028980253e-19
212888.03354014526 6.915817971452036e-19
238864.30233209833 5.180362116109676e-19
268010.15529057785 3.7521333900760832e-19
300712.34017636336 2.6111838293751947e-19
337404.7951142094 1.7466992434069632e-19
378574.40668811597 1.0980031538231182e-19
424767.47063048277 6.546610319440221e-20
476596.9408345689 3.741697067285749e-20
534750.5628802474 2.196781730823387e-20
600000.0 1.5551269365922572e-20
1203868.0515568182 1e-300
2415497.142598682 1e-300
4846566.3976688925 1e-300
9724377.409837324 1e-300
19511445.47497328 1e-300
39148676.41168862 1e-300
78549734.6546132 1e-300
157605860.01492405 1e-300
316227766.01683795 1e-300
