100.0 5.057101638746633e-13
112.2018454301963 4.91518543228175e-13
125.89254117941675 4.746393116072106e-13
141.2537544622754 4.554576527504849e-13
158.4893192461114 4.335308657774194e-13
177.82794100389228 4.1001583947279413e-13
199.5262314968879 3.8540842521181374e-13
223.87211385683398 3.5998773158969756e-13
251.18864315095794 3.3406720836973924e-13
281.8382931264455 3.081585861776939e-13
316.22776601683796 2.8200846594841136e-13
354.8133892335753 2.565600078309109e-13
398.1071705534973 2.3202090857801635e-13
446.683592150963 2.0859064539912962e-13
501.18723362727246 1.864439648107683e-13
562.341325190349 1.6571967308917021e-13
630.957344480193 1.4634197146737867e-13
707.945784384138 1.286101254858101e-13
794.3282347242814 1.1249787345664375e-13
891.2509381337459 9.796670847386164e-14
1000.0 8.495869032103085e-14
1122.0184543019636 7.339513254845517e-14
1258.9254117941675 6.311425500407927e-14
1412.537544622754 5.407636268757115e-14
1584.8931924611134 4.6176983996415623e-14
1778.279410038923 3.929473068944393e-14
1995.26231496888 3.3317326643012444e-14
2238.72113856834 2.8151561618430143e-14
2511.8864315095793 2.3673585710923735e-14
2818.382931264454 1.9844952487557466e-14
3162.277660168379 1.6576544980687597e-14
3548.1338923357553 1.3793129603553536e-14
3981.0717055349737 1.1431140171925074e-14
4466.83592150963 9.436398025024838e-15
5011.872336272722 7.751406356884423e-15
5623.413251903491 6.338517029911006e-15
6309.573444801933 5.157809900373172e-15
7079.45784384138 4.175531037247904e-15
7943.282347242814 3.3624196973869195e-15
8912.509381337455 2.6928000604218918e-15
10000.0 2.1378320488497567e-15
11220.184543019635 1.685802946909161e-15
12589.254117941673 1.3187661956095757e-15
14125.375446227546 1.0225688835354943e-15
15848.931924611135 7.851547817245871e-16
17782.79410038923 5.959823097377016e-16
19952.623149688796 4.45199378971349e-16
22387.211385683393 3.2782337372974304e-16
25118.8643150958 2.3731923571799405e-16
28183.82931264454 1.6851835370745225e-16
31622.776601683792 1.170437089244869e-16
35481.33892335755 7.916530992192747e-17
39810.71705534972 5.153843605088012e-17
44668.359215096316 3.2256336844375285e-17
50118.72336272722 1.926793999868148e-17
56234.13251903491 1.0967876994375784e-17
63095.73444801933 5.756324262181228e-18
70794.5784384138 2.7872254826871536e-18
79432.82347242815 1.2427116221456332e-18
89125.09381337457 5.48139031174449e-19
100000.0 3.160737148947154e-19
244843.67468222292 1e-300
599484.2503189408 1e-300
1467799.2676220706 1e-300
3593813.6638046256 1e-300
8799225.435691074 1e-300
21544346.900318865 1e-300
52749970.6370262 1e-300
129154966.50148827 1e-300
316227766.01683795 1e-300
