11094.2523472 2.21075357871e-20
25100.0754888 1.00644798982e-20
39105.8986304 6.53061364884e-21
53111.721772 4.84113121202e-21
67117.5449136 3.84896577747e-21
81123.3680552 3.18643751119e-21
95129.1911968 2.71271721867e-21
109135.014338 2.35775514795e-21
123140.83748 2.08289615254e-21
137146.660622 1.86584581924e-21
151152.483763 1.68916464595e-21
165158.306905 1.54218865962e-21
179164.130046 1.41607390937e-21
193169.953188 1.31044992415e-21
207175.776329 1.22086816814e-21
221181.599471 1.13796491108e-21
235187.422613 1.07137379925e-21
249193.245754 1.00579943004e-21
263199.068896 9.53136366843e-22
277204.892037 9.00473303646e-22
291210.715179 8.57790489447e-22
305216.538321 8.16278111836e-22
319222.361462 7.78862335285e-22
333228.184604 7.46117930137e-22
347234.007745 7.1337352499e-22
361239.830887 6.85204908151e-22
375245.654029 6.58617589586e-22
389251.47717 6.32030271021e-22
403257.300312 6.09293088339e-22
417263.123453 5.88312157056e-22
431268.946595 5.67331225773e-22
445274.769736 5.47369443154e-22
459280.592878 5.30348424949e-22
473286.41602 5.13327406744e-22
487292.239161 4.96306388539e-22
501298.062303 4.8084272899e-22
515303.885444 4.67624367617e-22
529309.708586 4.54406006243e-22
543315.531728 4.41187644869e-22
557321.354869 4.28218326353e-22
571327.178011 4.17700550069e-22
585333.001152 4.07182773785e-22
599338.824294 3.96664997501e-22
613344.647436 3.86147221217e-22
627350.470577 3.76172723331e-22
641356.293719 3.67844722217e-22
655362.11686 3.59516721103e-22
669367.940002 3.51188719988e-22
683373.763143 3.42860718874e-22
697379.586285 3.3453271776e-22
711385.409427 3.27611344917e-22
725391.232568 3.21013715198e-22
739397.05571 3.14416085479e-22
753402.878851 3.07818455761e-22
767408.701993 3.01220826042e-22
781414.525135 2.94623196323e-22
795420.348276 2.89040202559e-22
809426.171418 2.83862598898e-22
823431.994559 2.78684995236e-22
837437.817701 2.73507391574e-22
851443.640843 2.68329787913e-22
865449.463984 2.63152184251e-22
879455.287126 2.57974580589e-22
893461.110267 2.53707819345e-22
907466.933409 2.49574738851e-22
921472.75655 2.45441658357e-22
935478.579692 2.41308577864e-22
949484.402834 2.3717549737e-22
963490.225975 2.33042416877e-22
977496.049117 2.28909336383e-22
991501.872258 2.24946299899e-22
1005507.6954 2.21687013859e-22
1019513.51854 2.18427727819e-22
1033519.34168 2.15168441779e-22
1047525.16482 2.11909155739e-22
1061530.98797 2.08649869699e-22
1075536.81111 2.05390583659e-22
1089542.63425 2.02131297619e-22
1103548.45739 1.98872011579e-22
1117554.28053 1.96009674819e-22
1131560.10367 1.93434306858e-22
1145565.92682 1.90858938898e-22
1159571.74996 1.88283570937e-22
1173577.5731 1.85708202977e-22
1187583.39624 1.83132835017e-22
1201589.21938 1.80557467056e-22
1215595.04252 1.77982099096e-22
1229600.86567 1.75406731135e-22
1243606.68881 1.72831363175e-22
1257612.51195 1.70702967796e-22
1271618.33509 1.68616033603e-22
1285624.15823 1.6652909941e-22
1299629.98137 1.64442165217e-22
1313635.80451 1.62355231024e-22
1327641.62766 1.60268296831e-22
1341647.4508 1.58181362638e-22
1355653.27394 1.56094428445e-22
1369659.09708 1.54007494252e-22
1383664.92022 1.51920560059e-22
1397670.74336 1.49866191711e-22
1411676.56651 1.48241318992e-22
1425682.38965 1.46616446274e-22
1439688.21279 1.44991573555e-22
1453694.03593 1.43366700837e-22
1467699.85907 1.41741828119e-22
1481705.68221 1.401169554e-22
1495711.50536 1.38492082682e-22
1509717.3285 1.36867209964e-22
1523723.15164 1.35242337245e-22
1537728.97478 1.33617464527e-22
1551734.79792 1.31992591808e-22
1565740.62106 1.3036771909e-22
1579746.44421 1.29052534705e-22
1593752.26735 1.27770769175e-22
1607758.09049 1.26489003645e-22
1621763.91363 1.25207238115e-22
1635769.73677 1.23925472585e-22
1649775.55991 1.22643707055e-22
1663781.38305 1.21361941525e-22
1677787.2062 1.20080175995e-22
1691793.02934 1.18798410465e-22
1705798.85248 1.17516644935e-22
1719804.67562 1.16234879405e-22
1733810.49876 1.14953113875e-22
1747816.3219 1.13671348345e-22
1761822.14505 1.12459728889e-22
1775827.96819 1.11458532658e-22
1789833.79133 1.10457336427e-22
1803839.61447 1.09456140196e-22
1817845.43761 1.08454943965e-22
1831851.26075 1.07453747734e-22
1845857.0839 1.06452551503e-22
1859862.90704 1.05451355272e-22
1873868.73018 1.04450159041e-22
1887874.55332 1.0344896281e-22
1901880.37646 1.02447766579e-22
1915886.1996 1.01446570348e-22
1929892.02274 1.00445374117e-22
1943897.84589 9.9444177886e-23
1957903.66903 9.8442981655e-23
1971909.49217 9.74417854239e-23
1985915.31531 9.66460563947e-23
1999921.13845 9.58654226828e-23
2013926.96159 9.5084788971e-23
2027932.78474 9.43041552591e-23
2041938.60788 9.35235215473e-23
2055944.43102 9.27428878354e-23
2069950.25416 9.19622541235e-23
2083956.0773 9.11816204117e-23
2097961.90044 9.04009866998e-23
2111967.72359 8.9620352988e-23
2125973.54673 8.88397192761e-23
2139979.36987 8.80590855643e-23
2153985.19301 8.72784518524e-23
2167991.01615 8.64978181405e-23
2181996.83929 8.57171844287e-23
2196002.66244 8.49365507168e-23
2210008.48558 8.4155917005e-23
2224014.30872 8.34941988662e-23
2238020.13186 8.28734038321e-23
2252025.955 8.22526087979e-23
2266031.77814 8.16318137637e-23
2280037.60128 8.10110187295e-23
2294043.42443 8.03902236953e-23
2308049.24757 7.97694286611e-23
2322055.07071 7.91486336269e-23
2336060.89385 7.85278385927e-23
2350066.71699 7.79070435585e-23
2364072.54013 7.72862485244e-23
2378078.36328 7.66654534902e-23
2392084.18642 7.6044658456e-23
2406090.00956 7.54238634218e-23
2420095.8327 7.48030683876e-23
2434101.65584 7.41822733534e-23
2448107.47898 7.35614783192e-23
2462113.30213 7.2940683285e-23
2476119.12527 7.23198882508e-23
2490124.94841 7.17556872804e-23
2504130.77155 7.12581419535e-23
2518136.59469 7.07605966266e-23
2532142.41783 7.02630512997e-23
2546148.24097 6.97655059728e-23
2560154.06412 6.9267960646e-23
2574159.88726 6.87704153191e-23
2588165.7104 6.82728699922e-23
2602171.53354 6.77753246653e-23
2616177.35668 6.72777793384e-23
2630183.17982 6.67802340115e-23
2644189.00297 6.62826886846e-23
2658194.82611 6.57851433577e-23
2672200.64925 6.52875980308e-23
2686206.47239 6.4790052704e-23
2700212.29553 6.42925073771e-23
2714218.11867 6.37949620502e-23
2728223.94182 6.32974167233e-23
2742229.76496 6.27998713964e-23
2756235.5881 6.23023260695e-23
2770241.41124 6.18047807426e-23
2784247.23438 6.13072354157e-23
2798253.05752 6.09096596208e-23
2812258.88066 6.05338366429e-23
2826264.70381 6.01580136651e-23
2840270.52695 5.97821906872e-23
2854276.35009 5.94063677093e-23
2868282.17323 5.90305447315e-23
2882287.99637 5.86547217536e-23
2896293.81951 5.82788987758e-23
2910299.64266 5.79030757979e-23
2924305.4658 5.752725282e-23
2938311.28894 5.71514298422e-23
2952317.11208 5.67756068643e-23
2966322.93522 5.63997838865e-23
2980328.75836 5.60239609086e-23
2994334.58151 5.56481379307e-23
3008340.40465 5.52723149529e-23
3022346.22779 5.4896491975e-23
3036352.05093 5.45206689972e-23
3050357.87407 5.41448460193e-23
3064363.69721 5.37690230414e-23
3078369.52036 5.33932000636e-23
3092375.3435 5.30173770857e-23
3106381.16664 5.26415541079e-23
3120386.98978 5.226573113e-23
3134392.81292 5.19370144554e-23
3148398.63606 5.16479148418e-23
3162404.4592 5.13588152283e-23
3176410.28235 5.10697156148e-23
3190416.10549 5.07806160012e-23
3204421.92863 5.04915163877e-23
3218427.75177 5.02024167742e-23
3232433.57491 4.99133171606e-23
3246439.39805 4.96242175471e-23
3260445.2212 4.93351179336e-23
3274451.04434 4.904601832e-23
3288456.86748 4.87569187065e-23
3302462.69062 4.8467819093e-23
3316468.51376 4.81787194794e-23
3330474.3369 4.78896198659e-23
3344480.16005 4.76005202524e-23
3358485.98319 4.73114206388e-23
3372491.80633 4.70223210253e-23
3386497.62947 4.67332214118e-23
3400503.45261 4.64441217982e-23
3414509.27575 4.61550221847e-23
3428515.09889 4.58659225712e-23
3442520.92204 4.55768229576e-23
3456526.74518 4.52877233441e-23
3470532.56832 4.49986237306e-23
3484538.39146 4.4709524117e-23
3498544.2146 4.44204245035e-23
3512550.03774 4.41510263934e-23
3526555.86089 4.39270151461e-23
3540561.68403 4.37030038989e-23
3554567.50717 4.34789926516e-23
3568573.33031 4.32549814043e-23
3582579.15345 4.3030970157e-23
3596584.97659 4.28069589097e-23
3610590.79974 4.25829476624e-23
3624596.62288 4.23589364151e-23
3638602.44602 4.21349251678e-23
3652608.26916 4.19109139205e-23
3666614.0923 4.16869026733e-23
3680619.91544 4.1462891426e-23
3694625.73859 4.12388801787e-23
3708631.56173 4.10148689314e-23
3722637.38487 4.07908576841e-23
3736643.20801 4.05668464368e-23
3750649.03115 4.03428351895e-23
3764654.85429 4.01188239422e-23
3778660.67743 3.98948126949e-23
3792666.50058 3.96708014476e-23
3806672.32372 3.94467902004e-23
3820678.14686 3.92227789531e-23
3834683.97 3.89987677058e-23
3848689.79314 3.87747564585e-23
3862695.61628 3.85507452112e-23
3876701.43943 3.83267339639e-23
3890707.26257 3.81027227166e-23
3904713.08571 3.78787114693e-23
3918718.90885 3.7654700222e-23
3932724.73199 3.74306889748e-23
3946730.55513 3.72449000158e-23
3960736.37828 3.70726555395e-23
3974742.20142 3.69004110632e-23
3988748.02456 3.67281665869e-23
4002753.8477 3.65559221105e-23
4016759.67084 3.63836776342e-23
4030765.49398 3.62114331579e-23
4044771.31712 3.60391886815e-23
4058777.14027 3.58669442052e-23
4072782.96341 3.56946997289e-23
4086788.78655 3.55224552526e-23
4100794.60969 3.53502107762e-23
4114800.43283 3.51779662999e-23
4128806.25597 3.50057218236e-23
4142812.07912 3.48334773472e-23
4156817.90226 3.46612328709e-23
4170823.7254 3.44889883946e-23
4184829.54854 3.43167439182e-23
4198835.37168 3.41444994419e-23
4212841.19482 3.39722549656e-23
4226847.01797 3.38000104893e-23
4240852.84111 3.36277660129e-23
4254858.66425 3.34555215366e-23
4268864.48739 3.32832770603e-23
4282870.31053 3.31110325839e-23
4296876.13367 3.29387881076e-23
4310881.95681 3.27665436313e-23
4324887.77996 3.25942991549e-23
4338893.6031 3.24220546786e-23
4352899.42624 3.22498102023e-23
4366905.24938 3.2077565726e-23
4380911.07252 3.19053212496e-23
4394916.89566 3.17330767733e-23
4408922.71881 3.1560832297e-23
4422928.54195 3.14069477367e-23
4436934.36509 3.1275997679e-23
4450940.18823 3.11450476213e-23
4464946.01137 3.10140975636e-23
4478951.83451 3.08831475059e-23
4492957.65766 3.07521974483e-23
4506963.4808 3.06212473906e-23
4520969.30394 3.04902973329e-23
4534975.12708 3.03593472752e-23
4548980.95022 3.02283972175e-23
4562986.77336 3.00974471598e-23
4576992.59651 2.99664971021e-23
4590998.41965 2.98355470444e-23
4605004.24279 2.97045969867e-23
4619010.06593 2.9573646929e-23
4633015.88907 2.94426968713e-23
4647021.71221 2.93117468137e-23
4661027.53535 2.9180796756e-23
4675033.3585 2.90498466983e-23
4689039.18164 2.89188966406e-23
4703045.00478 2.87879465829e-23
4717050.82792 2.86569965252e-23
4731056.65106 2.85260464675e-23
4745062.4742 2.83950964098e-23
4759068.29735 2.82641463521e-23
4773074.12049 2.81331962944e-23
4787079.94363 2.80022462367e-23
4801085.76677 2.78712961791e-23
4815091.58991 2.77403461214e-23
4829097.41305 2.76093960637e-23
4843103.2362 2.7478446006e-23
4857109.05934 2.73474959483e-23
4871114.88248 2.72165458906e-23
4885120.70562 2.70855958329e-23
4899126.52876 2.69546457752e-23
4913132.3519 2.68236957175e-23
4927138.17504 2.66927456598e-23
4941143.99819 2.65617956021e-23
4955149.82133 2.64308455445e-23
4969155.64447 2.63278435691e-23
4983161.46761 2.62258134561e-23
4997167.29075 2.6123783343e-23
5011173.11389 2.602175323e-23
5025178.93704 2.5919723117e-23
5039184.76018 2.58176930039e-23
5053190.58332 2.57156628909e-23
5067196.40646 2.56136327779e-23
5081202.2296 2.55116026648e-23
5095208.05274 2.54095725518e-23
5109213.87589 2.53075424388e-23
5123219.69903 2.52055123258e-23
5137225.52217 2.51034822127e-23
5151231.34531 2.50014520997e-23
5165237.16845 2.48994219867e-23
5179242.99159 2.47973918736e-23
5193248.81474 2.46953617606e-23
5207254.63788 2.45933316476e-23
5221260.46102 2.44913015345e-23
5235266.28416 2.43892714215e-23
5249272.1073 2.42872413085e-23
5263277.93044 2.41852111954e-23
5277283.75358 2.40831810824e-23
5291289.57673 2.39811509694e-23
5305295.39987 2.38791208563e-23
5319301.22301 2.37770907433e-23
5333307.04615 2.36750606303e-23
5347312.86929 2.35730305172e-23
5361318.69243 2.34710004042e-23
5375324.51558 2.33689702912e-23
5389330.33872 2.32669401782e-23
5403336.16186 2.31649100651e-23
5417341.985 2.30628799521e-23
5431347.80814 2.29608498391e-23
5445353.63128 2.2858819726e-23
5459359.45443 2.2756789613e-23
5473365.27757 2.26547595e-23
5487371.10071 2.25527293869e-23
5501376.92385 2.24506992739e-23
5515382.74699 2.23486691609e-23
5529388.57013 2.22466390478e-23
5543394.39327 2.21446089348e-23
5557400.21642 2.20425788218e-23
5571406.03956 2.1959060109e-23
5585411.8627 2.18803697641e-23
5599417.68584 2.18016794192e-23
5613423.50898 2.17229890744e-23
5627429.33212 2.16442987295e-23
5641435.15527 2.15656083846e-23
5655440.97841 2.14869180397e-23
5669446.80155 2.14082276948e-23
5683452.62469 2.13295373499e-23
5697458.44783 2.1250847005e-23
5711464.27097 2.11721566601e-23
5725470.09412 2.10934663152e-23
5739475.91726 2.10147759703e-23
5753481.7404 2.09360856255e-23
5767487.56354 2.08573952806e-23
5781493.38668 2.07787049357e-23
5795499.20982 2.07000145908e-23
5809505.03296 2.06213242459e-23
5823510.85611 2.0542633901e-23
5837516.67925 2.04639435561e-23
5851522.50239 2.03852532112e-23
5865528.32553 2.03065628663e-23
5879534.14867 2.02278725214e-23
5893539.97181 2.01491821766e-23
5907545.79496 2.00704918317e-23
5921551.6181 1.99918014868e-23
5935557.44124 1.99131111419e-23
5949563.26438 1.9834420797e-23
5963569.08752 1.97557304521e-23
5977574.91066 1.96770401072e-23
5991580.73381 1.95983497623e-23
6005586.55695 1.95196594174e-23
6019592.38009 1.94409690725e-23
6033598.20323 1.93622787277e-23
6047604.02637 1.92835883828e-23
6061609.84951 1.92048980379e-23
6075615.67266 1.9126207693e-23
6089621.4958 1.90475173481e-23
6103627.31894 1.89688270032e-23
6117633.14208 1.88901366583e-23
6131638.96522 1.88114463134e-23
6145644.78836 1.87327559685e-23
6159650.6115 1.86540656236e-23
6173656.43465 1.85753752787e-23
6187662.25779 1.84966849339e-23
6201668.08093 1.8417994589e-23
6215673.90407 1.83393042441e-23
6229679.72721 1.82606138992e-23
6243685.55035 1.8191083365e-23
6257691.3735 1.81384208392e-23
6271697.19664 1.80857583134e-23
6285703.01978 1.80330957876e-23
6299708.84292 1.79804332618e-23
6313714.66606 1.7927770736e-23
6327720.4892 1.78751082102e-23
6341726.31235 1.78224456844e-23
6355732.13549 1.77697831586e-23
6369737.95863 1.77171206328e-23
6383743.78177 1.7664458107e-23
6397749.60491 1.76117955812e-23
6411755.42805 1.75591330554e-23
6425761.25119 1.75064705296e-23
6439767.07434 1.74538080038e-23
6453772.89748 1.7401145478e-23
6467778.72062 1.73484829522e-23
6481784.54376 1.72958204264e-23
6495790.3669 1.72431579006e-23
6509796.19004 1.71904953748e-23
6523802.01319 1.7137832849e-23
6537807.83633 1.70851703232e-23
6551813.65947 1.70325077974e-23
6565819.48261 1.69798452716e-23
6579825.30575 1.69271827458e-23
6593831.12889 1.687452022e-23
6607836.95204 1.68218576942e-23
6621842.77518 1.67691951684e-23
6635848.59832 1.67165326426e-23
6649854.42146 1.66638701168e-23
6663860.2446 1.6611207591e-23
6677866.06774 1.65585450652e-23
6691871.89089 1.65058825394e-23
6705877.71403 1.64532200137e-23
6719883.53717 1.64005574879e-23
6733889.36031 1.63478949621e-23
6747895.18345 1.62952324363e-23
6761901.00659 1.62425699105e-23
6775906.82973 1.61899073847e-23
6789912.65288 1.61372448589e-23
6803918.47602 1.60845823331e-23
6817924.29916 1.60319198073e-23
6831930.1223 1.59792572815e-23
6845935.94544 1.59265947557e-23
6859941.76858 1.58739322299e-23
6873947.59173 1.58212697041e-23
6887953.41487 1.57686071783e-23
6901959.23801 1.57159446525e-23
6915965.06115 1.56632821267e-23
6929970.88429 1.56106196009e-23
6943976.70743 1.55579570751e-23
6957982.53058 1.55052945493e-23
6971988.35372 1.54526320235e-23
6985994.17686 1.53999694977e-23
7000000.0 1.53473069719e-23
10689958.9025 1e-300
16325031.6196 1e-300
24930559.585 1e-300
38072379.6256 1e-300
58141739.074 1e-300
88790400.1743 1e-300
135595104.114 1e-300
207072298.622 1e-300
316227766.017 1e-300
