5000.0 1.026225564947753e-17
5610.092271509815 1.001211672844739e-17
6294.627058970837 8.770697045369074e-18
7062.6877231137705 7.467609812714215e-18
7924.46596230557 7.239832020367183e-18
8891.397050194615 5.978720492969535e-18
9976.311574844394 5.6293113493587575e-18
11193.6056928417 4.986649939817037e-18
12559.432157547897 4.455786222466673e-18
14091.914656322275 3.884489525141316e-18
15811.388300841896 3.285517280675789e-18
17740.669461678768 2.959990503828296e-18
19905.358527674867 2.5305885674416517e-18
22334.17960754815 2.2334307231149336e-18
25059.36168136362 1.9813816705858254e-18
28117.066259517454 1.7108237510993362e-18
31547.86722400965 1.4469667349244147e-18
35397.289219206905 1.2414176287170928e-18
39716.41173621407 1.0696866211442239e-18
44562.5469066873 8.975704182663484e-19
50000.0 7.60739826746505e-19
56100.922715098175 6.419323872995082e-19
62946.27058970838 5.387017764518769e-19
70626.8772311377 4.5113486926424125e-19
79244.65962305566 3.7473509651573187e-19
88913.97050194615 3.1124786839328925e-19
99763.11574844399 2.5651101735304674e-19
111936.05692841699 2.1038133678645e-19
125594.32157547897 1.7111097320973944e-19
140919.1465632227 1.3867556423864488e-19
158113.88300841895 1.1238071086431328e-19
177406.69461678775 9.018363447786878e-20
199053.58527674866 7.19563335384773e-20
223341.7960754815 5.653375936036058e-20
250593.6168136361 4.431276620503158e-20
281170.66259517457 3.4885203494694824e-20
315478.67224009667 2.685474466155997e-20
353972.89219206903 2.0576106752906512e-20
397164.1173621407 1.5749188927542288e-20
445625.4690668728 1.1953269424087144e-20
500000.0 9.030890961523467e-21
561009.2271509818 6.569049014991767e-21
629462.7058970836 4.880708629857934e-21
706268.7723113772 3.5605277029312855e-21
792446.5962305567 2.497880367128446e-21
889139.7050194615 1.7802061113392966e-21
997631.1574844399 1.2505832908596494e-21
1119360.5692841697 8.540748397257677e-22
1255943.2157547902 5.705724850477306e-22
1409191.465632227 3.7632281995050193e-22
1581138.8300841898 2.4414224810954497e-22
1774066.9461678774 1.5135055741571265e-22
1990535.852767486 9.295079863271753e-23
2233417.960754816 5.578784071484017e-23
2505936.168136361 3.257771762574686e-23
2811706.6259517455 1.8698932097143074e-23
3154786.722400966 1.0369373771578968e-23
3539728.9219206898 5.583242550326533e-24
3971641.1736214072 2.8761539266640843e-24
4456254.690668727 1.259806109657551e-24
5000000.0 4.813199990520116e-25
7926554.468671059 1e-300
12566053.148961805 1e-300
19921100.948292248 1e-300
31581138.34850658 1e-300
50065922.66041477 1e-300
79370052.59841008 1e-300
125826209.0205164 1e-300
199473659.87750262 1e-300
316227766.01683795 1e-300
