400.0 2.554077587271586e-14
448.8073817207852 2.337624651260663e-14
503.570164717667 2.1300932497467574e-14
565.0150178491016 1.9324654823972405e-14
633.9572769844456 1.7438008558728115e-14
711.3117640155691 1.567699596943254e-14
798.1049259875516 1.4041547860919659e-14
895.4884554273359 1.2531249989350629e-14
1004.7545726038318 1.1144352291516196e-14
1127.353172505782 9.877337185430739e-15
1264.9110640673518 8.71686498121913e-15
1419.2535569343013 7.665227274692315e-15
1592.4286822139893 6.715965244170748e-15
1786.734368603852 5.861948894315372e-15
2004.7489345090898 5.095950948960808e-15
2249.365300761396 4.410992429620262e-15
2523.829377920772 3.795756000277598e-15
2831.783137536552 3.2493916628310804e-15
3177.3129388971256 2.766394676822628e-15
3565.0037525349835 2.342435617791018e-15
4000.0 1.973597985707439e-15
4488.0738172078545 1.6559321654897243e-15
5035.70164717667 1.3837194106629278e-15
5650.150178491016 1.1511172973401473e-15
6339.572769844453 9.525706105590597e-16
7113.117640155692 7.837708891240119e-16
7981.04925987552 6.409593901785674e-16
8954.88455427336 5.206447785768845e-16
10047.545726038317 4.193899046507641e-16
11273.531725057815 3.353198734446611e-16
12649.110640673516 2.6599128691736476e-16
14192.535569343021 2.0925144518997712e-16
15924.286822139895 1.6318376124139233e-16
17867.34368603852 1.2608384770793956e-16
20047.48934509089 9.622495874684594e-17
22493.653007613964 7.264797545439266e-17
25238.293779207732 5.4241098725230175e-17
28317.83137536552 4.003536681877024e-17
31773.129388971254 2.9206081934911145e-17
35650.03752534982 2.1060410220444275e-17
40000.0 1.4941220795599313e-17
44880.73817207854 1.0457734847309318e-17
50357.01647176669 7.218464426828906e-18
56501.501784910186 4.913256420723327e-18
63395.72769844454 3.2963755242505018e-18
71131.17640155692 2.17699565222691e-18
79810.49259875518 1.40874984858118e-18
89548.84554273357 8.957599893459113e-19
100475.4572603832 5.592645301767672e-19
112735.31725057815 3.425898472141056e-19
126491.10640673517 2.0578356435330154e-19
141925.3556934302 1.2117808640793928e-19
159242.86822139888 7.001053381744155e-20
178673.43686038526 3.980363958415543e-20
200474.8934509089 2.2265881696043833e-20
224936.53007613964 1.2180509234072672e-20
252382.9377920773 6.407955113105792e-21
283178.3137536552 3.1148310748704402e-21
317731.2938897126 1.228379171480387e-21
356500.37525349826 4.455557338814496e-22
400000.0 2.1962169945968337e-22
839563.0674438832 1e-300
1762165.3605394554 1e-300
3698622.3885946455 1e-300
7763066.894712855 1e-300
16293960.63724296 1e-300
34199518.9335339 1e-300
71781632.55235718 1e-300
150663019.0294667 1e-300
316227766.01683795 1e-300
