0.0448807381721 7.22280611358e-21
0.0503570164718 7.08106599715e-21
0.0565015017849 7.45846247894e-21
0.0633957276984 7.15869719534e-21
0.0711311764016 7.29165210419e-21
0.0798104925988 5.6863553061e-21
0.0895488455427 5.42996732264e-21
0.10047545726 5.16209436836e-21
0.112735317251 6.9010821728e-21
0.126491106407 7.9445197825e-21
0.141925355693 8.22258663001e-21
0.159242868221 1.03818830678e-20
0.17867343686 1.21557220117e-20
0.200474893451 1.32592759555e-20
0.224936530076 1.55643042745e-20
0.252382937792 1.97800177875e-20
0.283178313754 2.71302816885e-20
0.31773129389 3.89734919855e-20
0.356500375253 5.21027419416e-20
0.4 7.2531889674e-20
0.448807381721 1.03936179974e-19
0.503570164718 1.65117584388e-19
0.565015017849 2.87781906111e-19
0.633957276984 4.65980053866e-19
0.711311764016 6.19243554948e-19
0.798104925988 7.16765086334e-19
0.895488455427 7.73697943911e-19
1.0047545726 7.97156422834e-19
1.12735317251 7.97563817612e-19
1.26491106407 7.83714062802e-19
1.41925355693 7.58967586468e-19
1.59242868221 7.32696308354e-19
1.7867343686 7.0292730391e-19
2.00474893451 6.68445376494e-19
2.24936530076 6.31853107973e-19
2.52382937792 5.98718018926e-19
2.83178313754 5.62237884022e-19
3.1773129389 5.28172436282e-19
3.56500375253 4.93721218011e-19
4.0 4.59730618707e-19
4.48807381721 4.28153500801e-19
5.03570164718 3.98084655695e-19
5.65015017849 3.69876628888e-19
6.33957276984 3.41613030162e-19
7.11311764016 3.15199891334e-19
7.98104925988 2.90649928107e-19
8.95488455427 2.67697389006e-19
10.047545726 2.46051228068e-19
11.2735317251 2.26835695569e-19
12.6491106407 2.08546207039e-19
14.1925355693 1.91844366337e-19
15.9242868221 1.76343408729e-19
17.867343686 1.62055731571e-19
20.0474893451 1.48607377734e-19
22.4936530076 1.35810083909e-19
25.2382937792 1.23812636016e-19
28.3178313754 1.13375959017e-19
31.773129389 1.03726622596e-19
35.6500375253 9.47806161656e-20
40.0 8.64490979574e-20
44.8807381721 7.88492075001e-20
50.3570164718 7.18457830737e-20
56.5015017849 6.55157081429e-20
63.3957276984 5.96912625568e-20
71.1311764016 5.43346571109e-20
79.8104925988 4.9474540509e-20
89.5488455427 4.5009723133e-20
100.47545726 4.09779956196e-20
112.735317251 3.72914352462e-20
126.491106407 3.39354006632e-20
141.925355693 3.0836527104e-20
159.242868221 2.80365805742e-20
178.67343686 2.54760347635e-20
200.474893451 2.31146370557e-20
224.936530076 2.09358627303e-20
252.382937792 1.89619727661e-20
283.178313754 1.72080393851e-20
317.73129389 1.5590212993e-20
356.500375253 1.41451215344e-20
400.0 1.28353080297e-20
448.807381721 1.1615933476e-20
503.570164718 1.05261977248e-20
565.015017849 9.54178316767e-21
633.957276984 8.63466715637e-21
711.311764016 7.811865909e-21
798.104925988 7.0676522436e-21
895.488455427 6.38701716314e-21
1004.7545726 5.77880332993e-21
1127.35317251 5.23691496134e-21
1264.91106407 4.746158628e-21
1419.25355693 4.28890118621e-21
1592.42868221 3.87044743422e-21
1786.7343686 3.48920021767e-21
2004.74893451 3.14725084653e-21
2249.36530076 2.83430304256e-21
2523.82937792 2.54993970866e-21
2831.78313754 2.28836485248e-21
3177.3129389 2.05299500649e-21
3565.00375253 1.84248207529e-21
4000.0 1.65334619084e-21
4488.07381721 1.48159977247e-21
5035.70164718 1.32777712246e-21
5650.15017849 1.19065747558e-21
6339.57276984 1.06914631277e-21
7113.11764016 9.59599646042e-22
7981.04925988 8.61730591499e-22
8954.88455427 7.73317846199e-22
10047.545726 6.93756446326e-22
11273.5317251 6.22385597558e-22
12649.1106407 5.58791894018e-22
14192.5355693 5.01271721484e-22
15924.2868221 4.49586428421e-22
17867.343686 4.02889613212e-22
20047.4893451 3.61205314817e-22
22493.6530076 3.2401855107e-22
25238.2937792 2.90547910631e-22
28317.8313754 2.60485046338e-22
31773.129389 2.33106373007e-22
35650.0375253 2.09012922656e-22
40000.0 1.87462113114e-22
44880.7381721 1.67910740564e-22
50357.0164718 1.50540888166e-22
56501.5017849 1.34929897251e-22
63395.7276984 1.21102146447e-22
71131.1764016 1.0851299943e-22
79810.4925988 9.71899663872e-23
89548.8455427 8.69511527308e-23
100475.45726 7.79147166106e-23
112735.317251 6.98251494244e-23
126491.106407 6.26960999248e-23
141925.355693 5.62073181509e-23
159242.868221 5.03327940772e-23
178673.43686 4.49995757437e-23
200474.893451 4.03680273451e-23
224936.530076 3.60848306629e-23
252382.937792 3.2300383722e-23
283178.313754 2.88900868379e-23
317731.29389 2.58045326883e-23
356500.375253 2.30778774905e-23
400000.0 2.0641765389e-23
448807.381721 1.8456436462e-23
503570.164718 1.65192257448e-23
565015.017849 1.47510028541e-23
633957.276984 1.3159168318e-23
711311.764016 1.17381015573e-23
798104.925988 1.04905538201e-23
895488.455427 9.39525525966e-24
1004754.5726 8.3864353001e-24
1127353.17251 7.47395825667e-24
1264911.06407 6.66286372172e-24
1419253.55693 5.93291602081e-24
1592428.68221 5.29364074975e-24
1786734.3686 4.71752685551e-24
2004748.93451 4.20034458453e-24
2249365.30076 3.73315602581e-24
2523829.37792 3.31479703283e-24
2831783.13754 2.94352108944e-24
3177312.9389 2.61328486496e-24
3565003.75253 2.31573500847e-24
4000000.0 2.0476684429e-24
4488073.81721 1.80811394564e-24
5035701.64718 1.59466249989e-24
5650150.17849 1.40570789796e-24
6339572.76984 1.23688992812e-24
7113117.64016 1.08404080376e-24
7981049.25988 9.48650594035e-25
8954884.55427 8.2864197326e-25
10047545.726 7.21009078282e-25
11273531.7251 6.24818229023e-25
12649110.6407 5.41014108943e-25
14192535.5693 4.67488310694e-25
15924286.8221 4.01371742056e-25
17867343.686 3.43032660882e-25
20047489.3451 2.92392906577e-25
22493653.0076 2.47995571525e-25
25238293.7792 2.10726547941e-25
28317831.3754 1.79574991075e-25
31773129.389 1.53085223873e-25
35650037.5253 1.30662401502e-25
40000000.0 1.12973888449e-25
50330483.6082 1e-300
63328939.5059 1e-300
79684403.7932 1e-300
100263864.474 1e-300
126158219.685 1e-300
158740105.197 1e-300
199736656.564 1e-300
251321062.979 1e-300
316227766.017 1e-300
