0.100981660887 1.20479180166e-21
0.113303287061 1.24331474298e-21
0.127128379016 1.00736857371e-21
0.142640387322 1.07738182364e-21
0.160045146904 9.60217561046e-22
0.179573608347 9.62769152356e-22
0.201484902471 9.21629570262e-22
0.226069778836 8.49727468042e-22
0.253654463814 8.83540470226e-22
0.284604989415 9.44947527561e-22
0.31933205031 1.08280976198e-21
0.358296453498 1.44758282427e-21
0.402015232936 1.83170800331e-21
0.451068510265 2.59782261018e-21
0.506107192671 4.07393667745e-21
0.567861610032 6.77692804748e-21
0.637151205946 1.13663495439e-20
0.714895411252 1.98843490017e-20
0.80212584432 3.71202895784e-20
0.9 6.4089484761e-20
1.00981660887 8.43290851068e-20
1.13303287061 8.24769789051e-20
1.27128379016 9.38414194839e-20
1.42640387322 1.05700135081e-19
1.60045146904 1.08332545418e-19
1.79573608347 1.070777588e-19
2.01484902471 1.04280796859e-19
2.26069778836 1.0117704962e-19
2.53654463814 9.72727569692e-20
2.84604989415 9.34890586018e-20
3.1933205031 8.84856095861e-20
3.58296453498 8.34933604534e-20
4.02015232936 7.86885830328e-20
4.51068510265 7.35027645408e-20
5.06107192671 6.85382912083e-20
5.67861610032 6.38305434249e-20
6.37151205946 5.92427001999e-20
7.14895411252 5.50886036487e-20
8.0212584432 5.10288230263e-20
9.0 4.73364308348e-20
10.0981660887 4.39203680791e-20
11.3303287061 4.06575223817e-20
12.7128379016 3.74030914575e-20
14.2640387322 3.44667912655e-20
16.0045146904 3.17671976446e-20
17.9573608347 2.92410820629e-20
20.1484902471 2.6837853086e-20
22.6069778836 2.46307668737e-20
25.3654463814 2.25484576804e-20
28.4604989415 2.0655428015e-20
31.933205031 1.88581346065e-20
35.8296453498 1.72623358225e-20
40.2015232936 1.57937827994e-20
45.1068510265 1.44603607849e-20
50.6107192671 1.3230678699e-20
56.7861610032 1.20596618594e-20
63.7151205946 1.09905866708e-20
71.4895411252 1.00553003242e-20
80.212584432 9.17781198396e-21
90.0 8.35753063488e-21
100.981660887 7.60432880161e-21
113.303287061 6.92238088879e-21
127.128379016 6.29368626954e-21
142.640387322 5.72785557446e-21
160.045146904 5.209380314e-21
179.573608347 4.73158248643e-21
201.484902471 4.29609679095e-21
226.069778836 3.90081556329e-21
253.654463814 3.53931165964e-21
284.604989415 3.20544200349e-21
319.33205031 2.90796582392e-21
358.296453498 2.63801417622e-21
402.015232936 2.4004135186e-21
451.068510265 2.17664884503e-21
506.107192671 1.9751128219e-21
567.861610032 1.79257076312e-21
637.151205946 1.62441315196e-21
714.895411252 1.46962357259e-21
802.12584432 1.32958490984e-21
900.0 1.20246757426e-21
1009.81660887 1.08811722718e-21
1133.03287061 9.81529172418e-22
1271.28379016 8.85713707905e-22
1426.40387322 7.9831299677e-22
1600.45146904 7.20187176223e-22
1795.73608347 6.49084699272e-22
2014.84902471 5.837983062e-22
2260.69778836 5.26726230465e-22
2536.54463814 4.75089808446e-22
2846.04989415 4.27624754223e-22
3193.3205031 3.85259702905e-22
3582.96453498 3.46826547582e-22
4020.15232936 3.11657949211e-22
4510.68510265 2.7955978266e-22
5061.07192671 2.51313815485e-22
5678.61610032 2.25562325941e-22
6371.51205946 2.02519003389e-22
7148.95411252 1.81673981638e-22
8021.2584432 1.6270341808e-22
9000.0 1.45962236303e-22
10098.1660887 1.30968478052e-22
11330.3287061 1.17526586653e-22
12712.8379016 1.05411551237e-22
14264.0387322 9.45514777516e-23
16004.5146904 8.47772083741e-23
17957.3608347 7.60965606399e-23
20148.4902471 6.83480489306e-23
22606.9778836 6.13619361347e-23
25365.4463814 5.50056955144e-23
28460.4989415 4.93377353015e-23
31933.205031 4.43210077203e-23
35829.6453498 3.97625981878e-23
40201.5232936 3.55894493885e-23
45106.8510265 3.18677596783e-23
50610.7192671 2.85839796227e-23
56786.1610032 2.5637423258e-23
63715.1205946 2.2981834194e-23
71489.5411252 2.05925721889e-23
80212.584432 1.84700981513e-23
90000.0 1.65542683795e-23
100981.660887 1.48454445801e-23
113303.287061 1.33264690727e-23
127128.379016 1.19540902852e-23
142640.387322 1.07219243452e-23
160045.146904 9.59661435041e-24
179573.608347 8.58515516403e-24
201484.902471 7.68886948172e-24
226069.778836 6.8825375729e-24
253654.463814 6.16579979348e-24
284604.989415 5.51889853847e-24
319332.05031 4.94070052764e-24
358296.453498 4.42685124777e-24
402015.232936 3.96450101868e-24
451068.510265 3.55085441856e-24
506107.192671 3.17621563102e-24
567861.610032 2.84103257141e-24
637151.205946 2.54299710188e-24
714895.411252 2.27601453684e-24
802125.84432 2.03623548054e-24
900000.0 1.82003322332e-24
1009816.60887 1.62612017672e-24
1133032.87061 1.45471215788e-24
1271283.79016 1.3000595128e-24
1426403.87322 1.16355890226e-24
1600451.46904 1.03913944275e-24
1795736.08347 9.29186337997e-25
2014849.02471 8.29517461764e-25
2260697.78836 7.40455348077e-25
2536544.63814 6.59484704582e-25
2846049.89415 5.88058845402e-25
3193320.5031 5.24490991466e-25
3582964.53498 4.68024972759e-25
4020152.32936 4.16751797703e-25
4510685.10265 3.70805817585e-25
5061071.92671 3.30066047934e-25
5678616.10032 2.92754270782e-25
6371512.05946 2.59880376768e-25
7148954.11252 2.30263448514e-25
8021258.4432 2.04212682972e-25
9000000.0 1.80788837979e-25
10098166.0887 1.59828314509e-25
11330328.7061 1.40921814114e-25
12712837.9016 1.24171272501e-25
14264038.7322 1.09175140371e-25
16004514.6904 9.56848797769e-26
17957360.8347 8.38479220599e-26
20148490.2471 7.32034477494e-26
22606977.8836 6.36856575173e-26
25365446.3814 5.53341201292e-26
28460498.9415 4.79207639852e-26
31933205.031 4.13025752486e-26
35829645.3498 3.54068035981e-26
40201523.2936 3.02978838854e-26
45106851.0265 2.5886521544e-26
50610719.2671 2.19707911094e-26
56786161.0032 1.86601191516e-26
63715120.5946 1.58551028805e-26
71489541.1252 1.34761249056e-26
80212584.432 1.1423389932e-26
90000000.0 9.81270629187e-27
103486150.106 1e-300
118993147.374 1e-300
136823807.897 1e-300
157326323.579 1e-300
180901061.527 1e-300
208008382.305 1e-300
239177629.716 1e-300
275017467.675 1e-300
316227766.017 1e-300
