10644.401677 5.05757538393e-16
11224.2726155 4.65643133139e-16
11804.1435541 4.25528727884e-16
12384.0144926 3.93135899153e-16
12963.8854311 3.63179216593e-16
13543.7563696 3.35111706962e-16
14123.6273081 3.12802404132e-16
14703.4982467 2.90493101303e-16
15283.3691852 2.70677619565e-16
15863.2401237 2.54205175156e-16
16443.1110622 2.37732730746e-16
17022.9820008 2.22391318569e-16
17602.8529393 2.10212726994e-16
18182.7238778 1.98034135419e-16
18762.5948163 1.85855543845e-16
19342.4657549 1.75967847766e-16
19922.3366934 1.66999983502e-16
20502.2076319 1.58032119238e-16
21082.0785704 1.49064254975e-16
21661.9495089 1.41851855392e-16
22241.8204475 1.35287203319e-16
22821.691386 1.28722551245e-16
23401.5623245 1.22157899172e-16
23981.433263 1.16058561405e-16
24561.3042016 1.11273901215e-16
25141.1751401 1.06489241025e-16
25721.0460786 1.01704580835e-16
26300.9170171 9.69199206455e-17
26880.7879557 9.24555624862e-17
27460.6588942 8.89673847982e-17
28040.5298327 8.54792071102e-17
28620.4007712 8.19910294221e-17
29200.2717097 7.85028517341e-17
29780.1426483 7.50146740461e-17
30360.0135868 7.21250418851e-17
30939.8845253 6.96009365798e-17
31519.7554638 6.70768312746e-17
32099.6264024 6.45527259694e-17
32679.4973409 6.20286206642e-17
33259.3682794 5.95045153589e-17
33839.2392179 5.7200396203e-17
34419.1101565 5.53901905226e-17
34998.981095 5.35799848422e-17
35578.8520335 5.17697791618e-17
36158.722972 4.99595734814e-17
36738.5939105 4.81493678009e-17
37318.4648491 4.63391621205e-17
37898.3357876 4.46435720852e-17
38478.2067261 4.33423694978e-17
39058.0776646 4.20411669104e-17
39637.9486032 4.0739964323e-17
40217.8195417 3.94387617356e-17
40797.6904802 3.81375591482e-17
41377.5614187 3.68363565608e-17
41957.4323573 3.55351539734e-17
42537.3032958 3.4339244523e-17
43117.1742343 3.34168580595e-17
43697.0451728 3.2494471596e-17
44276.9161113 3.15720851325e-17
44856.7870499 3.0649698669e-17
45436.6579884 2.97273122055e-17
46016.5289269 2.88049257419e-17
46596.3998654 2.78825392784e-17
47176.270804 2.69601528149e-17
47756.1417425 2.61367596054e-17
48336.012681 2.54885762299e-17
48915.8836195 2.48403928545e-17
49495.7545581 2.4192209479e-17
50075.6254966 2.35440261036e-17
50655.4964351 2.28958427281e-17
51235.3673736 2.22476593527e-17
51815.2383121 2.15994759772e-17
52395.1092507 2.09512926018e-17
52974.9801892 2.03031092264e-17
53554.8511277 1.97232732721e-17
54134.7220662 1.92670447012e-17
54714.5930048 1.88108161303e-17
55294.4639433 1.83545875594e-17
55874.3348818 1.78983589886e-17
56454.2058203 1.74421304177e-17
57034.0767588 1.69859018468e-17
57613.9476974 1.65296732759e-17
58193.8186359 1.6073444705e-17
58773.6895744 1.56172161342e-17
59353.5605129 1.51609875633e-17
59933.4314515 1.47232568765e-17
60513.30239 1.44089830591e-17
61093.1733285 1.40947092416e-17
61673.044267 1.37804354242e-17
62252.9152056 1.34661616068e-17
62832.7861441 1.31518877893e-17
63412.6570826 1.28376139719e-17
63992.5280211 1.25233401545e-17
64572.3989596 1.2209066337e-17
65152.2698982 1.18947925196e-17
65732.1408367 1.15805187022e-17
66312.0117752 1.12662448847e-17
66891.8827137 1.09519710673e-17
67471.7536523 1.06910968954e-17
68051.6245908 1.04766713722e-17
68631.4955293 1.0262245849e-17
69211.3664678 1.00478203258e-17
69791.2374064 9.8333948026e-18
70371.1083449 9.61896927939e-18
70950.9792834 9.40454375618e-18
71530.8502219 9.19011823297e-18
72110.7211604 8.97569270976e-18
72690.592099 8.76126718655e-18
73270.4630375 8.54684166334e-18
73850.333976 8.33241614013e-18
74430.2049145 8.11799061692e-18
75010.0758531 7.90356509371e-18
75589.9467916 7.71706318281e-18
76169.8177301 7.57202623635e-18
76749.6886686 7.4269892899e-18
77329.5596072 7.28195234344e-18
77909.4305457 7.13691539699e-18
78489.3014842 6.99187845053e-18
79069.1724227 6.84684150408e-18
79649.0433612 6.70180455763e-18
80228.9142998 6.55676761117e-18
80808.7852383 6.41173066472e-18
81388.6561768 6.26669371826e-18
81968.5271153 6.12165677181e-18
82548.3980539 5.97661982535e-18
83128.2689924 5.8315828789e-18
83708.1399309 5.68654593244e-18
84288.0108694 5.54150898599e-18
84867.881808 5.42323549202e-18
85447.7527465 5.32724926931e-18
86027.623685 5.23126304659e-18
86607.4946235 5.13527682388e-18
87187.365562 5.03929060117e-18
87767.2365006 4.94330437845e-18
88347.1074391 4.84731815574e-18
88926.9783776 4.75133193302e-18
89506.8493161 4.65534571031e-18
90086.7202547 4.5593594876e-18
90666.5911932 4.46337326488e-18
91246.4621317 4.36738704217e-18
91826.3330702 4.27140081946e-18
92406.2040088 4.17541459674e-18
92986.0749473 4.07942837403e-18
93565.9458858 3.98344215131e-18
94145.8168243 3.8874559286e-18
94725.6877628 3.79146970589e-18
95305.5587014 3.72087381266e-18
95885.4296399 3.65856128881e-18
96465.3005784 3.59624876496e-18
97045.1715169 3.53393624111e-18
97625.0424555 3.47162371726e-18
98204.913394 3.40931119341e-18
98784.7843325 3.34699866956e-18
99364.655271 3.28468614572e-18
99944.5262096 3.22237362187e-18
100524.397148 3.16006109802e-18
101104.268087 3.09774857417e-18
101684.139025 3.03543605032e-18
102264.009964 2.97312352647e-18
102843.880902 2.91081100262e-18
103423.751841 2.84849847877e-18
104003.622779 2.78618595492e-18
104583.493718 2.72387343107e-18
105163.364656 2.66156090722e-18
105743.235595 2.59924838337e-18
106323.106533 2.53693585952e-18
106902.977472 2.49238587841e-18
107482.84841 2.45251532461e-18
108062.719349 2.41264477082e-18
108642.590287 2.37277421702e-18
109222.461226 2.33290366322e-18
109802.332164 2.29303310943e-18
110382.203103 2.25316255563e-18
110962.074041 2.21329200184e-18
111541.94498 2.17342144804e-18
112121.815919 2.13355089425e-18
112701.686857 2.09368034045e-18
113281.557796 2.05380978666e-18
113861.428734 2.01393923286e-18
114441.299673 1.97406867907e-18
115021.170611 1.93419812527e-18
115601.04155 1.89432757148e-18
116180.912488 1.85445701768e-18
116760.783427 1.81458646389e-18
117340.654365 1.77471591009e-18
117920.525304 1.7348453563e-18
118500.396242 1.6949748025e-18
119080.267181 1.6551042487e-18
119660.138119 1.62127617358e-18
120240.009058 1.59677429647e-18
120819.879996 1.57227241937e-18
121399.750935 1.54777054227e-18
121979.621873 1.52326866516e-18
122559.492812 1.49876678806e-18
123139.36375 1.47426491096e-18
123719.234689 1.44976303385e-18
124299.105628 1.42526115675e-18
124878.976566 1.40075927965e-18
125458.847505 1.37625740254e-18
126038.718443 1.35175552544e-18
126618.589382 1.32725364834e-18
127198.46032 1.30275177123e-18
127778.331259 1.27824989413e-18
128358.202197 1.25374801703e-18
128938.073136 1.22924613992e-18
129517.944074 1.20474426282e-18
130097.815013 1.18024238572e-18
130677.685951 1.15574050862e-18
131257.55689 1.13123863151e-18
131837.427828 1.10673675441e-18
132417.298767 1.08223487731e-18
132997.169705 1.0577330002e-18
133577.040644 1.0332311231e-18
134156.911582 1.0113327385e-18
134736.782521 9.96773893041e-19
135316.653459 9.82215047581e-19
135896.524398 9.67656202122e-19
136476.395337 9.53097356663e-19
137056.266275 9.38538511204e-19
137636.137214 9.23979665745e-19
138216.008152 9.09420820286e-19
138795.879091 8.94861974827e-19
139375.750029 8.80303129368e-19
139955.620968 8.65744283909e-19
140535.491906 8.5118543845e-19
141115.362845 8.36626592991e-19
141695.233783 8.22067747532e-19
142275.104722 8.07508902073e-19
142854.97566 7.92950056614e-19
143434.846599 7.78391211155e-19
144014.717537 7.63832365696e-19
144594.588476 7.49273520237e-19
145174.459414 7.34714674778e-19
145754.330353 7.20155829319e-19
146334.201291 7.0559698386e-19
146914.07223 6.91038138401e-19
147493.943168 6.76479292942e-19
148073.814107 6.61920447483e-19
148653.685045 6.47361602024e-19
149233.555984 6.32802756565e-19
149813.426923 6.18243911105e-19
150393.297861 6.04077340648e-19
150973.1688 5.9564514528e-19
151553.039738 5.87212949913e-19
152132.910677 5.78780754546e-19
152712.781615 5.70348559179e-19
153292.652554 5.61916363812e-19
153872.523492 5.53484168445e-19
154452.394431 5.45051973078e-19
155032.265369 5.3661977771e-19
155612.136308 5.28187582343e-19
156192.007246 5.19755386976e-19
156771.878185 5.11323191609e-19
157351.749123 5.02890996242e-19
157931.620062 4.94458800875e-19
158511.491 4.86026605507e-19
159091.361939 4.7759441014e-19
159671.232877 4.69162214773e-19
160251.103816 4.60730019406e-19
160830.974754 4.52297824039e-19
161410.845693 4.43865628672e-19
161990.716632 4.35433433304e-19
162570.58757 4.27001237937e-19
163150.458509 4.1856904257e-19
163730.329447 4.10136847203e-19
164310.200386 4.01704651836e-19
164890.071324 3.93272456469e-19
165469.942263 3.84840261102e-19
166049.813201 3.76408065734e-19
166629.68414 3.67975870367e-19
167209.555078 3.59543675e-19
167789.426017 3.51111479633e-19
168369.296955 3.42679284266e-19
168949.167894 3.35903107789e-19
169529.038832 3.31362292726e-19
170108.909771 3.26821477664e-19
170688.780709 3.22280662602e-19
171268.651648 3.1773984754e-19
171848.522586 3.13199032477e-19
172428.393525 3.08658217415e-19
173008.264463 3.04117402353e-19
173588.135402 2.99576587291e-19
174168.006341 2.95035772228e-19
174747.877279 2.90494957166e-19
175327.748218 2.85954142104e-19
175907.619156 2.81413327041e-19
176487.490095 2.76872511979e-19
177067.361033 2.72331696917e-19
177647.231972 2.67790881855e-19
178227.10291 2.63250066792e-19
178806.973849 2.5870925173e-19
179386.844787 2.54168436668e-19
179966.715726 2.49627621606e-19
180546.586664 2.45086806543e-19
181126.457603 2.40545991481e-19
181706.328541 2.36005176419e-19
182286.19948 2.31464361357e-19
182866.070418 2.26923546294e-19
183445.941357 2.22382731232e-19
184025.812295 2.1784191617e-19
184605.683234 2.13301101107e-19
185185.554172 2.08760286045e-19
185765.425111 2.04219470983e-19
186345.296049 1.99678655921e-19
186925.166988 1.95137840858e-19
187505.037927 1.90597025796e-19
188084.908865 1.86056210734e-19
188664.779804 1.81515395672e-19
189244.650742 1.76974580609e-19
189824.521681 1.74529084797e-19
190404.392619 1.7224952653e-19
190984.263558 1.69969968263e-19
191564.134496 1.67690409996e-19
192144.005435 1.65410851729e-19
192723.876373 1.63131293462e-19
193303.747312 1.60851735195e-19
193883.61825 1.58572176928e-19
194463.489189 1.56292618662e-19
195043.360127 1.54013060395e-19
195623.231066 1.51733502128e-19
196203.102004 1.49453943861e-19
196782.972943 1.47174385594e-19
197362.843881 1.44894827327e-19
197942.71482 1.4261526906e-19
198522.585758 1.40335710793e-19
199102.456697 1.38056152526e-19
199682.327636 1.35776594259e-19
200262.198574 1.33497035993e-19
200842.069513 1.31217477726e-19
201421.940451 1.28937919459e-19
202001.81139 1.26658361192e-19
202581.682328 1.24378802925e-19
203161.553267 1.22099244658e-19
203741.424205 1.19819686391e-19
204321.295144 1.17540128124e-19
204901.166082 1.15260569857e-19
205481.037021 1.12981011591e-19
206060.907959 1.10701453324e-19
206640.778898 1.08421895057e-19
207220.649836 1.0614233679e-19
207800.520775 1.03862778523e-19
208380.391713 1.01583220256e-19
208960.262652 9.93036619891e-20
209540.13359 9.70241037223e-20
210120.004529 9.47445454554e-20
210699.875467 9.24649871885e-20
211279.746406 9.01854289216e-20
211859.617344 8.79058706547e-20
212439.488283 8.57445794297e-20
213019.359222 8.46950834062e-20
213599.23016 8.36455873827e-20
214179.101099 8.25960913592e-20
214758.972037 8.15465953357e-20
215338.842976 8.04970993121e-20
215918.713914 7.94476032886e-20
216498.584853 7.83981072651e-20
217078.455791 7.73486112416e-20
217658.32673 7.6299115218e-20
218238.197668 7.52496191945e-20
218818.068607 7.4200123171e-20
219397.939545 7.31506271475e-20
219977.810484 7.2101131124e-20
220557.681422 7.10516351004e-20
221137.552361 7.00021390769e-20
221717.423299 6.89526430534e-20
222297.294238 6.79031470299e-20
222877.165176 6.68536510064e-20
223457.036115 6.58041549828e-20
224036.907053 6.47546589593e-20
224616.777992 6.37051629358e-20
225196.648931 6.26556669123e-20
225776.519869 6.16061708888e-20
226356.390808 6.05566748652e-20
226936.261746 5.95071788417e-20
227516.132685 5.84576828182e-20
228096.003623 5.74081867947e-20
228675.874562 5.63586907711e-20
229255.7455 5.53091947476e-20
229835.616439 5.42596987241e-20
230415.487377 5.32102027006e-20
230995.358316 5.21607066771e-20
231575.229254 5.11112106535e-20
232155.100193 5.006171463e-20
232734.971131 4.90122186065e-20
233314.84207 4.7962722583e-20
233894.713008 4.69132265595e-20
234474.583947 4.58637305359e-20
235054.454885 4.48142345124e-20
235634.325824 4.37647384889e-20
236214.196762 4.27152424654e-20
236794.067701 4.16657464418e-20
237373.93864 4.06162504183e-20
237953.809578 3.95667543948e-20
238533.680517 3.87734208786e-20
239113.551455 3.83554504317e-20
239693.422394 3.79374799847e-20
240273.293332 3.75195095378e-20
240853.164271 3.71015390908e-20
241433.035209 3.66835686439e-20
242012.906148 3.62655981969e-20
242592.777086 3.584762775e-20
243172.648025 3.54296573031e-20
243752.518963 3.50116868561e-20
244332.389902 3.45937164092e-20
244912.26084 3.41757459622e-20
245492.131779 3.37577755153e-20
246072.002717 3.33398050683e-20
246651.873656 3.29218346214e-20
247231.744594 3.25038641744e-20
247811.615533 3.20858937275e-20
248391.486471 3.16679232805e-20
248971.35741 3.12499528336e-20
249551.228348 3.08319823866e-20
250131.099287 3.04140119397e-20
250710.970226 2.99960414927e-20
251290.841164 2.95780710458e-20
251870.712103 2.91601005988e-20
252450.583041 2.87421301519e-20
253030.45398 2.83241597049e-20
253610.324918 2.7906189258e-20
254190.195857 2.7488218811e-20
254770.066795 2.70702483641e-20
255349.937734 2.66522779171e-20
255929.808672 2.62343074702e-20
256509.679611 2.58163370232e-20
257089.550549 2.53983665763e-20
257669.421488 2.49803961293e-20
258249.292426 2.45624256824e-20
258829.163365 2.41444552354e-20
259409.034303 2.37264847885e-20
259988.905242 2.33085143415e-20
260568.77618 2.28905438946e-20
261148.647119 2.24725734476e-20
261728.518057 2.20546030007e-20
262308.388996 2.16366325537e-20
262888.259935 2.12186621068e-20
263468.130873 2.08006916598e-20
264048.001812 2.03827212129e-20
264627.87275 1.99647507659e-20
265207.743689 1.9546780319e-20
265787.614627 1.9128809872e-20
266367.485566 1.87108394251e-20
266947.356504 1.82928689781e-20
267527.227443 1.79470852472e-20
268107.098381 1.78046006837e-20
268686.96932 1.76621161203e-20
269266.840258 1.75196315568e-20
269846.711197 1.73771469933e-20
270426.582135 1.72346624299e-20
271006.453074 1.70921778664e-20
271586.324012 1.69496933029e-20
272166.194951 1.68072087395e-20
272746.065889 1.6664724176e-20
273325.936828 1.65222396125e-20
273905.807766 1.63797550491e-20
274485.678705 1.62372704856e-20
275065.549644 1.60947859221e-20
275645.420582 1.59523013587e-20
276225.291521 1.58098167952e-20
276805.162459 1.56673322317e-20
277385.033398 1.55248476683e-20
277964.904336 1.53823631048e-20
278544.775275 1.52398785413e-20
279124.646213 1.50973939778e-20
279704.517152 1.49549094144e-20
280284.38809 1.48124248509e-20
280864.259029 1.46699402874e-20
281444.129967 1.4527455724e-20
282024.000906 1.43849711605e-20
282603.871844 1.4242486597e-20
283183.742783 1.41000020336e-20
283763.613721 1.39575174701e-20
284343.48466 1.38150329066e-20
284923.355598 1.36725483432e-20
285503.226537 1.35300637797e-20
286083.097475 1.33875792162e-20
286662.968414 1.32450946528e-20
287242.839352 1.31026100893e-20
287822.710291 1.29601255258e-20
288402.58123 1.28176409624e-20
288982.452168 1.26751563989e-20
289562.323107 1.25326718354e-20
290142.194045 1.2390187272e-20
290722.064984 1.22477027085e-20
291301.935922 1.2105218145e-20
291881.806861 1.19627335816e-20
292461.677799 1.18202490181e-20
293041.548738 1.16777644546e-20
293621.419676 1.15352798912e-20
294201.290615 1.13927953277e-20
294781.161553 1.12503107642e-20
295361.032492 1.11078262008e-20
295940.90343 1.09653416373e-20
296520.774369 1.08228570738e-20
297100.645307 1.06803725103e-20
297680.516246 1.05378879469e-20
298260.387184 1.03954033834e-20
298840.258123 1.02529188199e-20
299420.129061 1.01104342565e-20
300000.0 9.96794969301e-21
650124.706713 1e-300
1408873.78093 1e-300
3053145.51207 1e-300
6616417.76861 1e-300
14338322.2044 1e-300
31072325.0595 1e-300
67336287.3874 1e-300
145923280.296 1e-300
316227766.017 1e-300
