800.0 1.7215579758152423e-15
897.6147634415704 1.5944357135634667e-15
1007.140329435334 1.472128756610508e-15
1130.0300356982032 1.3550563318133538e-15
1267.9145539688911 1.242272437492568e-15
1422.6235280311382 1.1348333130019137e-15
1596.2098519751032 1.0330346344176166e-15
1790.9769108546718 9.369616763955167e-16
2009.5091452076636 8.466405014217579e-16
2254.706345011564 7.621265090529717e-16
2529.8221281347037 6.826176780275881e-16
2838.5071138686026 6.088997274423924e-16
3184.8573644279786 5.408492366856023e-16
3573.468737207704 4.783129200780818e-16
4009.4978690181797 4.211221839640185e-16
4498.730601522792 3.690989371192556e-16
5047.658755841544 3.216078207207328e-16
5663.566275073104 2.789065648417713e-16
6354.625877794251 2.40664756349132e-16
7130.007505069967 2.0660741044043758e-16
8000.0 1.7648333781579456e-16
8976.147634415709 1.5004426290551796e-16
10071.40329435334 1.267821495261054e-16
11300.300356982032 1.0665759120052964e-16
12679.145539688907 8.934154449384389e-17
14226.235280311384 7.449504979039106e-17
15962.09851975104 6.181525664710532e-17
17909.76910854672 5.1048688440675696e-17
20095.091452076635 4.187172353599325e-17
22547.06345011563 3.415370368082543e-17
25298.221281347032 2.7698020434235672e-17
28385.071138686042 2.2328259834840805e-17
31848.57364427979 1.7888658839361797e-17
35734.68737207704 1.4242675784518445e-17
40094.97869018178 1.1245749797660588e-17
44987.30601522793 8.81748821644448e-18
50476.587558415464 6.860639765319595e-18
56635.66275073104 5.2964434202255336e-18
63546.25877794251 4.055971055869625e-18
71300.07505069964 3.07795129425448e-18
80000.0 2.3105833737661126e-18
89761.47634415708 1.716603700729751e-18
100714.03294353338 1.2613856914028913e-18
113003.00356982037 9.160304326671477e-19
126791.45539688908 6.569018688959652e-19
142262.35280311384 4.648730136390943e-19
159620.98519751037 3.2352213887899077e-19
179097.69108546714 2.212747883756175e-19
200950.9145207664 1.4853079638839688e-19
225470.6345011563 9.777287883995309e-20
252982.21281347034 6.303752206936512e-20
283850.7113868604 3.969482246285629e-20
318485.73644279776 2.4165868503730605e-20
357346.8737207705 1.4321753745493183e-20
400949.7869018178 8.250665312568165e-21
449873.0601522793 4.624435822111328e-21
504765.8755841546 2.493695099638182e-21
566356.6275073104 1.2911209476550892e-21
635462.5877794252 6.308961546214156e-22
713000.7505069965 2.781313471448744e-22
800000.0 1.4546898543547287e-22
1554660.4270332805 1e-300
3021211.304229127 1e-300
5871197.070488283 1e-300
11409647.181002323 1e-300
22172658.698395114 1e-300
43088693.80063765 1e-300
83735358.88050696 1e-300
162725060.99369273 1e-300
316227766.01683795 1e-300
