0.0785412918011 4.21828723228e-20
0.0881247788256 4.87660797429e-20
0.0988776281236 5.54525562014e-20
0.110942523472 6.06804686879e-20
0.124479558703 6.77719734932e-20
0.139668362048 7.57864930426e-20
0.1567104797 8.49713370418e-20
0.175832050206 9.53557723554e-20
0.197286805189 1.09236954743e-19
0.221359436212 1.26287455254e-19
0.248369372464 1.44005806143e-19
0.278675019387 1.61770545881e-19
0.312678514506 1.81991485933e-19
0.350831063539 2.05133623771e-19
0.393638927633 2.30958746422e-19
0.441670141136 2.59645405578e-19
0.495562049069 2.88439171999e-19
0.556029764307 3.2311001699e-19
0.623875656694 3.61063711938e-19
0.7 4.04467029464e-19
0.785412918011 4.51747565578e-19
0.881247788256 5.02650961843e-19
0.988776281236 5.60595368841e-19
1.10942523472 6.20934840044e-19
1.24479558703 6.8663128176e-19
1.39668362048 7.55917217555e-19
1.567104797 8.30658987127e-19
1.75832050206 9.14030829534e-19
1.97286805189 1.00458831872e-18
2.21359436212 1.10239241374e-18
2.48369372464 1.20389535822e-18
2.78675019387 1.3116138596e-18
3.12678514506 1.42573538347e-18
3.50831063539 1.54886898415e-18
3.93638927633 1.67800712232e-18
4.41670141136 1.81065882898e-18
4.95562049069 1.94900424667e-18
5.56029764307 2.09213402858e-18
6.23875656694 2.23727332504e-18
7.0 2.38725822102e-18
7.85412918011 2.53895339272e-18
8.81247788256 2.69069847819e-18
9.88776281236 2.84129263362e-18
11.0942523472 2.98850640421e-18
12.4479558703 3.13393761863e-18
13.9668362048 3.2722766084e-18
15.67104797 3.40464612226e-18
17.5832050206 3.53024587271e-18
19.7286805189 3.64494691851e-18
22.1359436212 3.74793480547e-18
24.8369372464 3.83874645172e-18
27.8675019387 3.91447915289e-18
31.2678514506 3.97604104705e-18
35.0831063539 4.02280522717e-18
39.3638927633 4.05184758408e-18
44.1670141136 4.06461054169e-18
49.5562049069 4.06105651018e-18
55.6029764307 4.03855977415e-18
62.3875656694 4.00043899854e-18
70.0 3.94595904853e-18
78.5412918011 3.87497795018e-18
88.1247788256 3.79076959059e-18
98.8776281236 3.69355035641e-18
110.942523472 3.58346704596e-18
124.479558703 3.46359189223e-18
139.668362048 3.33463797892e-18
156.7104797 3.19691180436e-18
175.832050206 3.05439444214e-18
197.286805189 2.90781986456e-18
221.359436212 2.75747104461e-18
248.369372464 2.60606817272e-18
278.675019387 2.45496546071e-18
312.678514506 2.30428357421e-18
350.831063539 2.15626261426e-18
393.638927633 2.01175240644e-18
441.670141136 1.87098252837e-18
495.562049069 1.73527344744e-18
556.029764307 1.60510277857e-18
623.875656694 1.48055955713e-18
700.0 1.36233125303e-18
785.412918011 1.25080868643e-18
881.247788256 1.14550799434e-18
988.776281236 1.0467996027e-18
1109.42523472 9.54405357518e-19
1244.79558703 8.68267432612e-19
1396.68362048 7.88326242715e-19
1567.104797 7.14367451659e-19
1758.32050206 6.45962974008e-19
1972.86805189 5.83042604546e-19
2213.59436212 5.2528156678e-19
2483.69372464 4.72303909973e-19
2786.75019387 4.2395059964e-19
3126.78514506 3.79884406858e-19
3508.31063539 3.39754732168e-19
3936.38927633 3.03369855468e-19
4416.70141136 2.70421030223e-19
4955.62049069 2.40590923906e-19
5560.29764307 2.13743289934e-19
6238.75656694 1.8959378995e-19
7000.0 1.67852220408e-19
7854.12918011 1.48382838256e-19
8812.47788256 1.30972810419e-19
9887.76281236 1.1538723761e-19
11094.2523472 1.01514290973e-19
12447.9558703 8.91644078102e-20
13966.8362048 7.81890438569e-20
15671.04797 6.84633792377e-20
17583.2050206 5.98545112908e-20
19728.6805189 5.22384498572e-20
22135.9436212 4.55223067806e-20
24836.9372464 3.96082037389e-20
27867.5019387 3.44014504647e-20
31267.8514506 2.98347603668e-20
35083.1063539 2.58372756606e-20
39363.8927633 2.23361470187e-20
44167.0141136 1.92785994668e-20
49556.2049069 1.6611600659e-20
55602.9764307 1.4290446363e-20
62387.5656694 1.22741461765e-20
70000.0 1.05258147117e-20
78541.2918011 9.01021355019e-21
88124.7788256 7.69986995357e-21
98877.6281236 6.56984961068e-21
110942.523472 5.59563596731e-21
124479.558703 4.75729322009e-21
139668.362048 4.03808009819e-21
156710.4797 3.42077723489e-21
175832.050206 2.89312934988e-21
197286.805189 2.44255869609e-21
221359.436212 2.05847495285e-21
248369.372464 1.7316384095e-21
278675.019387 1.45410062713e-21
312678.514506 1.21871549812e-21
350831.063539 1.01951154559e-21
393638.927633 8.51254377824e-22
441670.141136 7.09280261358e-22
495562.049069 5.89973149198e-22
556029.764307 4.89744361401e-22
623875.656694 4.05698777538e-22
700000.0 3.35489266413e-22
785412.918011 2.76881109848e-22
881247.788256 2.28023630681e-22
988776.281236 1.87342339653e-22
1109425.23472 1.53647535917e-22
1244795.58703 1.25734213176e-22
1396683.62048 1.02681868946e-22
1567104.797 8.3669735564e-23
1758320.50206 6.79777094075e-23
1972868.05189 5.51025644775e-23
2213594.36212 4.45594694167e-23
2483693.72464 3.59275436137e-23
2786750.19387 2.88826173356e-23
3126785.14506 2.3156412512e-23
3508310.63539 1.848959955e-23
3936389.27633 1.4702558443e-23
4416701.41136 1.16452354418e-23
4955620.49069 9.18410059856e-24
5560297.64307 7.20539525962e-24
6238756.56694 5.62273807661e-24
7000000.0 4.3539239587e-24
7854129.18011 3.34760983671e-24
8812477.88256 2.55379431555e-24
9887762.81236 1.92870199442e-24
11094252.3472 1.44111342657e-24
12447955.8703 1.06427678605e-24
13966836.2048 7.73883921461e-25
15671047.97 5.54046214456e-25
17583205.0206 3.89426593168e-25
19728680.5189 2.67700287667e-25
22135943.6212 1.7975807068e-25
24836937.2464 1.17624487967e-25
27867501.9387 7.43935603328e-26
31267851.4506 4.53668619872e-26
35083106.3539 2.66930165646e-26
39363892.7633 1.50987700682e-26
44167014.1136 8.27323153586e-27
49556204.9069 4.47695871231e-27
55602976.4307 2.48676495136e-27
62387565.6694 1.44927692654e-27
70000000.0 9.71549523069e-28
82768469.4755 1e-300
97865993.4188 1e-300
115717406.985 1e-300
136825038.112 1e-300
161782842.721 1e-300
191293118.277 1e-300
226186266.014 1e-300
267444157.92 1e-300
316227766.017 1e-300
