10098.1660887 1.55783384561e-20
28114.0014272 7.74512923523e-21
46129.8367657 5.99842524572e-21
64145.6721042 5.22271527384e-21
82161.5074427 4.74582781946e-21
100177.342781 4.40582659947e-21
118193.17812 4.14638737995e-21
136209.013458 3.93415450869e-21
154224.848797 3.75454188148e-21
172240.684135 3.59423115093e-21
190256.519474 3.45055586799e-21
208272.354812 3.32094017441e-21
226288.190151 3.20172834604e-21
244304.025489 3.09523746795e-21
262319.860828 2.99443832387e-21
280335.696166 2.89978087276e-21
298351.531505 2.81313782299e-21
316367.366843 2.72898382316e-21
334383.202182 2.65273640037e-21
352399.03752 2.57804636656e-21
370414.872859 2.5097902254e-21
388430.708197 2.44466513128e-21
406446.543536 2.38140872523e-21
424462.378874 2.32388092671e-21
442478.214213 2.26635312818e-21
460494.049551 2.21224046648e-21
478509.88489 2.16124030959e-21
496525.720228 2.11024015269e-21
514541.555567 2.06207721759e-21
532557.390905 2.01713737864e-21
550573.226244 1.97219753968e-21
568589.061582 1.9274695937e-21
586604.896921 1.88777742955e-21
604620.732259 1.84808526539e-21
622636.567598 1.80839310124e-21
640652.402936 1.7696940398e-21
658668.238275 1.73511200658e-21
676684.073613 1.70052997335e-21
694699.908952 1.66594794013e-21
712715.74429 1.63136590691e-21
730731.579629 1.60097677367e-21
748747.414967 1.57116474503e-21
766763.250306 1.54135271639e-21
784779.085644 1.51154068775e-21
802794.920983 1.48186977294e-21
820810.756321 1.45585743376e-21
838826.59166 1.42984509459e-21
856842.426998 1.40383275541e-21
874858.262337 1.37782041624e-21
892874.097675 1.35180807706e-21
910889.933014 1.32794966553e-21
928905.768352 1.30550069132e-21
946921.603691 1.28305171711e-21
964937.439029 1.2606027429e-21
982953.274368 1.23815376868e-21
1000969.10971 1.21570479447e-21
1018984.94504 1.19497991651e-21
1037000.78038 1.17591880172e-21
1055016.61572 1.15685768693e-21
1073032.45106 1.13779657214e-21
1091048.2864 1.11873545736e-21
1109064.12174 1.09967434257e-21
1127079.95708 1.08061322778e-21
1145095.79241 1.06328953735e-21
1163111.62775 1.04682324591e-21
1181127.46309 1.03035695447e-21
1199143.29843 1.01389066303e-21
1217159.13377 9.97424371587e-22
1235174.96911 9.80958080146e-22
1253190.80445 9.64491788706e-22
1271206.63978 9.48025497265e-22
1289222.47512 9.3405185856e-22
1307238.31046 9.20088940212e-22
1325254.1458 9.06126021863e-22
1343269.98114 8.92163103515e-22
1361285.81648 8.78200185166e-22
1379301.65181 8.64237266818e-22
1397317.48715 8.50274348469e-22
1415333.32249 8.36311430121e-22
1433349.15783 8.23239763556e-22
1451364.99317 8.11588722439e-22
1469380.82851 7.99937681323e-22
1487396.66385 7.88286640206e-22
1505412.49918 7.7663559909e-22
1523428.33452 7.64984557974e-22
1541444.16986 7.53333516857e-22
1559460.0052 7.41682475741e-22
1577475.84054 7.30031434625e-22
1595491.67588 7.18380393508e-22
1613507.51122 7.08128660462e-22
1631523.34655 6.9840850341e-22
1649539.18189 6.88688346358e-22
1667555.01723 6.78968189306e-22
1685570.85257 6.69248032254e-22
1703586.68791 6.59527875201e-22
1721602.52325 6.49807718149e-22
1739618.35858 6.40087561097e-22
1757634.19392 6.30367404045e-22
1775650.02926 6.20647246993e-22
1793665.8646 6.1092708994e-22
1811681.69994 6.02741286574e-22
1829697.53528 5.94754688297e-22
1847713.37062 5.8676809002e-22
1865729.20595 5.78781491743e-22
1883745.04129 5.70794893466e-22
1901760.87663 5.62808295189e-22
1919776.71197 5.54821696912e-22
1937792.54731 5.46835098635e-22
1955808.38265 5.38848500358e-22
1973824.21799 5.30861902081e-22
1991840.05332 5.22875303804e-22
2009855.88866 5.14888705527e-22
2027871.724 5.08001978286e-22
2045887.55934 5.01536961291e-22
2063903.39468 4.95071944296e-22
2081919.23002 4.88606927301e-22
2099935.06535 4.82141910306e-22
2117950.90069 4.75676893311e-22
2135966.73603 4.69211876315e-22
2153982.57137 4.6274685932e-22
2171998.40671 4.56281842325e-22
2190014.24205 4.4981682533e-22
2208030.07739 4.43351808335e-22
2226045.91272 4.3688679134e-22
2244061.74806 4.30421774345e-22
2262077.5834 4.24051063211e-22
2280093.41874 4.18817387696e-22
2298109.25408 4.13583712182e-22
2316125.08942 4.08350036667e-22
2334140.92476 4.03116361152e-22
2352156.76009 3.97882685638e-22
2370172.59543 3.92649010123e-22
2388188.43077 3.87415334608e-22
2406204.26611 3.82181659094e-22
2424220.10145 3.76947983579e-22
2442235.93679 3.71714308064e-22
2460251.77212 3.66480632549e-22
2478267.60746 3.61246957035e-22
2496283.4428 3.5601328152e-22
2514299.27814 3.50779606005e-22
2532315.11348 3.45545930491e-22
2550330.94882 3.41168040339e-22
2568346.78416 3.3705269797e-22
2586362.61949 3.329373556e-22
2604378.45483 3.28822013231e-22
2622394.29017 3.24706670861e-22
2640410.12551 3.20591328492e-22
2658425.96085 3.16475986122e-22
2676441.79619 3.12360643753e-22
2694457.63153 3.08245301384e-22
2712473.46686 3.04129959014e-22
2730489.3022 3.00014616645e-22
2748505.13754 2.95899274275e-22
2766520.97288 2.91783931906e-22
2784536.80822 2.87668589537e-22
2802552.64356 2.83553247167e-22
2820568.47889 2.79437904798e-22
2838584.31423 2.75322562428e-22
2856600.14957 2.71770237027e-22
2874615.98491 2.68616314129e-22
2892631.82025 2.65462391231e-22
2910647.65559 2.62308468333e-22
2928663.49093 2.59154545435e-22
2946679.32626 2.56000622538e-22
2964695.1616 2.5284669964e-22
2982710.99694 2.49692776742e-22
3000726.83228 2.46538853844e-22
3018742.66762 2.43384930946e-22
3036758.50296 2.40231008048e-22
3054774.3383 2.3707708515e-22
3072790.17363 2.33923162253e-22
3090806.00897 2.30769239355e-22
3108821.84431 2.27615316457e-22
3126837.67965 2.24461393559e-22
3144853.51499 2.21307470661e-22
3162869.35033 2.18153547763e-22
3180885.18566 2.14999624865e-22
3198901.021 2.12074650606e-22
3216916.85634 2.0965985283e-22
3234932.69168 2.07245055055e-22
3252948.52702 2.04830257279e-22
3270964.36236 2.02415459503e-22
3288980.1977 2.00000661727e-22
3306996.03303 1.97585863951e-22
3325011.86837 1.95171066176e-22
3343027.70371 1.927562684e-22
3361043.53905 1.90341470624e-22
3379059.37439 1.87926672848e-22
3397075.20973 1.85511875073e-22
3415091.04507 1.83097077297e-22
3433106.8804 1.80682279521e-22
3451122.71574 1.78267481745e-22
3469138.55108 1.7585268397e-22
3487154.38642 1.73437886194e-22
3505170.22176 1.71023088418e-22
3523186.0571 1.68608290642e-22
3541201.89243 1.66193492866e-22
3559217.72777 1.63778695091e-22
3577233.56311 1.61363897315e-22
3595249.39845 1.59386666768e-22
3613265.23379 1.57613564291e-22
3631281.06913 1.55840461815e-22
3649296.90447 1.54067359338e-22
3667312.7398 1.52294256862e-22
3685328.57514 1.50521154386e-22
3703344.41048 1.48748051909e-22
3721360.24582 1.46974949433e-22
3739376.08116 1.45201846956e-22
3757391.9165 1.4342874448e-22
3775407.75184 1.41655642003e-22
3793423.58717 1.39882539527e-22
3811439.42251 1.3810943705e-22
3829455.25785 1.36336334574e-22
3847471.09319 1.34563232097e-22
3865486.92853 1.32790129621e-22
3883502.76387 1.31017027145e-22
3901518.5992 1.29243924668e-22
3919534.43454 1.27470822192e-22
3937550.26988 1.25697719715e-22
3955566.10522 1.23924617239e-22
3973581.94056 1.22151514762e-22
3991597.7759 1.20378412286e-22
4009613.61124 1.18605309809e-22
4027629.44657 1.17041435499e-22
4045645.28191 1.15772460494e-22
4063661.11725 1.14503485489e-22
4081676.95259 1.13234510484e-22
4099692.78793 1.11965535479e-22
4117708.62327 1.10696560474e-22
4135724.45861 1.09427585469e-22
4153740.29394 1.08158610464e-22
4171756.12928 1.06889635459e-22
4189771.96462 1.05620660454e-22
4207787.79996 1.04351685449e-22
4225803.6353 1.03082710444e-22
4243819.47064 1.01813735439e-22
4261835.30597 1.00544760434e-22
4279851.14131 9.92757854291e-23
4297866.97665 9.80068104241e-23
4315882.81199 9.67378354191e-23
4333898.64733 9.54688604141e-23
4351914.48267 9.4199885409e-23
4369930.31801 9.2930910404e-23
4387946.15334 9.1661935399e-23
4405961.98868 9.0392960394e-23
4423977.82402 8.9123985389e-23
4441993.65936 8.78550103839e-23
4460009.4947 8.65860353789e-23
4478025.33004 8.53170603739e-23
4496041.16538 8.40480853689e-23
4514057.00071 8.28511915814e-23
4532072.83605 8.19673419034e-23
4550088.67139 8.10834922254e-23
4568104.50673 8.01996425474e-23
4586120.34207 7.93157928694e-23
4604136.17741 7.84319431914e-23
4622152.01274 7.75480935134e-23
4640167.84808 7.66642438354e-23
4658183.68342 7.57803941574e-23
4676199.51876 7.48965444794e-23
4694215.3541 7.40126948014e-23
4712231.18944 7.31288451234e-23
4730247.02478 7.22449954454e-23
4748262.86011 7.13611457674e-23
4766278.69545 7.04772960894e-23
4784294.53079 6.95934464114e-23
4802310.36613 6.87095967334e-23
4820326.20147 6.78257470554e-23
4838342.03681 6.69418973774e-23
4856357.87215 6.60580476994e-23
4874373.70748 6.51741980214e-23
4892389.54282 6.42903483434e-23
4910405.37816 6.34064986654e-23
4928421.2135 6.25226489874e-23
4946437.04884 6.16387993094e-23
4964452.88418 6.07549496314e-23
4982468.71951 5.98710999534e-23
5000484.55485 5.89872502754e-23
5018500.39019 5.81034005974e-23
5036516.22553 5.72195509194e-23
5054532.06087 5.63357012414e-23
5072547.89621 5.56479155054e-23
5090563.73155 5.50718616695e-23
5108579.56688 5.44958078336e-23
5126595.40222 5.39197539977e-23
5144611.23756 5.33437001618e-23
5162627.0729 5.27676463259e-23
5180642.90824 5.219159249e-23
5198658.74358 5.16155386541e-23
5216674.57892 5.10394848183e-23
5234690.41425 5.04634309824e-23
5252706.24959 4.98873771465e-23
5270722.08493 4.93113233106e-23
5288737.92027 4.87352694747e-23
5306753.75561 4.81592156388e-23
5324769.59095 4.75831618029e-23
5342785.42628 4.7007107967e-23
5360801.26162 4.64310541311e-23
5378817.09696 4.58550002952e-23
5396832.9323 4.52789464594e-23
5414848.76764 4.47028926235e-23
5432864.60298 4.41268387876e-23
5450880.43832 4.35507849517e-23
5468896.27365 4.29747311158e-23
5486912.10899 4.23986772799e-23
5504927.94433 4.1822623444e-23
5522943.77967 4.12465696081e-23
5540959.61501 4.06705157722e-23
5558975.45035 4.00944619363e-23
5576991.28569 3.95184081004e-23
5595007.12102 3.89423542646e-23
5613022.95636 3.83663004287e-23
5631038.7917 3.77902465928e-23
5649054.62704 3.72141927569e-23
5667070.46238 3.6638138921e-23
5685086.29772 3.61417303048e-23
5703102.13305 3.57874432986e-23
5721117.96839 3.54331562924e-23
5739133.80373 3.50788692862e-23
5757149.63907 3.472458228e-23
5775165.47441 3.43702952738e-23
5793181.30975 3.40160082676e-23
5811197.14509 3.36617212614e-23
5829212.98042 3.33074342552e-23
5847228.81576 3.2953147249e-23
5865244.6511 3.25988602428e-23
5883260.48644 3.22445732366e-23
5901276.32178 3.18902862304e-23
5919292.15712 3.15359992242e-23
5937307.99246 3.1181712218e-23
5955323.82779 3.08274252118e-23
5973339.66313 3.04731382056e-23
5991355.49847 3.01188511994e-23
6009371.33381 2.97645641932e-23
6027387.16915 2.94102771869e-23
6045403.00449 2.90559901807e-23
6063418.83982 2.87017031745e-23
6081434.67516 2.83474161683e-23
6099450.5105 2.79931291621e-23
6117466.34584 2.76388421559e-23
6135482.18118 2.72845551497e-23
6153498.01652 2.69302681435e-23
6171513.85186 2.65759811373e-23
6189529.68719 2.62216941311e-23
6207545.52253 2.58674071249e-23
6225561.35787 2.55131201187e-23
6243577.19321 2.51588331125e-23
6261593.02855 2.48045461063e-23
6279608.86389 2.44502591001e-23
6297624.69923 2.40959720939e-23
6315640.53456 2.37416850877e-23
6333656.3699 2.33873980815e-23
6351672.20524 2.30331110753e-23
6369688.04058 2.26788240691e-23
6387703.87592 2.2461667624e-23
6405719.71126 2.22599590278e-23
6423735.54659 2.20582504315e-23
6441751.38193 2.18565418352e-23
6459767.21727 2.16548332389e-23
6477783.05261 2.14531246427e-23
6495798.88795 2.12514160464e-23
6513814.72329 2.10497074501e-23
6531830.55863 2.08479988539e-23
6549846.39396 2.06462902576e-23
6567862.2293 2.04445816613e-23
6585878.06464 2.0242873065e-23
6603893.89998 2.00411644688e-23
6621909.73532 1.98394558725e-23
6639925.57066 1.96377472762e-23
6657941.406 1.94360386799e-23
6675957.24133 1.92343300837e-23
6693973.07667 1.90326214874e-23
6711988.91201 1.88309128911e-23
6730004.74735 1.86292042949e-23
6748020.58269 1.84274956986e-23
6766036.41803 1.82257871023e-23
6784052.25336 1.8024078506e-23
6802068.0887 1.78223699098e-23
6820083.92404 1.76206613135e-23
6838099.75938 1.74189527172e-23
6856115.59472 1.72172441209e-23
6874131.43006 1.70155355247e-23
6892147.2654 1.68138269284e-23
6910163.10073 1.66121183321e-23
6928178.93607 1.64104097359e-23
6946194.77141 1.62087011396e-23
6964210.60675 1.60069925433e-23
6982226.44209 1.5805283947e-23
7000242.27743 1.56035753508e-23
7018258.11277 1.54018667545e-23
7036273.9481 1.52001581582e-23
7054289.78344 1.49984495619e-23
7072305.61878 1.47967409657e-23
7090321.45412 1.45950323694e-23
7108337.28946 1.43933237731e-23
7126353.1248 1.41916151769e-23
7144368.96013 1.39899065806e-23
7162384.79547 1.38616699521e-23
7180400.63081 1.37585162005e-23
7198416.46615 1.3655362449e-23
7216432.30149 1.35522086974e-23
7234448.13683 1.34490549459e-23
7252463.97217 1.33459011943e-23
7270479.8075 1.32427474428e-23
7288495.64284 1.31395936912e-23
7306511.47818 1.30364399397e-23
7324527.31352 1.29332861881e-23
7342543.14886 1.28301324366e-23
7360558.9842 1.2726978685e-23
7378574.81954 1.26238249335e-23
7396590.65487 1.25206711819e-23
7414606.49021 1.24175174304e-23
7432622.32555 1.23143636789e-23
7450638.16089 1.22112099273e-23
7468653.99623 1.21080561758e-23
7486669.83157 1.20049024242e-23
7504685.6669 1.19017486727e-23
7522701.50224 1.17985949211e-23
7540717.33758 1.16954411696e-23
7558733.17292 1.1592287418e-23
7576749.00826 1.14891336665e-23
7594764.8436 1.13859799149e-23
7612780.67894 1.12828261634e-23
7630796.51427 1.11796724118e-23
7648812.34961 1.10765186603e-23
7666828.18495 1.09733649087e-23
7684844.02029 1.08702111572e-23
7702859.85563 1.07670574056e-23
7720875.69097 1.06639036541e-23
7738891.52631 1.05607499025e-23
7756907.36164 1.0457596151e-23
7774923.19698 1.03544423994e-23
7792939.03232 1.02512886479e-23
7810954.86766 1.01481348963e-23
7828970.703 1.00449811448e-23
7846986.53834 9.94182739325e-24
7865002.37367 9.8386736417e-24
7883018.20901 9.73551989015e-24
7901034.04435 9.63236613861e-24
7919049.87969 9.52921238706e-24
7937065.71503 9.42605863551e-24
7955081.55037 9.32290488396e-24
7973097.38571 9.21975113241e-24
7991113.22104 9.11659738087e-24
8009129.05638 9.01344362932e-24
8027144.89172 8.92941463926e-24
8045160.72706 8.88479338875e-24
8063176.5624 8.84017213823e-24
8081192.39774 8.79555088772e-24
8099208.23308 8.7509296372e-24
8117224.06841 8.70630838669e-24
8135239.90375 8.66168713617e-24
8153255.73909 8.61706588566e-24
8171271.57443 8.57244463514e-24
8189287.40977 8.52782338463e-24
8207303.24511 8.48320213411e-24
8225319.08044 8.4385808836e-24
8243334.91578 8.39395963308e-24
8261350.75112 8.34933838257e-24
8279366.58646 8.30471713206e-24
8297382.4218 8.26009588154e-24
8315398.25714 8.21547463103e-24
8333414.09248 8.17085338051e-24
8351429.92781 8.12623213e-24
8369445.76315 8.08161087948e-24
8387461.59849 8.03698962897e-24
8405477.43383 7.99236837845e-24
8423493.26917 7.94774712794e-24
8441509.10451 7.90312587742e-24
8459524.93985 7.85850462691e-24
8477540.77518 7.81388337639e-24
8495556.61052 7.76926212588e-24
8513572.44586 7.72464087536e-24
8531588.2812 7.68001962485e-24
8549604.11654 7.63539837433e-24
8567619.95188 7.59077712382e-24
8585635.78721 7.54615587331e-24
8603651.62255 7.50153462279e-24
8621667.45789 7.45691337228e-24
8639683.29323 7.41229212176e-24
8657699.12857 7.36767087125e-24
8675714.96391 7.32304962073e-24
8693730.79925 7.27842837022e-24
8711746.63458 7.2338071197e-24
8729762.46992 7.18918586919e-24
8747778.30526 7.14456461867e-24
8765794.1406 7.09994336816e-24
8783809.97594 7.05532211764e-24
8801825.81128 7.01070086713e-24
8819841.64662 6.96607961661e-24
8837857.48195 6.9214583661e-24
8855873.31729 6.87683711558e-24
8873889.15263 6.83221586507e-24
8891904.98797 6.78759461456e-24
8909920.82331 6.74297336404e-24
8927936.65865 6.69835211353e-24
8945952.49398 6.65373086301e-24
8963968.32932 6.6091096125e-24
8981984.16466 6.56448836198e-24
9000000.0 6.51986711147e-24
13365750.2503 1e-300
19849253.3058 1e-300
29477795.8156 1e-300
43776984.0888 1e-300
65012470.6713 1e-300
96548938.4606 1e-300
143383222.044 1e-300
212936037.324 1e-300
316227766.017 1e-300
