0.0448807381721 7.22280611358e-21
0.0503570164718 7.72479926962e-21
0.0565015017849 7.45846247894e-21
0.0633957276984 8.6927037372e-21
0.0711311764016 1.00260216433e-20
0.0798104925988 9.34186943146e-21
0.0895488455427 1.19459281098e-20
0.10047545726 1.22599741248e-20
0.112735317251 1.40897094361e-20
0.126491106407 1.51202150699e-20
0.141925355693 1.918603547e-20
0.159242868221 2.82957205182e-20
0.17867343686 4.88043167334e-20
0.200474893451 8.90958664816e-20
0.224936530076 1.39069940971e-19
0.252382937792 1.82130293654e-19
0.283178313754 2.44859377771e-19
0.31773129389 3.03421898337e-19
0.356500375253 3.50988802609e-19
0.4 3.80002268918e-19
0.448807381721 4.02815896954e-19
0.503570164718 4.32974999062e-19
0.565015017849 4.70801100786e-19
0.633957276984 5.23607566288e-19
0.711311764016 5.67974126091e-19
0.798104925988 6.0311921386e-19
0.895488455427 6.31034602455e-19
1.0047545726 6.69814007384e-19
1.12735317251 7.06124478823e-19
1.26491106407 7.23181947556e-19
1.41925355693 7.21120847452e-19
1.59242868221 7.13886779031e-19
1.7867343686 6.9786544355e-19
2.00474893451 6.79327684687e-19
2.24936530076 6.61036178488e-19
2.52382937792 6.43942332322e-19
2.83178313754 6.34253327947e-19
3.1773129389 6.19872369781e-19
3.56500375253 5.84851005051e-19
4.0 5.44564565199e-19
4.48807381721 5.06484833102e-19
5.03570164718 4.65135913355e-19
5.65015017849 4.26297028902e-19
6.33957276984 3.91033607585e-19
7.11311764016 3.587037107e-19
7.98104925988 3.29024703058e-19
8.95488455427 3.01898943182e-19
10.047545726 2.76552753167e-19
11.2735317251 2.52329443296e-19
12.6491106407 2.3127778461e-19
14.1925355693 2.1093447163e-19
15.9242868221 1.92486219068e-19
17.867343686 1.75428840071e-19
20.0474893451 1.60055630632e-19
22.4936530076 1.45844736748e-19
25.2382937792 1.32607037431e-19
28.3178313754 1.2074120089e-19
31.773129389 1.0994503709e-19
35.6500375253 9.98963234285e-20
40.0 9.09485063537e-20
44.8807381721 8.30326568011e-20
50.3570164718 7.54288024682e-20
56.5015017849 6.84749965634e-20
63.3957276984 6.20996528276e-20
71.1311764016 5.63412286243e-20
79.8104925988 5.11914136432e-20
89.5488455427 4.64146366782e-20
100.47545726 4.21449515778e-20
112.735317251 3.8218193073e-20
126.491106407 3.47057628073e-20
141.925355693 3.14244420481e-20
159.242868221 2.84396419168e-20
178.67343686 2.57621478025e-20
200.474893451 2.33392362545e-20
224.936530076 2.11308488755e-20
252.382937792 1.91259927838e-20
283.178313754 1.73338460499e-20
317.73129389 1.57034605744e-20
356.500375253 1.42306864212e-20
400.0 1.28920368819e-20
448.807381721 1.16552977694e-20
503.570164718 1.05330856708e-20
565.015017849 9.51189194497e-21
633.957276984 8.5918172403e-21
711.311764016 7.74646890419e-21
798.104925988 6.98954609179e-21
895.488455427 6.32272635004e-21
1004.7545726 5.72469812833e-21
1127.35317251 5.17903213461e-21
1264.91106407 4.67601620656e-21
1419.25355693 4.21382440218e-21
1592.42868221 3.79954527986e-21
1786.7343686 3.43243118159e-21
2004.74893451 3.10255738465e-21
2249.36530076 2.79889425034e-21
2523.82937792 2.52310824297e-21
2831.78313754 2.27397550055e-21
3177.3129389 2.05232164249e-21
3565.00375253 1.85452117308e-21
4000.0 1.67067280315e-21
4488.07381721 1.50377378723e-21
5035.70164718 1.35709917302e-21
5650.15017849 1.22549996991e-21
6339.57276984 1.10719478836e-21
7113.11764016 9.98801390667e-22
7981.04925988 8.98781258e-22
8954.88455427 8.10085964929e-22
10047.545726 7.30765436638e-22
11273.5317251 6.59418529767e-22
12649.1106407 5.94598613502e-22
14192.5355693 5.3715874402e-22
15924.2868221 4.85550492766e-22
17867.343686 4.39129993388e-22
20047.4893451 3.97776661681e-22
22493.6530076 3.60779131943e-22
25238.2937792 3.27648288149e-22
28317.8313754 2.97493268984e-22
31773.129389 2.70105684181e-22
35650.0375253 2.45808551895e-22
40000.0 2.23933902644e-22
44880.7381721 2.04271068821e-22
50357.0164718 1.86682005283e-22
56501.5017849 1.71084507253e-22
63395.7276984 1.57231068521e-22
71131.1764016 1.44712862029e-22
79810.4925988 1.33392147444e-22
89548.8455427 1.23143332927e-22
100475.45726 1.1391322695e-22
112735.317251 1.05669082685e-22
126491.106407 9.83380346923e-23
141925.355693 9.17674928687e-23
159242.868221 8.60055549973e-23
178673.43686 8.06356169648e-23
200474.893451 7.58616537916e-23
224936.530076 7.16368721323e-23
252382.937792 6.78678098624e-23
283178.313754 6.44733400894e-23
317731.29389 6.13606003609e-23
356500.375253 5.84591855288e-23
400000.0 5.57471999912e-23
448807.381721 5.31577583822e-23
503570.164718 5.07977650104e-23
565015.017849 4.85014635359e-23
633957.276984 4.62545413218e-23
711311.764016 4.41403805953e-23
798104.925988 4.20644884423e-23
895488.455427 3.99705686584e-23
1004754.5726 3.79094208854e-23
1127353.17251 3.58615597745e-23
1264911.06407 3.38540846591e-23
1419253.55693 3.1872116209e-23
1592428.68221 2.99266329216e-23
1786734.3686 2.80233116682e-23
2004748.93451 2.61373153876e-23
2249365.30076 2.42687855539e-23
2523829.37792 2.2444887106e-23
2831783.13754 2.06439121266e-23
3177312.9389 1.88820141104e-23
3565003.75253 1.7185366538e-23
4000000.0 1.55307632365e-23
4488073.81721 1.39445517214e-23
5035701.64718 1.24205888736e-23
5650150.17849 1.09511285004e-23
6339572.76984 9.55677382875e-24
7113117.64016 8.25591840758e-24
7981049.25988 7.03950884652e-24
8954884.55427 5.91634035566e-24
10047545.726 4.89813389914e-24
11273531.7251 3.98034866661e-24
12649110.6407 3.16880754091e-24
14192535.5693 2.46788147009e-24
15924286.8221 1.86840510342e-24
17867343.686 1.37165530037e-24
20047489.3451 9.74627930065e-25
22493653.0076 6.64911402024e-25
25238293.7792 4.3730922053e-25
28317831.3754 2.78716137738e-25
31773129.389 1.77187573995e-25
35650037.5253 1.18207754794e-25
40000000.0 8.90861791753e-26
50330483.6082 1e-300
63328939.5059 1e-300
79684403.7932 1e-300
100263864.474 1e-300
126158219.685 1e-300
158740105.197 1e-300
199736656.564 1e-300
251321062.979 1e-300
316227766.017 1e-300
