10023.7446725 1.92772667674e-16
10404.4586111 1.88801896813e-16
10785.1725496 1.84831125952e-16
11165.8864881 1.80860355091e-16
11546.6004267 1.7720215948e-16
11927.3143652 1.73628360287e-16
12308.0283037 1.70054561095e-16
12688.7422423 1.66558925888e-16
13069.4561808 1.63412714428e-16
13450.1701193 1.60266502967e-16
13830.8840579 1.57120291507e-16
14211.5979964 1.54027222682e-16
14592.3119349 1.51265051758e-16
14973.0258735 1.48502880834e-16
15353.739812 1.4574070991e-16
15734.4537505 1.42978538987e-16
16115.1676891 1.4042912046e-16
16495.8816276 1.38021265992e-16
16876.5955661 1.35613411524e-16
17257.3095047 1.33205557056e-16
17638.0234432 1.30797702588e-16
18018.7373817 1.28539520645e-16
18399.4513202 1.26425816613e-16
18780.1652588 1.24312112581e-16
19160.8791973 1.2219840855e-16
19541.5931358 1.20084704518e-16
19922.3070744 1.17971000486e-16
20303.0210129 1.16079687205e-16
20683.7349514 1.14245393692e-16
21064.44889 1.1241110018e-16
21445.1628285 1.10576806667e-16
21825.876767 1.08742513155e-16
22206.5907056 1.06908219642e-16
22587.3046441 1.05174252921e-16
22968.0185826 1.03599908795e-16
23348.7325212 1.02025564668e-16
23729.4464597 1.00451220542e-16
24110.1603982 9.88768764151e-17
24490.8743368 9.73025322886e-17
24871.5882753 9.57281881621e-17
25252.3022138 9.419509442e-17
25633.0161524 9.28335670677e-17
26013.7300909 9.14720397155e-17
26394.4440294 9.01105123632e-17
26775.157968 8.87489850109e-17
27155.8719065 8.73874576586e-17
27536.585845 8.60259303063e-17
27917.2997835 8.4664402954e-17
28298.0137221 8.33291211974e-17
28678.7276606 8.21790086959e-17
29059.4415991 8.10288961945e-17
29440.1555377 7.98787836931e-17
29820.8694762 7.87286711916e-17
30201.5834147 7.75785586902e-17
30582.2973533 7.64284461888e-17
30963.0112918 7.52783336873e-17
31343.7252303 7.41282211859e-17
31724.4391689 7.29906297082e-17
32105.1531074 7.20198914658e-17
32485.8670459 7.10491532234e-17
32866.5809845 7.0078414981e-17
33247.294923 6.91076767386e-17
33628.0088615 6.81369384962e-17
34008.7228001 6.71662002538e-17
34389.4367386 6.61954620114e-17
34770.1506771 6.5224723769e-17
35150.8646157 6.42539855266e-17
35531.5785542 6.32832472842e-17
35912.2924927 6.24565227202e-17
36293.0064313 6.16439250489e-17
36673.7203698 6.08313273775e-17
37054.4343083 6.00187297062e-17
37435.1482468 5.92061320348e-17
37815.8621854 5.83935343635e-17
38196.5761239 5.75809366921e-17
38577.2900624 5.67683390208e-17
38958.004001 5.59557413494e-17
39338.7179395 5.51431436781e-17
39719.431878 5.43305460067e-17
40100.1458166 5.35898514392e-17
40480.8597551 5.29177082659e-17
40861.5736936 5.22455650926e-17
41242.2876322 5.15734219193e-17
41623.0015707 5.0901278746e-17
42003.7155092 5.02291355727e-17
42384.4294478 4.95569923994e-17
42765.1433863 4.88848492261e-17
43145.8573248 4.82127060528e-17
43526.5712634 4.75405628795e-17
43907.2852019 4.68684197061e-17
44287.9991404 4.61962765328e-17
44668.713079 4.55241333595e-17
45049.4270175 4.49427035783e-17
45430.140956 4.43961433851e-17
45810.8548946 4.38495831919e-17
46191.5688331 4.33030229987e-17
46572.2827716 4.27564628055e-17
46952.9967101 4.22099026123e-17
47333.7106487 4.16633424191e-17
47714.4245872 4.11167822259e-17
48095.1385257 4.05702220327e-17
48475.8524643 4.00236618395e-17
48856.5664028 3.94771016463e-17
49237.2803413 3.89305414532e-17
49617.9942799 3.838398126e-17
49998.7082184 3.78374210668e-17
50379.4221569 3.73294473505e-17
50760.1360955 3.68865645089e-17
51140.850034 3.64436816673e-17
51521.5639725 3.60007988257e-17
51902.2779111 3.55579159841e-17
52282.9918496 3.51150331425e-17
52663.7057881 3.46721503009e-17
53044.4197267 3.42292674593e-17
53425.1336652 3.37863846177e-17
53805.8476037 3.33435017761e-17
54186.5615423 3.29006189345e-17
54567.2754808 3.24577360929e-17
54947.9894193 3.20148532514e-17
55328.7033579 3.15719704098e-17
55709.4172964 3.11290875682e-17
56090.1312349 3.06862047266e-17
56470.8451734 3.02692398642e-17
56851.559112 2.99219832076e-17
57232.2730505 2.9574726551e-17
57612.986989 2.92274698944e-17
57993.7009276 2.88802132378e-17
58374.4148661 2.85329565812e-17
58755.1288046 2.81856999246e-17
59135.8427432 2.7838443268e-17
59516.5566817 2.74911866114e-17
59897.2706202 2.71439299547e-17
60277.9845588 2.67966732981e-17
60658.6984973 2.64494166415e-17
61039.4124358 2.61021599849e-17
61420.1263744 2.57549033283e-17
61800.8403129 2.54076466717e-17
62181.5542514 2.50603900151e-17
62562.26819 2.47131333585e-17
62942.9821285 2.43658767019e-17
63323.696067 2.40349925512e-17
63704.4100056 2.37675031427e-17
64085.1239441 2.35000137342e-17
64465.8378826 2.32325243257e-17
64846.5518211 2.29650349172e-17
65227.2657597 2.26975455087e-17
65607.9796982 2.24300561003e-17
65988.6936367 2.21625666918e-17
66369.4075753 2.18950772833e-17
66750.1215138 2.16275878748e-17
67130.8354523 2.13600984663e-17
67511.5493909 2.10926090578e-17
67892.2633294 2.08251196494e-17
68272.9772679 2.05576302409e-17
68653.6912065 2.02901408324e-17
69034.405145 2.00226514239e-17
69415.1190835 1.97551620154e-17
69795.8330221 1.94876726069e-17
70176.5469606 1.92201831984e-17
70557.2608991 1.895269379e-17
70937.9748377 1.86852043815e-17
71318.6887762 1.8475070683e-17
71699.4027147 1.82689168022e-17
72080.1166533 1.80627629215e-17
72460.8305918 1.78566090407e-17
72841.5445303 1.765045516e-17
73222.2584689 1.74443012792e-17
73602.9724074 1.72381473985e-17
73983.6863459 1.70319935177e-17
74364.4002844 1.6825839637e-17
74745.114223 1.66196857562e-17
75125.8281615 1.64135318755e-17
75506.5421 1.62073779947e-17
75887.2560386 1.6001224114e-17
76267.9699771 1.57950702332e-17
76648.6839156 1.55889163525e-17
77029.3978542 1.53827624717e-17
77410.1117927 1.5176608591e-17
77790.8257312 1.49704547102e-17
78171.5396698 1.47643008295e-17
78552.2536083 1.45581469487e-17
78932.9675468 1.4351993068e-17
79313.6814854 1.41458391872e-17
79694.3954239 1.39501766849e-17
80075.1093624 1.37987670766e-17
80455.823301 1.36473574683e-17
80836.5372395 1.349594786e-17
81217.251178 1.33445382517e-17
81597.9651166 1.31931286434e-17
81978.6790551 1.30417190351e-17
82359.3929936 1.28903094267e-17
82740.1069322 1.27388998184e-17
83120.8208707 1.25874902101e-17
83501.5348092 1.24360806018e-17
83882.2487477 1.22846709935e-17
84262.9626863 1.21332613852e-17
84643.6766248 1.19818517769e-17
85024.3905633 1.18304421686e-17
85405.1045019 1.16790325603e-17
85785.8184404 1.1527622952e-17
86166.5323789 1.13762133437e-17
86547.2463175 1.12248037354e-17
86927.960256 1.10733941271e-17
87308.6741945 1.09219845188e-17
87689.3881331 1.07705749105e-17
88070.1020716 1.06191653021e-17
88450.8160101 1.04677556938e-17
88831.5299487 1.03163460855e-17
89212.2438872 1.01649364772e-17
89592.9578257 1.00431157294e-17
89973.6717643 9.93566849295e-18
90354.3857028 9.82822125653e-18
90735.0996413 9.72077402011e-18
91115.8135799 9.61332678369e-18
91496.5275184 9.50587954727e-18
91877.2414569 9.39843231086e-18
92257.9553955 9.29098507444e-18
92638.669334 9.18353783802e-18
93019.3832725 9.0760906016e-18
93400.097211 8.96864336518e-18
93780.8111496 8.86119612876e-18
94161.5250881 8.75374889234e-18
94542.2390266 8.64630165592e-18
94922.9529652 8.53885441951e-18
95303.6669037 8.43140718309e-18
95684.3808422 8.32395994667e-18
96065.0947808 8.21651271025e-18
96445.8087193 8.10906547383e-18
96826.5226578 8.00161823741e-18
97207.2365964 7.89417100099e-18
97587.9505349 7.78672376457e-18
97968.6644734 7.67927652815e-18
98349.378412 7.57182929174e-18
98730.0923505 7.46438205532e-18
99110.806289 7.3569348189e-18
99491.5202276 7.24948758248e-18
99872.2341661 7.14204034606e-18
100252.948105 7.03592474025e-18
100633.662043 6.96118235719e-18
101014.375982 6.88643997413e-18
101395.08992 6.81169759108e-18
101775.803859 6.73695520802e-18
102156.517797 6.66221282496e-18
102537.231736 6.5874704419e-18
102917.945674 6.51272805885e-18
103298.659613 6.43798567579e-18
103679.373551 6.36324329273e-18
104060.08749 6.28850090968e-18
104440.801428 6.21375852662e-18
104821.515367 6.13901614356e-18
105202.229306 6.0642737605e-18
105582.943244 5.98953137745e-18
105963.657183 5.91478899439e-18
106344.371121 5.84004661133e-18
106725.08506 5.76530422827e-18
107105.798998 5.69056184522e-18
107486.512937 5.61581946216e-18
107867.226875 5.5410770791e-18
108247.940814 5.46633469605e-18
108628.654752 5.39159231299e-18
109009.368691 5.31684992993e-18
109390.082629 5.24210754687e-18
109770.796568 5.16736516382e-18
110151.510506 5.09262278076e-18
110532.224445 5.0178803977e-18
110912.938384 4.94313801465e-18
111293.652322 4.86839563159e-18
111674.366261 4.79365324853e-18
112055.080199 4.71891086547e-18
112435.794138 4.64416848242e-18
112816.508076 4.59320195883e-18
113197.222015 4.5444523455e-18
113577.935953 4.49570273217e-18
113958.649892 4.44695311884e-18
114339.36383 4.39820350551e-18
114720.077769 4.34945389218e-18
115100.791707 4.30070427886e-18
115481.505646 4.25195466553e-18
115862.219584 4.2032050522e-18
116242.933523 4.15445543887e-18
116623.647461 4.10570582554e-18
117004.3614 4.05695621221e-18
117385.075339 4.00820659889e-18
117765.789277 3.95945698556e-18
118146.503216 3.91070737223e-18
118527.217154 3.8619577589e-18
118907.931093 3.81320814557e-18
119288.645031 3.76445853224e-18
119669.35897 3.71570891891e-18
120050.072908 3.66695930559e-18
120430.786847 3.61820969226e-18
120811.500785 3.56946007893e-18
121192.214724 3.5207104656e-18
121572.928662 3.47196085227e-18
121953.642601 3.42321123894e-18
122334.356539 3.37446162562e-18
122715.070478 3.32571201229e-18
123095.784417 3.27696239896e-18
123476.498355 3.22821278563e-18
123857.212294 3.1794631723e-18
124237.926232 3.13071355897e-18
124618.640171 3.08196394565e-18
124999.354109 3.03321433232e-18
125380.068048 2.98446471899e-18
125760.781986 2.93571510566e-18
126141.495925 2.88696549233e-18
126522.209863 2.8548744617e-18
126902.923802 2.82530044273e-18
127283.63774 2.79572642376e-18
127664.351679 2.7661524048e-18
128045.065617 2.73657838583e-18
128425.779556 2.70700436686e-18
128806.493495 2.6774303479e-18
129187.207433 2.64785632893e-18
129567.921372 2.61828230996e-18
129948.63531 2.588708291e-18
130329.349249 2.55913427203e-18
130710.063187 2.52956025307e-18
131090.777126 2.4999862341e-18
131471.491064 2.47041221513e-18
131852.205003 2.44083819617e-18
132232.918941 2.4112641772e-18
132613.63288 2.38169015823e-18
132994.346818 2.35211613927e-18
133375.060757 2.3225421203e-18
133755.774695 2.29296810133e-18
134136.488634 2.26339408237e-18
134517.202573 2.2338200634e-18
134897.916511 2.20424604443e-18
135278.63045 2.17467202547e-18
135659.344388 2.1450980065e-18
136040.058327 2.11552398753e-18
136420.772265 2.08594996857e-18
136801.486204 2.0563759496e-18
137182.200142 2.02680193063e-18
137562.914081 1.99722791167e-18
137943.628019 1.9676538927e-18
138324.341958 1.93807987373e-18
138705.055896 1.90850585477e-18
139085.769835 1.8789318358e-18
139466.483773 1.84935781683e-18
139847.197712 1.81978379787e-18
140227.91165 1.7902097789e-18
140608.625589 1.76063575994e-18
140989.339528 1.73106174097e-18
141370.053466 1.701487722e-18
141750.767405 1.67738874858e-18
142131.481343 1.66071256605e-18
142512.195282 1.64403638352e-18
142892.90922 1.62736020099e-18
143273.623159 1.61068401846e-18
143654.337097 1.59400783593e-18
144035.051036 1.5773316534e-18
144415.764974 1.56065547087e-18
144796.478913 1.54397928834e-18
145177.192851 1.52730310581e-18
145557.90679 1.51062692328e-18
145938.620728 1.49395074075e-18
146319.334667 1.47727455822e-18
146700.048606 1.46059837569e-18
147080.762544 1.44392219316e-18
147461.476483 1.42724601063e-18
147842.190421 1.4105698281e-18
148222.90436 1.39389364557e-18
148603.618298 1.37721746304e-18
148984.332237 1.36054128051e-18
149365.046175 1.34386509798e-18
149745.760114 1.32718891545e-18
150126.474052 1.31051273292e-18
150507.187991 1.29383655039e-18
150887.901929 1.27716036786e-18
151268.615868 1.26048418533e-18
151649.329806 1.2438080028e-18
152030.043745 1.22713182027e-18
152410.757684 1.21045563774e-18
152791.471622 1.19377945521e-18
153172.185561 1.17710327268e-18
153552.899499 1.16042709015e-18
153933.613438 1.14375090762e-18
154314.327376 1.12707472509e-18
154695.041315 1.11039854256e-18
155075.755253 1.09372236003e-18
155456.469192 1.0770461775e-18
155837.18313 1.06036999497e-18
156217.897069 1.04369381244e-18
156598.611007 1.02701762991e-18
156979.324946 1.01034144738e-18
157360.038884 9.93665264855e-19
157740.752823 9.76989082325e-19
158121.466761 9.60312899795e-19
158502.1807 9.43636717265e-19
158882.894639 9.27350478265e-19
159263.608577 9.19281645776e-19
159644.322516 9.11212813287e-19
160025.036454 9.03143980798e-19
160405.750393 8.95075148309e-19
160786.464331 8.8700631582e-19
161167.17827 8.78937483331e-19
161547.892208 8.70868650842e-19
161928.606147 8.62799818353e-19
162309.320085 8.54730985865e-19
162690.034024 8.46662153376e-19
163070.747962 8.38593320887e-19
163451.461901 8.30524488398e-19
163832.175839 8.22455655909e-19
164212.889778 8.1438682342e-19
164593.603717 8.06317990931e-19
164974.317655 7.98249158442e-19
165355.031594 7.90180325953e-19
165735.745532 7.82111493465e-19
166116.459471 7.74042660976e-19
166497.173409 7.65973828487e-19
166877.887348 7.57904995998e-19
167258.601286 7.49836163509e-19
167639.315225 7.4176733102e-19
168020.029163 7.33698498531e-19
168400.743102 7.25629666042e-19
168781.45704 7.17560833553e-19
169162.170979 7.09492001065e-19
169542.884917 7.01423168576e-19
169923.598856 6.93354336087e-19
170304.312795 6.85285503598e-19
170685.026733 6.77216671109e-19
171065.740672 6.6914783862e-19
171446.45461 6.61079006131e-19
171827.168549 6.53010173642e-19
172207.882487 6.44941341153e-19
172588.596426 6.36872508665e-19
172969.310364 6.28803676176e-19
173350.024303 6.20734843687e-19
173730.738241 6.12666011198e-19
174111.45218 6.04597178709e-19
174492.166118 5.9652834622e-19
174872.880057 5.88459513731e-19
175253.593995 5.80390681242e-19
175634.307934 5.72321848753e-19
176015.021872 5.64253016265e-19
176395.735811 5.56184183776e-19
176776.44975 5.48115351287e-19
177157.163688 5.40046518798e-19
177537.877627 5.31977686309e-19
177918.591565 5.2390885382e-19
178299.305504 5.16469016349e-19
178680.019442 5.13275540561e-19
179060.733381 5.10082064773e-19
179441.447319 5.06888588985e-19
179822.161258 5.03695113197e-19
180202.875196 5.00501637409e-19
180583.589135 4.97308161621e-19
180964.303073 4.94114685833e-19
181345.017012 4.90921210045e-19
181725.73095 4.87727734257e-19
182106.444889 4.84534258469e-19
182487.158828 4.81340782681e-19
182867.872766 4.78147306893e-19
183248.586705 4.74953831104e-19
183629.300643 4.71760355316e-19
184010.014582 4.68566879528e-19
184390.72852 4.6537340374e-19
184771.442459 4.62179927952e-19
185152.156397 4.58986452164e-19
185532.870336 4.55792976376e-19
185913.584274 4.52599500588e-19
186294.298213 4.494060248e-19
186675.012151 4.46212549012e-19
187055.72609 4.43019073224e-19
187436.440028 4.39825597436e-19
187817.153967 4.36632121648e-19
188197.867906 4.3343864586e-19
188578.581844 4.30245170072e-19
188959.295783 4.27051694284e-19
189340.009721 4.23858218496e-19
189720.72366 4.20664742708e-19
190101.437598 4.1747126692e-19
190482.151537 4.14277791132e-19
190862.865475 4.11084315344e-19
191243.579414 4.07890839556e-19
191624.293352 4.04697363768e-19
192005.007291 4.0150388798e-19
192385.721229 3.98310412192e-19
192766.435168 3.95116936404e-19
193147.149106 3.91923460616e-19
193527.863045 3.88729984828e-19
193908.576983 3.8553650904e-19
194289.290922 3.82343033252e-19
194670.004861 3.79149557464e-19
195050.718799 3.75956081676e-19
195431.432738 3.72762605888e-19
195812.146676 3.695691301e-19
196192.860615 3.66375654312e-19
196573.574553 3.63182178524e-19
196954.288492 3.59988702736e-19
197335.00243 3.56795226948e-19
197715.716369 3.5360175116e-19
198096.430307 3.50408275372e-19
198477.144246 3.47214799584e-19
198857.858184 3.44021323796e-19
199238.572123 3.40827848008e-19
199619.286061 3.3763437222e-19
200000.0 3.34440896432e-19
453389.133704 1e-300
1027808.5328 1e-300
2329986.1015 1e-300
5281951.90051 1e-300
11973897.9822 1e-300
27144176.1659 1e-300
61534372.5849 1e-300
139495079.396 1e-300
316227766.017 1e-300
