10669.6764602 6.24467443049e-18
22672.3424393 2.42541293106e-18
34675.0084183 1.38407179377e-18
46677.6743973 9.20174000041e-19
58680.3403764 6.61182518937e-19
70683.0063554 4.97617986623e-19
82685.6723345 3.8524557288e-19
94688.3383135 3.06603459664e-19
106691.004293 2.51027412148e-19
118693.670272 2.09999624043e-19
130696.336251 1.78283453854e-19
142699.00223 1.52777243219e-19
154701.668209 1.31558610803e-19
166704.334188 1.14305463262e-19
178707.000167 1.00642980231e-19
190709.666146 8.81476172376e-20
202712.332125 7.87167093137e-20
214714.998104 6.96722082272e-20
226717.664083 6.27798893344e-20
238720.330062 5.58875704415e-20
250722.996041 5.08564376881e-20
262725.66202 4.58479009474e-20
274728.327999 4.16159730732e-20
286730.993978 3.79949232616e-20
298733.659957 3.437387345e-20
310736.325936 3.16160035123e-20
322738.991915 2.90285205826e-20
334741.657894 2.64410376529e-20
346744.323873 2.44449451897e-20
358746.989852 2.26174858559e-20
370749.655831 2.0790026522e-20
382752.32181 1.91498459063e-20
394754.987789 1.78604166262e-20
406757.653768 1.65709873461e-20
418760.319748 1.5281558066e-20
430762.985727 1.4190292301e-20
442765.651706 1.32975746367e-20
454768.317685 1.24048569725e-20
466770.983664 1.15121393082e-20
478773.649643 1.06707941038e-20
490776.315622 1.00613511128e-20
502778.981601 9.45190812178e-21
514781.64758 8.84246513076e-21
526784.313559 8.23302213975e-21
538786.979538 7.69003267324e-21
550789.645517 7.27819551072e-21
562792.311496 6.8663583482e-21
574794.977475 6.45452118568e-21
586797.643454 6.04268402316e-21
598800.309433 5.63084686065e-21
610802.975412 5.34458805306e-21
622805.641391 5.072274956e-21
634808.30737 4.79996185893e-21
646810.973349 4.52764876186e-21
658813.639328 4.2553356648e-21
670816.305307 3.98302256773e-21
682818.971286 3.78684212729e-21
694821.637265 3.6096377398e-21
706824.303244 3.4324333523e-21
718826.969223 3.25522896481e-21
730829.635202 3.07802457731e-21
742832.301182 2.90082018982e-21
754834.967161 2.72361580232e-21
766837.63314 2.6069054682e-21
778840.299119 2.49293618814e-21
790842.965098 2.37896690808e-21
802845.631077 2.26499762802e-21
814848.297056 2.15102834796e-21
826850.963035 2.0370590679e-21
838853.629014 1.92308978784e-21
850856.294993 1.82101131757e-21
862858.960972 1.74985287758e-21
874861.626951 1.67869443758e-21
886864.29293 1.60753599759e-21
898866.958909 1.5363775576e-21
910869.624888 1.46521911761e-21
922872.290867 1.39406067762e-21
934874.956846 1.32290223763e-21
946877.622825 1.25174379763e-21
958880.288804 1.19867314927e-21
970882.954783 1.15484244328e-21
982885.620762 1.1110117373e-21
994888.286741 1.06718103132e-21
1006890.95272 1.02335032534e-21
1018893.6187 9.79519619354e-22
1030896.28468 9.35688913371e-22
1042898.95066 8.91858207388e-22
1054901.61664 8.48027501406e-22
1066904.28262 8.04196795423e-22
1078906.94859 7.77530912282e-22
1090909.61457 7.50956125054e-22
1102912.28055 7.24381337825e-22
1114914.94653 6.97806550597e-22
1126917.61251 6.71231763369e-22
1138920.27849 6.44656976141e-22
1150922.94447 6.18082188913e-22
1162925.61045 5.91507401684e-22
1174928.27643 5.64932614456e-22
1186930.94241 5.38357827228e-22
1198933.60838 5.13393456821e-22
1210936.27436 4.97700937372e-22
1222938.94034 4.82008417924e-22
1234941.60632 4.66315898475e-22
1246944.2723 4.50623379027e-22
1258946.93828 4.34930859578e-22
1270949.60426 4.1923834013e-22
1282952.27024 4.03545820682e-22
1294954.93622 3.87853301233e-22
1306957.6022 3.72160781785e-22
1318960.26818 3.56468262336e-22
1330962.93415 3.40775742888e-22
1342965.60013 3.25083223439e-22
1354968.26611 3.15851478173e-22
1366970.93209 3.06766769744e-22
1378973.59807 2.97682061315e-22
1390976.26405 2.88597352886e-22
1402978.93003 2.79512644457e-22
1414981.59601 2.70427936028e-22
1426984.26199 2.61343227598e-22
1438986.92797 2.52258519169e-22
1450989.59394 2.4317381074e-22
1462992.25992 2.34089102311e-22
1474994.9259 2.25004393882e-22
1486997.59188 2.15919685453e-22
1499000.25786 2.06834977024e-22
1511002.92384 1.99021471712e-22
1523005.58982 1.93878269477e-22
1535008.2558 1.88735067242e-22
1547010.92178 1.83591865007e-22
1559013.58776 1.78448662772e-22
1571016.25374 1.73305460537e-22
1583018.91971 1.68162258302e-22
1595021.58569 1.63019056067e-22
1607024.25167 1.57875853832e-22
1619026.91765 1.52732651597e-22
1631029.58363 1.47589449362e-22
1643032.24961 1.42446247127e-22
1655034.91559 1.37303044892e-22
1667037.58157 1.32159842657e-22
1679040.24755 1.27016640422e-22
1691042.91353 1.21875945914e-22
1703045.5795 1.19020843096e-22
1715048.24548 1.16165740279e-22
1727050.91146 1.13310637461e-22
1739053.57744 1.10455534643e-22
1751056.24342 1.07600431825e-22
1763058.9094 1.04745329008e-22
1775061.57538 1.0189022619e-22
1787064.24136 9.90351233724e-23
1799066.90734 9.61800205547e-23
1811069.57332 9.3324917737e-23
1823072.23929 9.04698149193e-23
1835074.90527 8.76147121016e-23
1847077.57125 8.47596092839e-23
1859080.23723 8.19045064662e-23
1871082.90321 7.90494036485e-23
1883085.56919 7.61943008308e-23
1895088.23517 7.33391980131e-23
1907090.90115 7.15423523493e-23
1919093.56713 6.99934515767e-23
1931096.23311 6.8444550804e-23
1943098.89909 6.68956500313e-23
1955101.56506 6.53467492586e-23
1967104.23104 6.3797848486e-23
1979106.89702 6.22489477133e-23
1991109.563 6.07000469406e-23
2003112.22898 5.91511461679e-23
2015114.89496 5.76022453953e-23
2027117.56094 5.60533446226e-23
2039120.22692 5.45044438499e-23
2051122.8929 5.29555430772e-23
2063125.55888 5.14066423046e-23
2075128.22485 4.98577415319e-23
2087130.89083 4.83088407592e-23
2099133.55681 4.67599399866e-23
2111136.22279 4.52110392139e-23
2123138.88877 4.36621384412e-23
2135141.55475 4.24912450205e-23
2147144.22073 4.16669788167e-23
2159146.88671 4.08427126129e-23
2171149.55269 4.00184464091e-23
2183152.21867 3.91941802053e-23
2195154.88465 3.83699140015e-23
2207157.55062 3.75456477977e-23
2219160.2166 3.67213815939e-23
2231162.88258 3.58971153901e-23
2243165.54856 3.50728491863e-23
2255168.21454 3.42485829825e-23
2267170.88052 3.34243167787e-23
2279173.5465 3.26000505749e-23
2291176.21248 3.17757843711e-23
2303178.87846 3.09515181673e-23
2315181.54444 3.01272519635e-23
2327184.21041 2.93029857597e-23
2339186.87639 2.84787195559e-23
2351189.54237 2.76544533521e-23
2363192.20835 2.68301871483e-23
2375194.87433 2.60059209445e-23
2387197.54031 2.51816547407e-23
2399200.20629 2.47049659484e-23
2411202.87227 2.42758672419e-23
2423205.53825 2.38467685353e-23
2435208.20423 2.34176698288e-23
2447210.8702 2.29885711222e-23
2459213.53618 2.25594724157e-23
2471216.20216 2.21303737092e-23
2483218.86814 2.17012750026e-23
2495221.53412 2.12721762961e-23
2507224.2001 2.08430775895e-23
2519226.86608 2.0413978883e-23
2531229.53206 1.99848801765e-23
2543232.19804 1.95557814699e-23
2555234.86402 1.91266827634e-23
2567237.53 1.86975840569e-23
2579240.19597 1.82684853503e-23
2591242.86195 1.78393866438e-23
2603245.52793 1.74102879372e-23
2615248.19391 1.69811892307e-23
2627250.85989 1.65520905242e-23
2639253.52587 1.61229918176e-23
2651256.19185 1.56938931111e-23
2663258.85783 1.52647944045e-23
2675261.52381 1.4835695698e-23
2687264.18979 1.45326550877e-23
2699266.85576 1.43147960752e-23
2711269.52174 1.40969370628e-23
2723272.18772 1.38790780503e-23
2735274.8537 1.36612190378e-23
2747277.51968 1.34433600254e-23
2759280.18566 1.32255010129e-23
2771282.85164 1.30076420004e-23
2783285.51762 1.2789782988e-23
2795288.1836 1.25719239755e-23
2807290.84958 1.2354064963e-23
2819293.51556 1.21362059506e-23
2831296.18153 1.19183469381e-23
2843298.84751 1.17004879256e-23
2855301.51349 1.14826289131e-23
2867304.17947 1.12647699007e-23
2879306.84545 1.10469108882e-23
2891309.51143 1.08290518757e-23
2903312.17741 1.06111928633e-23
2915314.84339 1.03933338508e-23
2927317.50937 1.01754748383e-23
2939320.17535 9.95761582586e-24
2951322.84132 9.73975681339e-24
2963325.5073 9.52189780093e-24
2975328.17328 9.30403878846e-24
2987330.83926 9.08617977599e-24
2999333.50524 8.86832076352e-24
3011336.17122 8.68894432176e-24
3023338.8372 8.58072659089e-24
3035341.50318 8.47250886002e-24
3047344.16916 8.36429112915e-24
3059346.83514 8.25607339828e-24
3071349.50111 8.14785566741e-24
3083352.16709 8.03963793654e-24
3095354.83307 7.93142020567e-24
3107357.49905 7.8232024748e-24
3119360.16503 7.71498474393e-24
3131362.83101 7.60676701306e-24
3143365.49699 7.49854928219e-24
3155368.16297 7.39033155133e-24
3167370.82895 7.28211382046e-24
3179373.49493 7.17389608959e-24
3191376.16091 7.06567835872e-24
3203378.82688 6.95746062785e-24
3215381.49286 6.84924289698e-24
3227384.15884 6.74102516611e-24
3239386.82482 6.63280743524e-24
3251389.4908 6.52458970437e-24
3263392.15678 6.4163719735e-24
3275394.82276 6.30815424263e-24
3287397.48874 6.19993651176e-24
3299400.15472 6.09171878089e-24
3311402.8207 5.98350105002e-24
3323405.48667 5.87528331915e-24
3335408.15265 5.76706558828e-24
3347410.81863 5.65884785742e-24
3359413.48461 5.55063012655e-24
3371416.15059 5.44241239568e-24
3383418.81657 5.37719618725e-24
3395421.48255 5.32405692426e-24
3407424.14853 5.27091766126e-24
3419426.81451 5.21777839827e-24
3431429.48049 5.16463913528e-24
3443432.14646 5.11149987229e-24
3455434.81244 5.05836060929e-24
3467437.47842 5.0052213463e-24
3479440.1444 4.95208208331e-24
3491442.81038 4.89894282032e-24
3503445.47636 4.84580355732e-24
3515448.14234 4.79266429433e-24
3527450.80832 4.73952503134e-24
3539453.4743 4.68638576835e-24
3551456.14028 4.63324650535e-24
3563458.80626 4.58010724236e-24
3575461.47223 4.52696797937e-24
3587464.13821 4.47382871638e-24
3599466.80419 4.42068945338e-24
3611469.47017 4.36755019039e-24
3623472.13615 4.3144109274e-24
3635474.80213 4.26127166441e-24
3647477.46811 4.20813240141e-24
3659480.13409 4.15499313842e-24
3671482.80007 4.10185387543e-24
3683485.46605 4.04871461244e-24
3695488.13202 3.99557534944e-24
3707490.798 3.94243608645e-24
3719493.46398 3.88929682346e-24
3731496.12996 3.83615756047e-24
3743498.79594 3.78301829747e-24
3755501.46192 3.72987903448e-24
3767504.1279 3.67673977149e-24
3779506.79388 3.6236005085e-24
3791509.45986 3.58284194789e-24
3803512.12584 3.55547741282e-24
3815514.79182 3.52811287776e-24
3827517.45779 3.50074834269e-24
3839520.12377 3.47338380762e-24
3851522.78975 3.44601927255e-24
3863525.45573 3.41865473749e-24
3875528.12171 3.39129020242e-24
3887530.78769 3.36392566735e-24
3899533.45367 3.33656113229e-24
3911536.11965 3.30919659722e-24
3923538.78563 3.28183206215e-24
3935541.45161 3.25446752709e-24
3947544.11758 3.22710299202e-24
3959546.78356 3.19973845695e-24
3971549.44954 3.17237392188e-24
3983552.11552 3.14500938682e-24
3995554.7815 3.11764485175e-24
4007557.44748 3.09028031668e-24
4019560.11346 3.06291578162e-24
4031562.77944 3.03555124655e-24
4043565.44542 3.00818671148e-24
4055568.1114 2.98082217641e-24
4067570.77737 2.95345764135e-24
4079573.44335 2.92609310628e-24
4091576.10933 2.89872857121e-24
4103578.77531 2.87136403615e-24
4115581.44129 2.84399950108e-24
4127584.10727 2.81663496601e-24
4139586.77325 2.78927043094e-24
4151589.43923 2.76190589588e-24
4163592.10521 2.73454136081e-24
4175594.77119 2.70717682574e-24
4187597.43717 2.67981229068e-24
4199600.10314 2.65244775561e-24
4211602.76912 2.62508322054e-24
4223605.4351 2.59771868547e-24
4235608.10108 2.57035415041e-24
4247610.76706 2.54298961534e-24
4259613.43304 2.52549295096e-24
4271616.09902 2.50804913511e-24
4283618.765 2.49060531926e-24
4295621.43098 2.47316150341e-24
4307624.09696 2.45571768756e-24
4319626.76293 2.43827387171e-24
4331629.42891 2.42083005586e-24
4343632.09489 2.40338624001e-24
4355634.76087 2.38594242416e-24
4367637.42685 2.36849860831e-24
4379640.09283 2.35105479246e-24
4391642.75881 2.33361097661e-24
4403645.42479 2.31616716076e-24
4415648.09077 2.29872334491e-24
4427650.75675 2.28127952906e-24
4439653.42273 2.26383571321e-24
4451656.0887 2.24639189736e-24
4463658.75468 2.22894808151e-24
4475661.42066 2.21150426566e-24
4487664.08664 2.19406044981e-24
4499666.75262 2.17661663396e-24
4511669.4186 2.15917281811e-24
4523672.08458 2.14172900226e-24
4535674.75056 2.12428518641e-24
4547677.41654 2.10684137056e-24
4559680.08252 2.08939755471e-24
4571682.74849 2.07195373886e-24
4583685.41447 2.05450992301e-24
4595688.08045 2.03706610716e-24
4607690.74643 2.01962229131e-24
4619693.41241 2.00217847546e-24
4631696.07839 1.98473465961e-24
4643698.74437 1.96729084376e-24
4655701.41035 1.94984702791e-24
4667704.07633 1.93240321206e-24
4679706.74231 1.91495939621e-24
4691709.40828 1.89751558036e-24
4703712.07426 1.88007176451e-24
4715714.74024 1.86262794866e-24
4727717.40622 1.84518413281e-24
4739720.0722 1.82774031696e-24
4751722.73818 1.81029650111e-24
4763725.40416 1.79285268526e-24
4775728.07014 1.78039388064e-24
4787730.73612 1.7690813793e-24
4799733.4021 1.75776887796e-24
4811736.06808 1.74645637662e-24
4823738.73405 1.73514387528e-24
4835741.40003 1.72383137394e-24
4847744.06601 1.7125188726e-24
4859746.73199 1.70120637127e-24
4871749.39797 1.68989386993e-24
4883752.06395 1.67858136859e-24
4895754.72993 1.66726886725e-24
4907757.39591 1.65595636591e-24
4919760.06189 1.64464386457e-24
4931762.72787 1.63333136323e-24
4943765.39384 1.62201886189e-24
4955768.05982 1.61070636055e-24
4967770.7258 1.59939385921e-24
4979773.39178 1.58808135787e-24
4991776.05776 1.57676885653e-24
5003778.72374 1.56545635519e-24
5015781.38972 1.55414385386e-24
5027784.0557 1.54283135252e-24
5039786.72168 1.53151885118e-24
5051789.38766 1.52020634984e-24
5063792.05364 1.5088938485e-24
5075794.71961 1.49758134716e-24
5087797.38559 1.48626884582e-24
5099800.05157 1.47495634448e-24
5111802.71755 1.46364384314e-24
5123805.38353 1.4523313418e-24
5135808.04951 1.44101884046e-24
5147810.71549 1.42970633912e-24
5159813.38147 1.41839383778e-24
5171816.04745 1.40708133644e-24
5183818.71343 1.39576883511e-24
5195821.3794 1.38445633377e-24
5207824.04538 1.37314383243e-24
5219826.71136 1.36183133109e-24
5231829.37734 1.35051882975e-24
5243832.04332 1.33920632841e-24
5255834.7093 1.32789382707e-24
5267837.37528 1.31658132573e-24
5279840.04126 1.30526882439e-24
5291842.70724 1.29395632305e-24
5303845.37322 1.28264382171e-24
5315848.03919 1.27133132037e-24
5327850.70517 1.26001881903e-24
5339853.37115 1.2487063177e-24
5351856.03713 1.23930991985e-24
5363858.70311 1.23328389932e-24
5375861.36909 1.22725787879e-24
5387864.03507 1.22123185827e-24
5399866.70105 1.21520583774e-24
5411869.36703 1.20917981721e-24
5423872.03301 1.20315379669e-24
5435874.69899 1.19712777616e-24
5447877.36496 1.19110175563e-24
5459880.03094 1.18507573511e-24
5471882.69692 1.17904971458e-24
5483885.3629 1.17302369405e-24
5495888.02888 1.16699767353e-24
5507890.69486 1.160971653e-24
5519893.36084 1.15494563248e-24
5531896.02682 1.14891961195e-24
5543898.6928 1.14289359142e-24
5555901.35878 1.1368675709e-24
5567904.02475 1.13084155037e-24
5579906.69073 1.12481552984e-24
5591909.35671 1.11878950932e-24
5603912.02269 1.11276348879e-24
5615914.68867 1.10673746826e-24
5627917.35465 1.10071144774e-24
5639920.02063 1.09468542721e-24
5651922.68661 1.08865940668e-24
5663925.35259 1.08263338616e-24
5675928.01857 1.07660736563e-24
5687930.68455 1.07058134511e-24
5699933.35052 1.06455532458e-24
5711936.0165 1.05852930405e-24
5723938.68248 1.05250328353e-24
5735941.34846 1.046477263e-24
5747944.01444 1.04045124247e-24
5759946.68042 1.03442522195e-24
5771949.3464 1.02839920142e-24
5783952.01238 1.02237318089e-24
5795954.67836 1.01634716037e-24
5807957.34434 1.01032113984e-24
5819960.01031 1.00429511931e-24
5831962.67629 9.98269098788e-25
5843965.34227 9.92243078262e-25
5855968.00825 9.86217057735e-25
5867970.67423 9.80191037209e-25
5879973.34021 9.74165016683e-25
5891976.00619 9.68138996156e-25
5903978.67217 9.6211297563e-25
5915981.33815 9.56086955103e-25
5927984.00413 9.50060934577e-25
5939986.6701 9.44034914051e-25
5951989.33608 9.38008893524e-25
5963992.00206 9.31982872998e-25
5975994.66804 9.25956852471e-25
5987997.33402 9.19930831945e-25
6000000.0 9.13904811418e-25
9321113.11061 1e-300
14480524.9368 1e-300
22495768.4728 1e-300
34947600.4075 1e-300
54291756.057 1e-300
84343266.5302 1e-300
131028854.574 1e-300
203555795.707 1e-300
316227766.017 1e-300
