8000.0 1.22870743233551e-19
8976.147634415705 1.2034359662707165e-19
10071.40329435334 1.0156091326410176e-19
11300.300356982032 8.461926889496748e-20
12679.145539688912 8.564658932816076e-20
14226.235280311383 6.505002470815064e-20
15962.09851975103 6.21745581459068e-20
17909.76910854672 5.4078809305508204e-20
20095.091452076635 4.9009367550665246e-20
22547.06345011564 4.061480951628628e-20
25298.221281347036 3.231539134900202e-20
28385.071138686028 2.912999777050959e-20
31848.57364427979 2.399606873482947e-20
35734.68737207704 2.105577427550938e-20
40094.9786901818 1.9705608485662398e-20
44987.30601522793 1.679582985020843e-20
50476.58755841545 1.3132599228531721e-20
56635.66275073104 1.1172653519339924e-20
63546.25877794251 9.921890974391592e-21
71300.07505069967 7.903806366308182e-21
80000.0 6.698988601434174e-21
89761.47634415708 5.67014656886525e-21
100714.0329435334 4.794726579992852e-21
113003.00356982033 4.112409749325906e-21
126791.45539688908 3.4228415802389705e-21
142262.35280311384 3.0939676164750703e-21
159620.98519751037 2.6008322978497785e-21
179097.6910854672 2.0603513258736366e-21
200950.91452076635 1.80699516652956e-21
225470.6345011563 1.5248192662754766e-21
252982.21281347034 1.249964474408399e-21
283850.7113868604 1.0606822695585419e-21
318485.7364427979 9.021627373821371e-22
357346.8737207704 7.840349983178291e-22
400949.7869018178 6.718632782688868e-22
449873.0601522793 5.63199033875076e-22
504765.8755841546 4.866028872607777e-22
566356.6275073105 4.1820699617141415e-22
635462.5877794251 3.5890683668211267e-22
713000.7505069964 3.0821545215603314e-22
800000.0 2.663389223101548e-22
897614.7634415708 2.300824887480348e-22
1007140.3294353338 1.9959513379498506e-22
1130030.0356982036 1.7357061360246268e-22
1267914.5539688906 1.4931316592128767e-22
1422623.5280311385 1.306020340908491e-22
1596209.8519751038 1.1342349536554887e-22
1790976.9108546716 9.84317326410776e-23
2009509.145207664 8.504429485281243e-23
2254706.345011563 7.34613008667246e-23
2529822.1281347037 6.342417672168278e-23
2838507.113868604 5.413431269941133e-23
3184857.3644279777 4.637368332591748e-23
3573468.737207705 3.9601346598438964e-23
4009497.869018178 3.387563095838099e-23
4498730.601522792 2.856950546421737e-23
5047658.755841546 2.4315614398673884e-23
5663566.275073104 2.0723757575860724e-23
6354625.877794252 1.7493563053481743e-23
7130007.505069965 1.4871331915709468e-23
8000000.0 1.261001344499141e-23
12037171.075534001 1e-300
18111685.93770908 1e-300
27251682.76231844 1e-300
41004145.938276075 1e-300
61696739.93314894 1e-300
92831776.67225546 1e-300
139678997.1312137 1e-300
210167498.0159302 1e-300
316227766.01683795 1e-300
