100000.0 2.0582679339504287e-21
112201.8454301963 1.800624901111326e-21
125892.54117941676 1.5738485020473253e-21
141253.7544622754 1.3743303161381559e-21
158489.3192461114 1.1984241291169237e-21
177827.94100389228 1.043722444702991e-21
199526.2314968879 9.077234123966086e-22
223872.11385683398 7.882302045526114e-22
251188.64315095794 6.833173545310869e-22
281838.2931264455 5.912974737653185e-22
316227.76601683797 5.103511943669638e-22
354813.3892335753 4.394760155191797e-22
398107.17055349733 3.775130445656814e-22
446683.592150963 3.234393700062373e-22
501187.2336272725 2.7634496040017345e-22
562341.3251903491 2.3541613879588863e-22
630957.344480193 1.997738557932215e-22
707945.7843841381 1.6896858488315482e-22
794328.2347242814 1.4242591096767864e-22
891250.9381337459 1.1963391868410578e-22
1000000.0 1.0013188317347395e-22
1122018.4543019636 8.350353868937923e-23
1258925.4117941675 6.931259685898723e-23
1412537.544622754 5.731900291695077e-23
1584893.1924611134 4.721808273810801e-23
1778279.410038923 3.8738322217338253e-23
1995262.3149688798 3.16439369053638e-23
2238721.13856834 2.5732667848853112e-23
2511886.4315095795 2.080892067312127e-23
2818382.9312644536 1.6747491008292502e-23
3162277.660168379 1.3410974293410652e-23
3548133.8923357553 1.0682613519907843e-23
3981071.705534973 8.462873327852331e-24
4466835.92150963 6.666780264708127e-24
5011872.336272722 5.212115045191087e-24
5623413.251903491 4.049056293413573e-24
6309573.444801933 3.1247783653317508e-24
7079457.84384138 2.394488532333425e-24
7943282.347242814 1.8210243740907492e-24
8912509.381337455 1.3738753609353576e-24
10000000.0 1.0253609731529043e-24
11220184.543019636 7.5821436068512e-25
12589254.117941674 5.551151992259643e-25
14125375.446227545 4.0201048503967227e-25
15848931.924611134 2.877184306185338e-25
17782794.10038923 2.033968437872805e-25
19952623.149688795 1.4130547444824895e-25
22387211.385683395 9.669940654615894e-26
25118864.3150958 6.510577956014043e-26
28183829.312644538 4.3086492480943453e-26
31622776.601683795 2.800981400478026e-26
35481338.92335755 1.7881092699427278e-26
39810717.05534972 1.1145012543220355e-26
44668359.21509632 6.806855983451888e-27
50118723.362727225 4.084529660008267e-27
56234132.51903491 2.4265557401928476e-27
63095734.448019326 1.4264629554969704e-27
70794578.4384138 8.114632910903932e-28
79432823.47242814 4.483216686450147e-28
89125093.81337455 2.1258646150124883e-28
100000000.0 6.695949555777444e-29
113646366.63857242 1e-300
129154966.50148827 1e-300
146779926.76220676 1e-300
166810053.72000557 1e-300
189573565.24063793 1e-300
215443469.00318867 1e-300
244843674.68222293 1e-300
278255940.2207126 1e-300
316227766.01683795 1e-300
