100092.96874639936 1.5054712852161821e-18
100298.32021732883 1.4983865068807434e-18
100504.09298884694 1.4912871933619452e-18
100710.28792529668 1.4841733148393114e-18
100916.90589279434 1.4770448414311878e-18
101123.94775923435 1.4699017431945712e-18
101331.41439429006 1.462743990125084e-18
101539.30666942071 1.4555715521567361e-18
101747.62545787179 1.4483843991619082e-18
101956.37163468199 1.4411825009511155e-18
102165.546076684 1.433965827272979e-18
102375.14966250942 1.4267343478140556e-18
102585.18327259371 1.4194880321986664e-18
102795.64778917696 1.412226849988875e-18
103006.54409631097 1.4049507706842363e-18
103217.87307985956 1.3976597637217905e-18
103429.63562750568 1.3903537984758158e-18
103641.83262875218 1.3830328442578022e-18
103854.46497492689 1.3756968703162789e-18
104067.53355918748 1.3683458458366417e-18
104281.03927652235 1.3609797399411262e-18
104494.98302375784 1.3535985216885562e-18
104709.36569955882 1.346202160074327e-18
104924.18820443402 1.3387906240302187e-18
105139.45144074077 1.3313638824242317e-18
105355.15631268611 1.3239219040605519e-18
105571.30372633382 1.3164646576793057e-18
105787.89458960485 1.3089921119565456e-18
106004.92981228456 1.3015042355039999e-18
106222.41030602355 1.294000996869047e-18
106440.33698434278 1.2864823645345333e-18
106658.71076263869 1.2789483069186024e-18
106877.53255818397 1.2713987923746649e-18
107096.80329013502 1.2638337891911412e-18
107316.5238795322 1.2562532655914561e-18
107536.6952493072 1.2486571897337792e-18
107757.31832428391 1.2410455297109992e-18
107978.39403118365 1.233418253550542e-18
108199.9232986303 1.2257753292141952e-18
108421.90705715105 1.2181167245980768e-18
108644.34623918409 1.2104424075323778e-18
108867.24177907915 1.2027523457813382e-18
109090.59461310296 1.1950465070430598e-18
109314.40567944442 1.1873248589493286e-18
109538.6759182154 1.1795873690655865e-18
109763.40627145837 1.1718340048906685e-18
109988.59768314663 1.1640647338567943e-18
110214.25109919198 1.1562795233293032e-18
110440.36746744553 1.1484783406066285e-18
110666.94773770295 1.1406611529201131e-18
110893.99286170995 1.1328279274338236e-18
111121.50379316299 1.1269993205206444e-18
111349.48148771693 1.1217077906802338e-18
111577.92690298548 1.116405404698291e-18
111806.84099854883 1.1110921403022541e-18
112036.22473595444 1.1057679751738996e-18
112266.07907872253 1.100432886949216e-18
112496.40499235141 1.0950868532182773e-18
112727.20344431847 1.0897298515252225e-18
112958.47540408769 1.0843618593680794e-18
113190.22184311028 1.0789828541987528e-18
113422.44373483227 1.0735928134228432e-18
113655.14205469548 1.0681917143996312e-18
113888.31778014288 1.062779534441945e-18
114121.97189062425 1.0573562508160366e-18
114356.1053675969 1.0519218407415603e-18
114590.71919453358 1.0464762813913907e-18
114825.81435692332 1.041019549891603e-18
115061.39184227707 1.0355516233213427e-18
115297.45264013304 1.0300724787127003e-18
115533.99774205779 1.0245820930506869e-18
115771.02814165408 1.019080443273053e-18
116008.54483456124 1.0135675062702775e-18
116246.54881846311 1.0080432588853857e-18
116485.04109308905 1.002507677913924e-18
116724.02266021937 9.969607401038352e-19
116963.4945236912 9.914024221553215e-19
117203.45768939909 9.858327007208318e-19
117443.91316530334 9.802515524048663e-19
117684.86196143016 9.746589537639746e-19
117926.30508987993 9.690548813065624e-19
118168.24356482804 9.634393114928748e-19
118410.67840253044 9.578122207348628e-19
118653.61062132964 9.521735853960489e-19
118897.04124165537 9.4652338179151e-19
119140.97128603284 9.408615861876833e-19
119385.40177908362 9.351881748023496e-19
119630.3337475314 9.295031238044972e-19
119875.76822020778 9.238064093141894e-19
120121.70622805314 9.180980074025417e-19
120368.14880412491 9.123778940915312e-19
120615.096983598 9.066460453539886e-19
120862.55180377308 9.009024371134025e-19
121110.51430407743 8.951470452439023e-19
121358.98552607081 8.893798455701192e-19
121607.9665134514 8.836008138670526e-19
121857.45831205665 8.778099258600466e-19
122107.46196987157 8.720071572245982e-19
122357.9785370293 8.66192483586346e-19
122609.00906581942 8.603658805208753e-19
122860.55461068892 8.545273235536964e-19
123112.61622824805 8.486767881601092e-19
123365.19497727635 8.428142497650621e-19
123618.29191872352 8.36939683743133e-19
123871.90811571798 8.310530654183299e-19
124126.04463356717 8.251543700640841e-19
124380.70253976627 8.192435729030483e-19
124635.88290399889 8.145154082845965e-19
124891.58679814327 8.105346341753583e-19
125147.81529627825 8.065456930806687e-19
125404.56947468423 8.025485682450956e-19
125661.85041185174 7.985432428788003e-19
125919.65918848242 7.945297001575216e-19
126177.99688749507 7.905079232224819e-19
126436.86459403177 7.864778951802913e-19
126696.26339545882 7.824395991029342e-19
126956.19438137545 7.783930180276321e-19
127216.65864361422 7.743381349568389e-19
127477.65727624981 7.702749328581036e-19
127739.19137559996 7.662033946640544e-19
128001.26204023155 7.621235032723057e-19
128263.8703709669 7.580352415453593e-19
128527.01747088475 7.539385923105902e-19
128790.70444532891 7.4983353836010965e-19
129054.93240190893 7.457200624507566e-19
129319.70245050878 7.415981473039628e-19
129585.01570328783 7.374677756057343e-19
129850.87327468736 7.3332893000655625e-19
130117.27628143645 7.291815931212947e-19
130384.22584255323 7.250257475291814e-19
130651.72307935373 7.208613757736739e-19
130919.76911545286 7.166884603624412e-19
131188.36507677074 7.125069837672645e-19
131457.5120915391 7.083169284239396e-19
131727.21129030222 7.0411827673226e-19
131997.46380592583 6.999110110558773e-19
132268.27077359788 6.956951137222944e-19
132539.63333083727 6.914705670227227e-19
132811.55261749515 6.872373532120675e-19
133084.02977576116 6.829954545088294e-19
133357.06595016984 6.787448530950006e-19
133630.6622876018 6.744855311160543e-19
133904.81993729257 6.7021747068079725e-19
134179.5400508336 6.65940653861365e-19
134454.82378218079 6.616550626930792e-19
134730.67228765614 6.573606791744287e-19
135007.08672595382 6.530574852669722e-19
135284.0682581469 6.487454628952336e-19
135561.61804768821 6.44424593946688e-19
135839.7372604199 6.400948602716162e-19
136118.42706457418 6.357562436830884e-19
136397.68863078 6.314087259568631e-19
136677.5231320698 6.270522888312832e-19
136957.93174388024 6.226869140072604e-19
137238.9156440618 6.183125831481299e-19
137520.4760128793 6.139292778796413e-19
137802.61403302103 6.095369797898132e-19
138085.3308896002 6.051356704289158e-19
138368.62777016137 6.007253313093676e-19
138652.50586468703 5.963059439056322e-19
138936.96636559902 5.918774896542008e-19
139222.01046776763 5.874399499534438e-19
139507.63936851235 5.829933061636049e-19
139793.8542676114 5.792152177738086e-19
140080.65636730276 5.762990871921379e-19
140368.0468722909 5.733769738555214e-19
140656.02698975356 5.704488654896839e-19
140944.59792934294 5.675147497951903e-19
141233.7609031952 5.645746144473499e-19
141523.51712593096 5.616284470962094e-19
141813.86781466525 5.586762353664541e-19
142104.81418900826 5.557179668573986e-19
142396.3574710724 5.527536291429157e-19
142688.49888547912 5.497832097713675e-19
142981.2396593599 5.46806696265593e-19
143274.58102236627 5.438240761228099e-19
143568.52420667073 5.408353368146027e-19
143863.07044697367 5.3784046578685285e-19
144158.22098051035 5.34839450459667e-19
144453.9770470521 5.318322782273677e-19
144750.33988891603 5.288189364583907e-19
145047.31075096567 5.257994124952811e-19
145344.8908806209 5.227736936545924e-19
145643.081527859 5.197417672268742e-19
145941.88394522184 5.167036204766009e-19
146241.29938782257 5.136592406421012e-19
146541.32911334716 5.106086149355456e-19
146841.97438206413 5.075517305428452e-19
147143.23645682525 5.044885746236451e-19
147445.11660307556 5.014191343112239e-19
147747.6160888544 4.983433967124799e-19
148050.73618480278 4.952613489078602e-19
148354.47816417026 4.92172977951288e-19
148658.84330281618 4.890782708701504e-19
148963.83287922005 4.859772146651954e-19
149269.44817448218 4.8286979631052e-19
149575.6904723315 4.797560027534974e-19
149882.56105913228 4.766358209147028e-19
150190.0612238856 4.735092376879031e-19
150498.19225823937 4.703762399399509e-19
150806.95545648917 4.6723681451078e-19
151116.35211558823 4.640909482132999e-19
151426.38353514893 4.609386278333838e-19
151737.05101744985 4.577798401297954e-19
152048.35586744326 4.54614571834113e-19
152360.29939275613 4.514428096507188e-19
152672.8829037007 4.482645402566925e-19
152986.10771327498 4.450797503018053e-19
153299.9751371732 4.418884264084141e-19
153614.4864937869 4.386905551714491e-19
153929.64310421274 4.354861231583382e-19
154245.44629225932 4.32275116908932e-19
154561.89738444876 4.2905752293549203e-19
154878.9977100273 4.2583332772258224e-19
155196.74860096563 4.226025177270639e-19
155515.15139196976 4.1936507937798752e-19
155834.20742048192 4.161209990765809e-19
156153.91802668845 4.128702631961718e-19
156474.28455352696 4.0961285808211285e-19
156795.30834668782 4.066565599329937e-19
157116.9907546247 4.0455295869473193e-19
157439.33312855588 4.0244504169269674e-19
157762.3368224718 4.00332800072639e-19
158086.00319314274 3.9821622496213244e-19
158410.3336001199 3.9609530747056466e-19
158735.32940574628 3.9397003868906617e-19
159060.99197515743 3.91840409690507e-19
159387.32267629207 3.8970641152942545e-19
159714.32287989353 3.8756803524201946e-19
160041.99395951736 3.854252718460975e-19
160370.33729153904 3.832781123410266e-19
160699.35425515522 3.8112654770772584e-19
161029.04623239473 3.7897056890859274e-19
161359.4146081192 3.7681016688750094e-19
161690.46077003403 3.746453325697274e-19
162022.18610868973 3.724760568619438e-19
162354.5920174896 3.7030233065216556e-19
162687.6798926977 3.681241448097022e-19
163021.45113344 3.659414901851467e-19
163355.90714171555 3.6375435761030415e-19
163691.04932239786 3.6156273789818346e-19
164026.87908324253 3.593666218429449e-19
164363.3978348955 3.5716600021984895e-19
164700.60699089398 3.549608637852487e-19
165038.50796767802 3.5275120327651443e-19
165377.10218459083 3.505370094120313e-19
165716.39106389027 3.4831827289112463e-19
166056.37603075022 3.4609498439405135e-19
166397.0585132683 3.438671345819482e-19
166738.43994247413 3.416347140967789e-19
167080.52175233053 3.393977135613255e-19
167423.30537974497 3.3715612357911467e-19
167766.79226457007 3.3490993473441256e-19
168110.98384961538 3.3265913759214977e-19
168455.88158064833 3.3040372269791377e-19
168801.4869064025 3.2814368057789545e-19
169147.80127858586 3.258790017388349e-19
169494.82615188186 3.2360967666801455e-19
169842.5629839612 3.213356958331819e-19
170191.01323548236 3.1905704968254653e-19
170540.17837010336 3.1677372864470284e-19
170890.05985448285 3.1448572312862275e-19
171240.6591582886 3.1219302352360076e-19
171591.97775420564 3.098956201992e-19
171944.01711793753 3.0759350350524464e-19
172296.77872821825 3.0528666377174173e-19
172650.2640668134 3.029750913088733e-19
173004.47461852862 3.006587764069416e-19
173359.41187121792 2.983377093363144e-19
173715.07731578493 2.960118803474167e-19
174071.47244619482 2.9368127967065286e-19
174428.59875947514 2.91345897516402e-19
174786.45775572734 2.8900572407494064e-19
175145.05093812858 2.8666074951643326e-19
175504.3798129398 2.8431096399087745e-19
175864.44588951438 2.820341430582112e-19
176225.2506802995 2.8054103606246716e-19
176586.79570084802 2.790448657974251e-19
176949.0824698194 2.7754562597846494e-19
177312.1125089916 2.760433103080613e-19
177675.88734326247 2.745379124757776e-19
178040.40850065846 2.7302942615823105e-19
178405.67751234293 2.7151784501905655e-19
178771.69591261784 2.700031627089013e-19
179138.46523893578 2.684853728653741e-19
179505.98703190143 2.6696446911303935e-19
179874.2628352802 2.654404450633822e-19
180243.29419600678 2.639132943147716e-19
180613.08266418675 2.6238301045245496e-19
180983.62979310885 2.6084958704850715e-19
181354.9371392455 2.5931301766182746e-19
181727.0062622655 2.5777329583808847e-19
182099.838725035 2.5623041510973035e-19
182473.43609362683 2.546843689959241e-19
182847.79993732888 2.531351510025354e-19
183222.93182864564 2.51582754622119e-19
183598.8333433107 2.5002717333386667e-19
183975.50606028747 2.4846840060360403e-19
184352.95156178184 2.469064298837391e-19
184731.17143324343 2.453412546132561e-19
185110.16726337463 2.4377286821767834e-19
185489.9406441394 2.4220126410903177e-19
185870.4931707649 2.406264356858388e-19
186251.82644175403 2.390483763330657e-19
186633.9420588861 2.3746707942212013e-19
187016.84162722976 2.358825383107972e-19
187400.52675514427 2.342947463432752e-19
187784.99905428872 2.327036968500764e-19
188170.26013963093 2.3110938314803087e-19
188556.31162944884 2.2951179854027035e-19
188943.15514534377 2.27910936316174e-19
189330.7923122414 2.263067897513633e-19
189719.2247584011 2.2469935210766407e-19
190108.45411542538 2.230886166330678e-19
190498.48201826078 2.2147457656172714e-19
190889.31010521128 2.1985722511390065e-19
191280.94001793902 2.1823655549595024e-19
191673.3734014772 2.1661256090028722e-19
192066.61190423163 2.1498523450536644e-19
192460.6571779901 2.1335456947564677e-19
192855.5108779314 2.1172055896155435e-19
193251.17466262713 2.1008319609947547e-19
193647.65019405473 2.0844247401170128e-19
194044.93913759812 2.067983858064267e-19
194443.04316206122 2.0515092457769346e-19
194841.96393966925 2.035000834053852e-19
195241.70314607813 2.018458553551881e-19
195642.262460384 2.0018823347855202e-19
196043.64356512466 1.985272108126843e-19
196445.84814629302 1.968627803804941e-19
196848.87789333865 1.9519493519058606e-19
197252.73449917702 1.935236682372217e-19
197657.4196601994 1.9242833815067513e-19
198062.935076274 1.9138413139007974e-19
198469.28245075993 1.9033778232721134e-19
198876.46349050742 1.8928928656691112e-19
199284.47990587202 1.882386397049946e-19
199693.33341071557 1.87185837328248e-19
200103.02572241623 1.861308750144033e-19
200513.55856187796 1.8507374833211339e-19
200924.93365353203 1.8401445284094856e-19
201337.15272535093 1.8295298409135987e-19
201750.21750884887 1.8188933762467895e-19
202164.12973909578 1.8082350897308108e-19
202578.8911547189 1.7975549365958166e-19
202994.50349791234 1.7868528719801132e-19
203410.96851444704 1.7761288509299011e-19
203828.28795367212 1.7653828283992424e-19
204246.46356852926 1.7546147592496932e-19
204665.4971155538 1.7438245982502715e-19
205085.39035488482 1.733012300077197e-19
205506.14505027508 1.7221778193136358e-19
205927.76296909255 1.711321110449667e-19
206350.2458823343 1.7004421278819148e-19
206773.5955646277 1.6895408259135252e-19
207197.81379424417 1.6786171587538082e-19
207622.9023531009 1.6676710805181964e-19
208048.8630267709 1.6567025452279834e-19
208475.69760449312 1.645711506810066e-19
208903.40787917378 1.6346979190969053e-19
209331.9956474009 1.6236617358261594e-19
209761.46270944504 1.6126029106406577e-19
210191.81086927355 1.6015213970880384e-19
210623.0419345522 1.5904171486207036e-19
211055.15771665552 1.5792901185955558e-19
211488.1600306768 1.5681402602737393e-19
211922.05069542964 1.5569675268205976e-19
212356.8315334627 1.5457718713052984e-19
212792.50437106035 1.5345532467008148e-19
213229.0710382571 1.523311605883551e-19
213666.5333688395 1.5120469016332965e-19
214104.89320035628 1.500759086632965e-19
214544.15237412875 1.4894481134683256e-19
214984.31273525226 1.4781139346279664e-19
215425.37613261119 1.4667565025029048e-19
215867.34441888044 1.4553757693865536e-19
216310.21945053586 1.443971687474452e-19
216754.0030878648 1.4325442088639916e-19
217198.6971949675 1.4210932855543804e-19
217644.30363977226 1.4096188694462545e-19
218090.824294036 1.3981209123416627e-19
218538.2610333594 1.3865993659436767e-19
218986.61573718835 1.375054181856353e-19
219435.8902888247 1.3634853115844557e-19
219886.08657543684 1.351892706533189e-19
220337.2064880612 1.3402763180081507e-19
220789.25192161743 1.3286360972149457e-19
221242.22477490938 1.316971995259163e-19
221696.1269506399 1.3086511377346137e-19
222150.96035541294 1.3014878213754402e-19
222606.7268997439 1.294309808703747e-19
223063.4284980706 1.2871170695684433e-19
223521.06706875484 1.2799095737566367e-19
223979.64453409784 1.2726872909933917e-19
224439.16282034188 1.2654501909417057e-19
224899.62385768112 1.2581982432023347e-19
225361.02958027247 1.2509314173136239e-19
225823.3819262373 1.2436496827514818e-19
226286.68283767698 1.2363530089291358e-19
226750.93426067353 1.2290413651971182e-19
227216.13814530525 1.221714720843024e-19
227682.29644564854 1.214373045091481e-19
228149.41111978886 1.2070163071039773e-19
228617.48412983146 1.1996444759786904e-19
229086.51744190353 1.1922575207504565e-19
229556.51302616965 1.1848554103905263e-19
230027.4728568326 1.177438113806549e-19
230499.39891214937 1.170005599842325e-19
230972.29317443247 1.1625578372777826e-19
231446.15763006164 1.1550947948287934e-19
231920.99426949446 1.1476164411470059e-19
232396.80508726856 1.140122744819811e-19
232873.59208201722 1.132613674370096e-19
233351.35725647045 1.1250891982562262e-19
233830.10261747084 1.1175492848717995e-19
234309.83017597534 1.1099939025456118e-19
234790.5419470666 1.1024230195414847e-19
235272.2399499644 1.0948366040580816e-19
235754.92620802711 1.0872346242288853e-19
236238.60274876835 1.0796170481219387e-19
236723.27160385833 1.0719838437398181e-19
237208.9348091355 1.0643349790194555e-19
237695.59440461794 1.0566704218319556e-19
238183.25243450518 1.0489901399825669e-19
238671.9109471946 1.0412941012104267e-19
239161.57199528208 1.0335822731885479e-19
239652.23763557858 1.0258546235235579e-19
240143.90992911186 1.0181111197556743e-19
240636.59094113816 1.0103517293585164e-19
241130.28274115367 1.0025764197389293e-19
241624.9874028966 9.947851582369493e-20
242120.70700436336 9.869779121255474e-20
242617.44362780987 9.791546486106107e-20
243115.19935976784 9.71315334830686e-20
243613.97629104686 9.634599378569465e-20
244113.77651674591 9.55588424693011e-20
244614.60213626534 9.477007622747519e-20
245116.45525330873 9.397969174702722e-20
245619.33797589946 9.318768570796376e-20
246123.2524163829 9.239405478348488e-20
246628.20069143802 9.159879563996525e-20
247134.18492208954 9.080190493693552e-20
247641.2072337095 9.000337932707935e-20
248149.2697560344 8.920321545620681e-20
248658.37462316625 8.858574103225427e-20
249168.52397358938 8.810767349871956e-20
249679.71995017226 8.762862515831654e-20
250191.96470017987 8.71485939988156e-20
250705.26037528558 8.666757800385591e-20
251219.60913157286 8.618557515294375e-20
251735.01312955297 8.570258342143623e-20
252251.47453416546 8.521860078054061e-20
252768.99551479556 8.473362519729797e-20
253287.57824527627 8.42476546345814e-20
253807.22490390023 8.376068705108473e-20
254327.93767343246 8.32727204013108e-20
254849.7187411118 8.278375263556987e-20
255372.5702986687 8.229378169996308e-20
255896.49454232596 8.18028055363817e-20
256421.49367281637 8.131082208249068e-20
256947.56989538457 8.081782927172685e-20
257474.72541979954 8.032382503328709e-20
258002.9624603671 7.982880729211706e-20
258532.28323593157 7.933277396890905e-20
259062.68996989372 7.88357229800855e-20
259594.18489021272 7.833765223779716e-20
260126.7702294187 7.783855964991134e-20
260660.4482246252 7.733844311999998e-20
261195.22111753115 7.683730054733817e-20
261731.09115443885 7.63351298268871e-20
262268.06058625487 7.583192884929318e-20
262806.13166850805 7.53276955008712e-20
263345.3066613514 7.482242766360268e-20
263885.58782957506 7.43161232151236e-20
264426.97744261863 7.380878002871279e-20
264969.47777457343 7.330039597328997e-20
265513.0911042009 7.279096891339851e-20
266057.81971493294 7.228049670920482e-20
266603.66589489067 7.176897721648109e-20
267150.6319368863 7.125640828660354e-20
267698.7201384359 7.074278776654025e-20
268247.9328017724 7.022811349883893e-20
268798.2722338477 6.971238332162523e-20
269349.7407463511 6.919559506858542e-20
269902.3406557111 6.867774656896436e-20
270456.0742831089 6.815883564755335e-20
271010.9439544907 6.763886012467807e-20
271566.9520005707 6.711781781619628e-20
272124.100756849 6.659570653348082e-20
272682.3925636127 6.607252408341825e-20
273241.82976595487 6.554826826839175e-20
273802.41471377644 6.502293688627893e-20
274364.1497617993 6.449652773043943e-20
274927.0372695797 6.396903858970268e-20
275491.0796015104 6.344046724836583e-20
276056.2791268393 6.291081148617602e-20
276622.6382196706 6.238006907832961e-20
277190.1592589839 6.184823779545426e-20
277758.84462863585 6.131531540360699e-20
278328.6967173742 6.078129966426163e-20
278899.7179188506 6.033396365435719e-20
279471.91063162294 6.002127351925011e-20
280045.27725917485 5.97079418667612e-20
280619.82020991616 5.939396738074993e-20
281195.54189720255 5.907934874237302e-20
281772.44473933737 5.87640846300834e-20
282350.53115958546 5.844817371962268e-20
282929.80358618667 5.813161468401365e-20
283510.26445235807 5.781440619355931e-20
284091.91619631334 5.749654691583206e-20
284674.76126126497 5.717803551567255e-20
285258.80209543783 5.685887065518227e-20
285844.0411520833 5.653905099371589e-20
286430.480889481 5.621857518788018e-20
287018.1237709588 5.589744189152329e-20
287606.9722648936 5.557564975573408e-20
288197.0288447311 5.525319742883146e-20
288788.29598898796 5.493008355636311e-20
289380.776181266 5.460630678109793e-20
289974.4719102658 5.428186574301838e-20
290569.38566978904 5.39567590793193e-20
291165.5199587585 5.3630985424396925e-20
291762.87728121894 5.330454340984847e-20
292361.4601463573 5.297743166446116e-20
292961.2710685048 5.264964881421087e-20
293562.312567151 5.232119348225459e-20
294164.58716695796 5.1992064288922645e-20
294768.09739776293 5.1662259851717306e-20
295372.84579459776 5.1331778785302035e-20
295978.83489769185 5.10006197015e-20
296586.06725248613 5.066878120928642e-20
297194.5454096473 5.033626191478066e-20
297804.2719250702 5.000306042124503e-20
298415.2493598984 4.9669175329073706e-20
299027.48028052476 4.9334605235792e-20
299640.9672586124 4.899934873604526e-20
300255.7128710969 4.86634044215976e-20
300871.71970020066 4.8326770881324026e-20
301488.99033344735 4.798944670120237e-20
302107.5273636644 4.765143046431224e-20
302727.3333890037 4.7312720750823445e-20
303348.4110129424 4.6973316137995744e-20
303970.762844304 4.6633215200167145e-20
304594.3914972606 4.6292416508752814e-20
305219.2995913476 4.595091863223706e-20
305845.4897514783 4.560872013616524e-20
306472.96460794634 4.526581958314245e-20
307101.72679644654 4.492221553282214e-20
307731.7789580777 4.457790654190476e-20
308363.1237393569 4.423289116412967e-20
308995.76379223453 4.3887167950267037e-20
309629.7017740969 4.354073544811653e-20
310264.9403477871 4.3193592202495657e-20
310901.48218160647 4.284573675523932e-20
311539.32994933554 4.249716764518797e-20
312178.48633023666 4.21478834081865e-20
312818.95400906896 4.183133800359006e-20
313460.7356761035 4.163350400796473e-20
314103.83402712556 4.143526413465917e-20
314748.2517634563 4.123661755097097e-20
315393.99159195373 4.1037563422490876e-20
316041.0562250344 4.083810091309623e-20
316689.448380676 4.063822918495013e-20
317339.170782432 4.0437947398496774e-20
317990.226159448 4.023725471245674e-20
318642.6172464631 4.003615028382618e-20
319296.34678383236 3.9834633267870194e-20
319951.41751752776 3.9632702818122393e-20
320607.83219916024 3.9430358086378136e-20
321265.5935859819 3.922759822269387e-20
321924.70444090175 3.902442237538224e-20
322585.16753250104 3.882082969100736e-20
323246.98563503585 3.861681931438407e-20
323910.1615284593 3.841239038857106e-20
324574.6979984238 3.8207542054870144e-20
325240.5978362968 3.8002273452821424e-20
325907.86383917666 3.7796583720198434e-20
326576.4988098949 3.7590471993007443e-20
327246.50555703865 3.738393740548043e-20
327917.8868949518 3.7176979090074875e-20
328590.6456437576 3.696959617746671e-20
329264.78462936106 3.6761787796549585e-20
329940.30668346485 3.6553553074430016e-20
330617.214643585 3.634489113642244e-20
331295.51135305397 3.613580110604842e-20
331975.1996610426 3.5926282105029654e-20
332656.28242256225 3.5716333253287687e-20
333338.7624984865 3.550595366893675e-20
334022.6427555547 3.529514246828307e-20
334707.92606638727 3.5083898765819896e-20
335394.6153095024 3.487222167422249e-20
336082.7133693184 3.4660110304347366e-20
336772.2231361767 3.444756376522519e-20
337463.14750634454 3.4234581164059896e-20
338155.489382031 3.4021161606223855e-20
338849.25167140365 3.3807304195252684e-20
339544.4372885909 3.3593008032844547e-20
340241.0491537052 3.33782722188529e-20
340939.0901928447 3.3163095851286153e-20
341638.563338116 3.294747802630053e-20
342339.4715276373 3.273141783819915e-20
343041.8177055543 3.251491437942703e-20
343745.60482205765 3.2297966740565934e-20
344450.83583338466 3.208057401033358e-20
345157.5137018433 3.186273527557639e-20
345865.64139581355 3.164444962126907e-20
346575.2218897709 3.14257161305073e-20
347286.2581642891 3.120653388450694e-20
347998.7532060568 3.098690196259889e-20
348712.71000789455 3.07668194422239e-20
349428.13156875706 3.0546285398931677e-20
350145.02089375764 3.032529890637365e-20
350863.3809941692 3.010823310047354e-20
351583.21488744824 2.998376613765988e-20
352304.5255972376 2.985904381750978e-20
353027.31615338335 2.97340656161305e-20
353751.5895919523 2.9608831008553724e-20
354477.34895523364 2.948333946873511e-20
355204.59729176475 2.9357590469550086e-20
355933.33765633235 2.923158348279336e-20
356663.5731099909 2.910531797917599e-20
357395.306720079 2.897879342832238e-20
358128.5415602224 2.8852009298769823e-20
358863.2807103588 2.8724965057964244e-20
359599.5272567386 2.859766017225999e-20
360337.28429195 2.8470094106915564e-20
361076.5549149216 2.834226632609312e-20
361817.3422309396 2.821417629285556e-20
362559.64935166546 2.8085823469163374e-20
363303.47939513903 2.795720731587423e-20
364048.8354858026 2.7828327292738676e-20
364795.72075450287 2.7699182858399927e-20
365544.13833851565 2.7569773470389485e-20
366294.09138154896 2.744009858512671e-20
367045.5830337603 2.731015765791575e-20
367798.61645177455 2.717995014294246e-20
368553.1947986867 2.7049475493273948e-20
369309.3212440873 2.6918733160854175e-20
370066.9989640651 2.6787722596503538e-20
370826.23114122485 2.665644324991566e-20
371587.0209647055 2.6524894569654414e-20
372349.3716301826 2.639307600315338e-20
373113.28633989405 2.6260986996711434e-20
373878.7683026415 2.6128626995492554e-20
374645.82073381596 2.5995995443521286e-20
375414.44685540034 2.5863091783682423e-20
376184.649895988 2.5729915457717684e-20
376956.43309080054 2.559646590622276e-20
377729.7996816911 2.546274256864662e-20
378504.75291716965 2.5328744883287233e-20
379281.2960524048 2.519447228729119e-20
380059.43234924984 2.5059924216649256e-20
380839.16507624515 2.4925100106195914e-20
381620.497508637 2.4789999389606112e-20
382403.4329283959 2.4654621499392137e-20
383187.9746242196 2.4518965866903062e-20
383974.1258915587 2.4383031922320272e-20
384761.89003261895 2.4246819094657168e-20
385551.27035638713 2.4110326811754624e-20
386342.270178634 2.3973554500280482e-20
387134.89282193285 2.3836501585726346e-20
387929.1416156786 2.369916749240432e-20
388725.01989609015 2.356155164344653e-20
389522.53100623767 2.3423653460800493e-20
390321.67829604493 2.3285472365228606e-20
391122.4651223087 2.314700777630489e-20
391924.894848717 2.3008259112411785e-20
392728.9708458529 2.2869225790739514e-20
393534.6964912206 2.2729907227281543e-20
394342.07516924746 2.2651939525082447e-20
395151.11027131055 2.258296732909227e-20
395961.80519574 2.2513853629237454e-20
396774.1633478379 2.2444598135207788e-20
397588.1881398978 2.2375200556097013e-20
398403.8829912071 2.2305660600402607e-20
399221.25132807496 2.223597797602345e-20
400040.29658383335 2.2166152390259685e-20
400861.0221988648 2.209618354981042e-20
401683.4316206049 2.202607116077342e-20
402507.52830356243 2.1955814928643504e-20
403333.3157093381 2.188541455831081e-20
404160.7973066281 2.1814869754060648e-20
404989.97657125135 2.1744180219571042e-20
405820.8569861532 2.1673345657912505e-20
406653.44204142404 2.1602365771546387e-20
407487.73523432034 2.1531240262323145e-20
408323.7400692661 2.1459968831482155e-20
409161.4600578825 2.138855117964925e-20
410000.8987189877 2.1316987006836673e-20
410842.05957862636 2.1245276012440606e-20
411684.94617007195 2.1173417895240953e-20
412529.56203384686 2.110141235339964e-20
413375.9107177423 2.102925908445889e-20
414223.9957768214 2.0956957785340983e-20
415073.8207734476 2.0884508152345845e-20
415925.3892772861 2.0811909881150884e-20
416778.70486533263 2.0739162666808592e-20
417633.7711219164 2.0666266203746246e-20
418490.59163872 2.059322018576422e-20
419349.17001480015 2.0520024306034255e-20
420209.50985659024 2.044667825709919e-20
421071.61477792985 2.0373181730870465e-20
421935.48840006575 2.0299534418628065e-20
422801.1343516809 2.0225736011017998e-20
423668.5562688978 2.0151786198052038e-20
424537.7577952987 2.007768466910599e-20
425408.7425819465 2.0003431112917956e-20
426281.5142873875 1.9929025217588006e-20
427156.07657768094 1.9854466670575744e-20
428032.43312640215 1.97797551587e-20
428910.5876146631 1.970489036813709e-20
429790.54373113345 1.962987198441904e-20
430672.30517204315 1.9554699692433286e-20
431555.8756412126 1.947937317642021e-20
432441.25885005423 1.940389211997295e-20
433328.4585176015 1.9328256206034918e-20
434217.47837051254 1.9252465116899503e-20
435108.3221430914 1.917651853420827e-20
436000.9935773086 1.9100416138949207e-20
436895.4964228046 1.9024157611456392e-20
437791.83443691995 1.8947742631407498e-20
438690.0113846964 1.88711708778236e-20
439590.03103890736 1.8794442029066666e-20
440491.8971800611 1.871755576283922e-20
441395.6135964221 1.864051175618259e-20
442301.18408403214 1.8592192791792683e-20
443208.6124467138 1.8556365718016083e-20
444117.90249610087 1.852046514115132e-20
445029.0580516417 1.8484490910398987e-20
445942.0829406206 1.8448442874650298e-20
446856.9809981794 1.8412320882486238e-20
447773.756067321 1.837612478217743e-20
448692.4119989399 1.8339854421682903e-20
449612.9526518234 1.8303509648650074e-20
450535.3818926834 1.8267090310413475e-20
451459.70359615906 1.8230596253994656e-20
452385.92164483876 1.819402732610133e-20
453314.0399292818 1.815738337312648e-20
454244.06234802236 1.8120664241148234e-20
455175.9928076 1.8083869775928654e-20
456109.83522256155 1.8046999822913654e-20
457045.59351549257 1.8010054227231775e-20
457983.2716170205 1.797303283369404e-20
458922.87346583686 1.7935935486793072e-20
459864.40300871956 1.7898762030702257e-20
460807.86420053605 1.7861512309275568e-20
461753.26100427535 1.7824186166046322e-20
462700.5973910493 1.778678344422715e-20
463649.87734012457 1.7749303986708695e-20
464601.104838926 1.7711747636059507e-20
465554.2838830589 1.7674114234525152e-20
466509.4184763319 1.7636403624027316e-20
467466.5126307603 1.759861564616367e-20
468425.5703665978 1.7560750142206613e-20
469386.5957123406 1.7522806953103108e-20
470349.59270474984 1.7484785919473815e-20
471314.56538887415 1.744668688161219e-20
472281.5178180532 1.7408509679484315e-20
473250.45405395055 1.7370254152727657e-20
474221.37816655467 1.7331920140650993e-20
475194.2942342119 1.72935074822331e-20
476169.2063436299 1.7255016016122655e-20
477146.1185899009 1.721644558063727e-20
478125.0350765241 1.7177796013762665e-20
479105.9599154098 1.7139067153152442e-20
480088.8972269123 1.710025883612684e-20
481073.8511398313 1.706137089967264e-20
482060.825791445 1.7022403180441888e-20
483049.82532751374 1.698335551475173e-20
484040.85390230344 1.6944227738583498e-20
485033.9156786089 1.6905019687581793e-20
486029.0148277572 1.6865731197054332e-20
487026.1555296415 1.6826362101970632e-20
488025.3419727245 1.6786912236961866e-20
489026.57835406164 1.6747381436319952e-20
490029.8688793256 1.6707769533996586e-20
491035.217762809 1.6668076363603126e-20
492042.6292274588 1.6628301758409235e-20
493052.1075048776 1.658844555134284e-20
494063.6568353577 1.6548507574988778e-20
495077.2814678849 1.650848766158866e-20
496092.9856601621 1.6468352640637648e-20
497110.7736786333 1.6428105083970703e-20
498130.6497984877 1.638777495512053e-20
499152.6183036934 1.6347362084681266e-20
500176.68348699965 1.6306866302899832e-20
501202.8496499707 1.6266287439674537e-20
502231.1211029898 1.622562532455497e-20
503261.5021652835 1.6184879786741012e-20
504293.99716494576 1.6144050655081873e-20
505328.61043894204 1.6103137758075984e-20
506365.3463331435 1.6062140923869575e-20
507404.2092023313 1.6021059980256546e-20
508445.2034102211 1.5979894754677507e-20
509488.333329487 1.5938645074218787e-20
510533.60334176617 1.5897310765612312e-20
511581.0178376932 1.5855891655234167e-20
512630.58121690236 1.5814387569104595e-20
513682.2978880628 1.5772798332886545e-20
514736.17226888164 1.573112377188555e-20
515792.2087861301 1.5689363711048747e-20
516850.4118756674 1.5647517974963874e-20
517910.7859824447 1.5605586387859133e-20
518973.33556054137 1.5563568773601763e-20
520038.0650731662 1.5521464955698006e-20
521104.97899269295 1.5479274757291653e-20
522174.0818006649 1.543699800116391e-20
523245.37798781943 1.5394634509732407e-20
524318.8720541139 1.535218410505018e-20
525394.5685087288 1.530964660880555e-20
526472.4718701045 1.526702184232065e-20
527552.586665943 1.5224309626551374e-20
528634.9174332438 1.5181509782085975e-20
529719.468718308 1.513862212914484e-20
530806.245076764 1.509564648757955e-20
531895.2510735933 1.5052582676871828e-20
532986.4912831337 1.500943051613338e-20
534079.9702891171 1.4966189824104465e-20
535175.6926846724 1.4922860419153716e-20
536273.663072352 1.4879442119277142e-20
537373.8860641575 1.4835934742097086e-20
538476.3662815434 1.4792338104862068e-20
539581.1083554552 1.474865202444533e-20
540688.1169263297 1.470487631734475e-20
541797.396644133 1.4661010799681404e-20
542908.9521683651 1.461705528719936e-20
544022.7881680845 1.4573009595264672e-20
545138.9093219362 1.4528873538864336e-20
546257.3203181549 1.448464693260613e-20
547378.0258546021 1.4440329590717114e-20
548501.0306387693 1.439592132704359e-20
549626.3393878144 1.4351421955049577e-20
550753.9568285663 1.430683128781665e-20
551883.8876975519 1.426214913804293e-20
553016.1367410218 1.4217375318041974e-20
554150.7087149555 1.4172509639742654e-20
555287.6083850986 1.4127551914687632e-20
556426.8405269679 1.402915047270054e-20
557568.4099258769 1.3830625901598145e-20
558712.3213769639 1.3631694036025017e-20
559858.5796851959 1.3432354040373576e-20
561007.1896654067 1.3232605077320396e-20
562158.1561422996 1.3032446307825735e-20
563311.4839504848 1.2831876891126888e-20
564467.1779344848 1.2630895984737399e-20
565625.242948761 1.242950274444243e-20
566785.683857741 1.2227696324293899e-20
567948.5055358234 1.2025475876609756e-20
569113.7128674162 1.1822840551967277e-20
570281.3107469389 1.1619789499202673e-20
571451.3040788623 1.141632186540421e-20
572623.6977777114 1.121243679591162e-20
573798.4967680945 1.1008133434311154e-20
574975.70598473 1.080341092243084e-20
576155.3303724511 1.0598268400339702e-20
577337.3748862452 1.0392705006340861e-20
578521.8444912565 1.018671987697124e-20
579708.7441628241 9.980312146994652e-21
580898.0788864885 9.773480949400974e-21
582089.8536580177 9.566225415401348e-21
583284.073483437 9.358544674423253e-21
584480.7433790319 9.150437854109761e-21
585679.8683713892 8.941904080312526e-21
586881.4534974014 8.732942477091063e-21
588085.5038042942 8.523552166707807e-21
589292.0243496555 8.313732269623138e-21
590501.02020144 8.103481904494677e-21
591712.4964380093 7.892800188170158e-21
592926.4581481344 7.681686235687154e-21
594142.910431036 7.470139160265927e-21
595361.8583963889 7.258158073308705e-21
596583.3071643513 7.04574208439464e-21
597807.2618655931 6.832890301274834e-21
599033.7276413004 6.6196018298715454e-21
600262.7096432172 6.405875774271018e-21
601494.2130336465 6.191711236723148e-21
602728.2429854926 5.977107317634305e-21
603964.8046822652 5.762063115566498e-21
605203.903318108 5.546577727232375e-21
606445.5440978288 5.3306502474900794e-21
607689.732236904 5.114279769342483e-21
608936.4729615197 4.897465383929933e-21
610185.7715085766 4.6802061805294666e-21
611437.6331257196 4.462501246549654e-21
612692.0630713669 4.244349667525494e-21
613949.0666147155 4.025750527117583e-21
615208.6490357822 3.806702907104845e-21
616470.8156254066 3.5872058873840775e-21
617735.5716852928 3.367258545962673e-21
619002.9225280144 3.1468599589577597e-21
620272.8734770447 2.9260092005910058e-21
621545.429866786 2.704705343183438e-21
622820.5970425744 2.4829474571546216e-21
624098.3803607228 2.2935656041497565e-21
625378.7851885232 2.2596373008369706e-21
626661.8169042891 2.2256393899674746e-21
627947.4808973605 2.1915717287339623e-21
629235.7825681345 2.1574341740361424e-21
630526.7273280951 2.123226582479931e-21
631820.3205998185 2.0889488103773307e-21
633116.5678170158 2.054600713745284e-21
634415.4744245362 2.0201821483055997e-21
635717.0458784094 1.9856929694838214e-21
637021.2876458513 1.951133032409081e-21
638328.2052052943 1.9165021919132963e-21
639637.804046418 1.881800302530348e-21
640950.0896701546 1.8470272184959575e-21
642265.0675887322 1.8121827937465115e-21
643582.7433256801 1.777266881918947e-21
644903.1224158597 1.742279336349916e-21
646226.2104054954 1.7072200100749717e-21
647552.0128521803 1.6720887558284256e-21
648880.5353249196 1.6368854260421833e-21
650211.7834041335 1.6016098728456795e-21
651545.7626817015 1.5662619480646925e-21
652882.4787609677 1.5308415032212162e-21
654221.937256772 1.4953483895326306e-21
655564.1437954814 1.4597824579108538e-21
656909.1040149959 1.4241435589622226e-21
658256.8235647924 1.3884315429862904e-21
659607.3081059279 1.3526462599757675e-21
660960.5633110843 1.3167875596153266e-21
662316.5948645739 1.2808552912814593e-21
663675.4084623704 1.2448493040416456e-21
665037.0098121418 1.2087694466534909e-21
666401.404633255 1.172615567564599e-21
667768.5986568222 1.1363875149113596e-21
669138.5976257045 1.1000851365188172e-21
670511.4072945459 1.0637082798998104e-21
671887.0334298047 1.0272567922541145e-21
673265.4818097585 9.907305204683128e-22
674646.7582245508 9.541293111145664e-22
676030.8684761928 9.174530104505588e-22
677417.8183786111 8.807014644182565e-22
678807.6137576511 8.438745186437837e-22
680200.2604511109 8.069720184365461e-22
681595.7643087734 7.699938087883679e-22
682994.1311924126 7.329397343733496e-22
684395.3669758389 6.958096395466321e-22
685799.4775449026 6.586033683443237e-22
687206.4687975408 6.213207644822682e-22
688616.3466437823 5.839616713558899e-22
690029.1170057809 5.465259320393271e-22
691444.7858178489 5.09013389284544e-22
692863.359026462 4.7142388552118915e-22
694284.8425903072 4.337572628553442e-22
695709.2424802851 3.960133630694517e-22
697136.5646795577 3.5819202762104905e-22
698566.815183553 3.2029309764264147e-22
700000.0 2.823164139407942e-22
1380661.28395298 1e-300
2723179.4014381357 1e-300
5371126.241176976 1e-300
10593865.789167063 1e-300
20895057.632138494 1e-300
41212852.99808557 1e-300
81287129.33671747 1e-300
160328560.51269183 1e-300
316227766.01683795 1e-300
