106444.01677 4.08881851559e-19
119432.151166 3.28448532869e-19
134005.077645 2.591143969e-19
150356.170088 2.06560843811e-19
168702.397557 1.62604714789e-19
189287.203344 1.27193776503e-19
212383.735315 9.881871732e-20
238298.470417 7.72286806728e-20
267375.28144 5.91917431429e-20
300000.0 4.49211828857e-20
336605.536291 3.28852842887e-20
377677.623538 2.48229195643e-20
423761.263387 1.86125552927e-20
475467.957738 1.32241939084e-20
533483.823012 9.70719820592e-21
598578.694491 6.85565769702e-21
671616.341571 4.92419147453e-21
753565.929453 3.43585177384e-21
845514.879379 2.4436783093e-21
948683.298051 1.7021933781e-21
1064440.1677 1.20630421533e-21
1194321.51166 8.65572499222e-22
1340050.77645 6.58123288132e-22
1503561.70088 4.86109251414e-22
1687023.97557 3.98688727831e-22
1892872.03344 3.60470891932e-22
2123837.35315 3.92169811721e-22
2382984.70417 5.10217347769e-22
2673752.8144 5.29835615098e-22
3000000.0 1.63313781288e-22
5033679.49621 1e-300
8445976.42353 1e-300
14171446.1162 1e-300
23778172.5823 1e-300
39897233.2616 1e-300
66943295.0082 1e-300
112323697.164 1e-300
188467163.784 1e-300
316227766.017 1e-300
