100475.45726 4.61492398002e-19
112735.317251 3.6815099551e-19
126491.106407 2.94574003308e-19
141925.355693 2.33987566752e-19
159242.868221 1.85900624218e-19
178673.43686 1.46862294629e-19
200474.893451 1.11243384885e-19
224936.530076 8.69661265894e-20
252382.937792 6.58218881265e-20
283178.313754 4.79646323662e-20
317731.29389 3.53254507058e-20
356500.375253 2.53840103182e-20
400000.0 1.82922427233e-20
448807.381721 1.28403941281e-20
503570.164718 9.16987103166e-21
565015.017849 5.95256448077e-21
633957.276984 3.97350135189e-21
711311.764016 2.60265495837e-21
798104.925988 1.66731248603e-21
895488.455427 1.10742735554e-21
1004754.5726 6.50769105474e-22
1127353.17251 4.08265145892e-22
1264911.06407 2.49665503784e-22
1419253.55693 1.40878033542e-22
1592428.68221 8.38408305945e-23
1786734.3686 4.92941741876e-23
2004748.93451 2.95115909103e-23
2249365.30076 1.80704454905e-23
2523829.37792 1.1776817084e-23
2831783.13754 8.5374531997e-24
3177312.9389 5.69706751956e-24
3565003.75253 3.82086774239e-24
4000000.0 2.99528339927e-24
6500431.92442 1e-300
10563903.801 1e-300
17167484.3787 1e-300
27899015.8792 1e-300
45338913.3704 1e-300
73680629.9728 1e-300
119738979.822 1e-300
194588771.758 1e-300
316227766.017 1e-300
