100237.446725 4.87728249493e-20
112468.265038 4.13936672783e-20
126191.468896 3.50433275964e-20
141589.156877 2.93399861241e-20
158865.646945 2.47518403053e-20
178250.187627 2.08033973058e-20
200000.0 1.74487135408e-20
224403.69086 1.44938565272e-20
251785.082359 1.19692113428e-20
282507.508925 9.82454564328e-21
316978.638492 8.05477873087e-21
355655.882008 6.5886329353e-21
399052.462994 5.40863403789e-21
447744.227714 4.35473996292e-21
502377.286302 3.54355168414e-21
563676.586253 2.84006422628e-21
632455.532034 2.2607419591e-21
709626.778467 1.75763325758e-21
796214.341107 1.37578190192e-21
893367.184302 1.0676774866e-21
1002374.46725 8.36351921439e-22
1124682.65038 6.22162426258e-22
1261914.68896 4.78448934565e-22
1415891.56877 3.46466380855e-22
1588656.46945 2.6058680666e-22
1782501.87627 1.83388775983e-22
2000000.0 1.33858826116e-22
2244036.9086 9.36681232384e-23
2517850.82359 6.45078417515e-23
2825075.08925 4.23438257607e-23
3169786.38492 2.90842731516e-23
3556558.82008 1.90494046639e-23
3990524.62994 1.22211798108e-23
4477442.27714 7.47099791978e-24
5023772.86302 4.78975250157e-24
5636765.86253 2.92948637875e-24
6324555.32034 1.77098209892e-24
7096267.78467 1.06575686174e-24
7962143.41107 6.40566256612e-25
8933671.84302 3.9208916349e-25
10023744.6725 2.46105097613e-25
11246826.5038 1.66757108908e-25
12619146.8896 1.09473407537e-25
14158915.6877 7.76132109064e-26
15886564.6945 5.49465022087e-26
17825018.7627 3.76303642672e-26
20000000.0 2.75929137388e-26
27179964.4921 1e-300
36937523.4896 1e-300
50198028.8437 1e-300
68219032.0772 1e-300
92709543.4772 1e-300
125992104.989 1e-300
171223046.995 1e-300
232691816.878 1e-300
316227766.017 1e-300
