0.0673211072581 3.42414512051e-21
0.0755355247076 3.8147156887e-21
0.0847522526774 4.07984272352e-21
0.0950935915477 4.24219093057e-21
0.106696764602 6.34643794254e-21
0.119715738898 1.10718452521e-20
0.134323268314 2.00573607769e-20
0.150713185891 3.81421417217e-20
0.169102975876 6.61140711863e-20
0.18973665961 9.30942055278e-20
0.21288803354 1.19379776258e-19
0.238864302332 1.40898061563e-19
0.268010155291 1.60033540868e-19
0.300712340176 1.72047190447e-19
0.337404795114 1.8173300135e-19
0.378574406688 1.89560882346e-19
0.42476747063 1.94791945913e-19
0.476596940835 2.06044848845e-19
0.53475056288 2.3450443584e-19
0.6 2.8077480189e-19
0.673211072581 3.15192558343e-19
0.755355247076 3.09487883824e-19
0.847522526774 3.29872283542e-19
0.950935915477 3.5460170975e-19
1.06696764602 3.57493498997e-19
1.19715738898 3.53613075046e-19
1.34323268314 3.45844674274e-19
1.50713185891 3.35583931113e-19
1.69102975876 3.24240104013e-19
1.8973665961 3.1181243522e-19
2.1288803354 2.9534313014e-19
2.38864302332 2.78255576801e-19
2.68010155291 2.61612102784e-19
3.00712340176 2.45312176143e-19
3.37404795114 2.30202251781e-19
3.78574406688 2.15576505549e-19
4.2476747063 2.00744581558e-19
4.76596940835 1.86849062604e-19
5.3475056288 1.73485864345e-19
6.0 1.60543252198e-19
6.73211072581 1.48299725169e-19
7.55355247076 1.36980718308e-19
8.47522526774 1.26138537405e-19
9.50935915477 1.15945138405e-19
10.6696764602 1.06749786805e-19
11.9715738898 9.81338562382e-20
13.4323268314 9.02130748785e-20
15.0713185891 8.29959620658e-20
16.9102975876 7.61325681332e-20
18.973665961 6.98138201503e-20
21.288803354 6.38702105663e-20
23.8864302332 5.83442225728e-20
26.8010155291 5.33830392203e-20
30.0712340176 4.87831160639e-20
33.7404795114 4.45719828007e-20
37.8574406688 4.07668164582e-20
42.476747063 3.71712417631e-20
47.6596940835 3.39302903815e-20
53.475056288 3.09204228902e-20
60.0 2.81665654977e-20
67.3211072581 2.5706127465e-20
75.5355247076 2.34984579066e-20
84.7522526774 2.14203642526e-20
95.0935915477 1.94181744642e-20
106.696764602 1.76318899409e-20
119.715738898 1.60237280411e-20
134.323268314 1.4556388252e-20
150.713185891 1.32030122905e-20
169.102975876 1.19774671e-20
189.73665961 1.08761519905e-20
212.88803354 9.89079041956e-21
238.864302332 8.98870523137e-21
268.010155291 8.16800011206e-21
300.712340176 7.40593444861e-21
337.404795114 6.71007261072e-21
378.574406688 6.08189403105e-21
424.76747063 5.49535112187e-21
476.596940835 4.96566271941e-21
534.75056288 4.48198758371e-21
600.0 4.04139945325e-21
673.211072581 3.63811138873e-21
755.355247076 3.28914323469e-21
847.522526774 2.96808558136e-21
950.935915477 2.66623215055e-21
1066.96764602 2.40636672192e-21
1197.15738898 2.16943180023e-21
1343.23268314 1.95906785484e-21
1507.13185891 1.76719520984e-21
1691.02975876 1.5892425457e-21
1897.3665961 1.42926182134e-21
2128.8803354 1.28695323991e-21
2388.64302332 1.15681771923e-21
2680.10155291 1.04245966786e-21
3007.12340176 9.38018913443e-22
3374.04795114 8.43013106006e-22
3785.74406688 7.58620291629e-22
4247.6747063 6.80337072873e-22
4765.96940835 6.10459254997e-22
5347.5056288 5.49161755024e-22
6000.0 4.92946712391e-22
6732.11072581 4.4255149601e-22
7553.55247077 3.96163946345e-22
8475.22526774 3.55225106199e-22
9509.35915477 3.19049119616e-22
10669.6764602 2.86553825859e-22
11971.5738898 2.57139995596e-22
13432.3268314 2.3055560808e-22
15071.3185891 2.06411123036e-22
16910.2975876 1.85478085198e-22
18973.665961 1.66680391201e-22
21288.803354 1.49519109226e-22
23886.4302332 1.34215054191e-22
26801.0155291 1.20385325192e-22
30071.2340176 1.07747247992e-22
33740.4795114 9.63786983125e-23
37857.4406688 8.63314527191e-23
42476.747063 7.73852809261e-23
47659.6940835 6.9487234712e-23
53475.056288 6.2383460594e-23
60000.0 5.59181999617e-23
67321.1072581 5.0150029435e-23
75535.5247077 4.49768331203e-23
84752.2526774 4.03904429629e-23
95093.5915477 3.61842220628e-23
106696.764602 3.24069375935e-23
119715.738898 2.90421721731e-23
134323.268314 2.60024912216e-23
150713.185891 2.32702434409e-23
169102.975876 2.07970501168e-23
189736.65961 1.86106403109e-23
212888.03354 1.66936781004e-23
238864.302332 1.49750030533e-23
268010.155291 1.34128212233e-23
300712.340176 1.20023397145e-23
337404.795114 1.07311287677e-23
378574.406688 9.60077727242e-24
424767.47063 8.58933101291e-24
476596.940835 7.69448732405e-24
534750.56288 6.87838367174e-24
600000.0 6.15730760282e-24
673211.072581 5.50155256422e-24
755355.247077 4.92535108789e-24
847522.526774 4.39890342385e-24
950935.915477 3.93029899309e-24
1066967.64602 3.5170473741e-24
1197157.38898 3.14003548657e-24
1343232.68314 2.80435153832e-24
1507131.85891 2.49641751484e-24
1691029.75876 2.22221661848e-24
1897366.5961 1.9847973165e-24
2128880.3354 1.769635994e-24
2388643.02332 1.57664086465e-24
2680101.55291 1.40252707131e-24
3007123.40176 1.24657795567e-24
3374047.95114 1.10922889476e-24
3785744.06688 9.85431162259e-25
4247674.7063 8.74891591723e-25
4765969.40835 7.7541907537e-25
5347505.6288 6.8683881357e-25
6000000.0 6.08421442767e-25
6732110.72581 5.38279893126e-25
7553552.47077 4.74459078498e-25
8475225.26774 4.17939088598e-25
9509359.15477 3.67076781223e-25
10669676.4602 3.21799511641e-25
11971573.8898 2.81636453216e-25
13432326.8314 2.46069493977e-25
15071318.5891 2.13954472417e-25
16910297.5876 1.85007789227e-25
18973665.961 1.60005096251e-25
21288803.354 1.38042679262e-25
23886430.2332 1.1846836886e-25
26801015.5291 1.01158184929e-25
30071234.0176 8.60964194312e-26
33740479.5114 7.31530840986e-26
37857440.6688 6.21383692988e-26
42476747.063 5.24944452117e-26
47659694.0835 4.41246132066e-26
53475056.288 3.67714486635e-26
60000000.0 3.10902925034e-26
72169993.637 1e-300
86808466.3595 1e-300
104416107.747 1e-300
125595163.862 1e-300
151070036.279 1e-300
181712059.283 1e-300
218569302.704 1e-300
262902419.757 1e-300
316227766.017 1e-300
