100198.23835514061 9.24738317708465e-20
100403.80579797388 9.223245354025368e-20
100609.79498448494 9.199058009630748e-20
100816.20677992624 9.174821042302454e-20
101023.04205132538 9.150534350233712e-20
101230.3016674887 9.126197831408875e-20
101437.9864990053 9.101811383602983e-20
101646.0974182497 9.077374904381419e-20
101854.63529938679 9.052888291099336e-20
102063.60101837477 9.028351440901327e-20
102272.9954529689 9.003764250720972e-20
102482.81948272527 8.979126617280382e-20
102693.0739890045 8.954438437089805e-20
102903.75985497556 8.929699606447123e-20
103114.87796561878 8.90491002143755e-20
103326.42920773072 8.880069577933028e-20
103538.41446992707 8.855178171591893e-20
103750.83464264663 8.830235697858417e-20
103963.69061815501 8.805242051962361e-20
104176.98329054868 8.780197128918513e-20
104390.71355575771 8.755100823526355e-20
104604.88231155099 8.729953030369451e-20
104819.49045753901 8.704753643815132e-20
105034.53889517789 8.679502558013997e-20
105250.02852777326 8.654199666899495e-20
105465.96026048416 8.628844864187436e-20
105682.33500032601 8.603438043375656e-20
105899.15365617565 8.57797909774342e-20
106116.41713877453 8.552467920351054e-20
106334.12636073239 8.5269044040395e-20
106552.28223653142 8.501288441429843e-20
106770.8856825299 8.475619924922877e-20
106989.93761696642 8.449898746698606e-20
107209.43895996267 8.424124798715921e-20
107429.39063352878 8.398297972711974e-20
107649.79356156626 8.372418160201821e-20
107870.64866987213 8.34648525247796e-20
108091.95688614273 8.320499140609856e-20
108313.71913997791 8.294459715443478e-20
108535.93636288405 8.268366867600913e-20
108758.60948827924 8.242220487479788e-20
108981.73945149641 8.216020465252881e-20
109205.3271897874 8.189766690867655e-20
109429.37364232687 8.163459054045786e-20
109653.87975021641 8.137097444282702e-20
109878.84645648849 8.1106817508471e-20
110104.27470610972 8.084211862780562e-20
110330.16544598606 8.057687668896963e-20
110556.51962496588 8.031109057782091e-20
110783.33819384429 8.004475917793153e-20
111010.622105367 7.97778813705831e-20
111238.37231423466 7.951045603476179e-20
111466.58977710585 7.924248204715465e-20
111695.27545260254 7.897395828214346e-20
111924.43030131322 7.870488361180077e-20
112154.05528579713 7.843525690588518e-20
112384.15137058821 7.77600624024605e-20
112614.71952219936 7.755064893548655e-20
112845.7607091266 7.734080583430314e-20
113077.27590185213 7.713053221747002e-20
113309.26607285002 7.691982720173792e-20
113541.73219658916 7.670868990204565e-20
113774.67524953771 7.64971194315163e-20
114008.09621016715 7.628511490145337e-20
114241.9960589566 7.607267542133691e-20
114476.37577839608 7.585980009882064e-20
114711.23635299198 7.564648803972686e-20
114946.57876927029 7.543273834804355e-20
115182.40401578094 7.52185501259205e-20
115418.71308310193 7.500392247366555e-20
115655.50696384393 7.478885448974019e-20
115892.78665265319 7.457334527075731e-20
116130.55314621734 7.435739391147556e-20
116368.80744326863 7.414099950479663e-20
116607.55054458826 7.392416114176121e-20
116846.78345301068 7.370687791154521e-20
117086.50717342773 7.348914890145582e-20
117326.72271279314 7.327097319692762e-20
117567.43108012583 7.305234988151937e-20
117808.63328651551 7.283327803690912e-20
118050.330345126 7.261375674289104e-20
118292.52327119981 7.239378507737145e-20
118535.21308206221 7.217336211636483e-20
118778.40079712599 7.195248693398983e-20
119022.08743789453 7.173115860246619e-20
119266.27402796775 7.150937619210961e-20
119510.96159304533 7.12871387713286e-20
119756.15116093126 7.106444540662038e-20
120001.84376153818 7.084129516256706e-20
120248.04042689175 7.061768710183165e-20
120494.74219113513 7.039362028515384e-20
120741.95009053245 7.016909377134698e-20
120989.66516347455 6.994410661729286e-20
121237.8884504824 6.971865787793855e-20
121486.62099421171 6.949274660629225e-20
121735.86383945735 6.926637185341934e-20
121985.6180331579 6.903953266843803e-20
122235.88462439906 6.881222809851653e-20
122486.66466441972 6.858445718886737e-20
122737.95920661511 6.835621898274458e-20
122989.76930654173 6.812751252143929e-20
123242.09602192158 6.789833684427569e-20
123494.940412647 6.766869098860684e-20
123748.30354078398 6.743857398981154e-20
124002.18647057832 6.720798488128884e-20
124256.59026845891 6.697692269445499e-20
124511.51600304252 6.674538645873899e-20
124766.96474513835 6.651337520157872e-20
125022.93756775248 6.628088794841661e-20
125279.43554609256 6.604792372269564e-20
125536.45975757147 6.581448154585578e-20
125794.01128181325 6.558056043732882e-20
126052.09120065659 6.480543957012633e-20
126310.7005981598 6.462707793437396e-20
126569.84056060517 6.444835037057764e-20
126829.51217650388 6.426925612799667e-20
127089.71653659956 6.408979445435043e-20
127350.45473387443 6.390996459581445e-20
127611.72786355269 6.372976579701795e-20
127873.53702310566 6.354919730104036e-20
128135.88331225612 6.336825834940821e-20
128398.76783298314 6.318694818209198e-20
128662.19168952682 6.300526603750264e-20
128926.15598839203 6.282321115248923e-20
129190.66183835437 6.264078276233463e-20
129455.7103504641 6.245798010075289e-20
129721.30263805093 6.227480239988602e-20
129987.43981672854 6.209124889030064e-20
130254.12300439982 6.190731880098469e-20
130521.35332126028 6.172301135934474e-20
130789.13188980448 6.153832579120183e-20
131057.45983482961 6.13532613207888e-20
131326.33828344045 6.116781717074703e-20
131595.76836505425 6.098199256212296e-20
131865.7512114053 6.079578671436498e-20
132136.2879565501 6.060919884531987e-20
132407.379736871 6.042222817123034e-20
132679.02769108242 6.023487390673059e-20
132951.23296023486 6.004713526484365e-20
133223.99668771974 5.985901145697808e-20
133497.32001927428 5.96705016929245e-20
133771.20410298655 5.948160518085224e-20
134045.65008929934 5.929232112730649e-20
134320.65913101635 5.91026487372042e-20
134596.23238330625 5.891258721383119e-20
134872.37100370752 5.872213575883884e-20
135149.07615213364 5.853129357224048e-20
135426.34899087786 5.834005985240819e-20
135704.19068461732 5.814843379606978e-20
135982.60240041933 5.795641459830467e-20
136261.5853077454 5.776400145254103e-20
136541.14057845622 5.75711935505522e-20
136821.2693868168 5.737799008245337e-20
137101.9729095011 5.718439023669831e-20
137383.2523255976 5.699039320007543e-20
137665.10881661286 5.679599815770545e-20
137947.54356647836 5.660120429303662e-20
138230.55776155414 5.640601078784221e-20
138514.1525906343 5.621041682221675e-20
138798.3292449518 5.601442157457271e-20
139083.08891818393 5.581802422163671e-20
139368.432806456 5.562122393844701e-20
139654.36210834805 5.542401989834872e-20
139940.87802489914 5.522641127299119e-20
140227.98175961213 5.502839723232435e-20
140515.67451845907 5.482997694459515e-20
140803.95750988624 5.463114957634414e-20
141092.83194481942 5.44319142924017e-20
141382.29903666786 5.444340822284847e-20
141672.3600013312 5.42847712786495e-20
141963.01605720317 5.4125808873728936e-20
142254.26842517738 5.396652034036918e-20
142546.11832865205 5.38069050094827e-20
142838.56699353576 5.364696221060912e-20
143131.6156482512 5.348669127191307e-20
143425.26552374222 5.3326091520180275e-20
143719.5178534778 5.316516228081552e-20
144014.37387345743 5.300390287783954e-20
144309.8348222165 5.284231263388627e-20
144605.90194083174 5.268039087019971e-20
144902.5764729249 5.2518136906631896e-20
145199.85966467042 5.2355550061638954e-20
145497.75276479885 5.219262965227889e-20
145796.25702460264 5.2029374994208567e-20
146095.37369794157 5.1865785401680934e-20
146395.1040412477 5.170186018754196e-20
146695.4493135312 5.1537598663227704e-20
146996.41077638423 5.137300013876209e-20
147297.98969398823 5.120806392275294e-20
147600.1873331179 5.1042789322389817e-20
147903.00496314684 5.087717564344089e-20
148206.443856053 5.0711222190250025e-20
148510.50528642416 5.0544928265733744e-20
148815.19053146208 5.0378293171378875e-20
149120.50087098993 5.0211316207238736e-20
149426.43758745608 5.0043996671930727e-20
149733.00196594014 4.987633386263333e-20
150040.19529415807 4.970832707508312e-20
150348.01886246775 4.953997560357177e-20
150656.47396387477 4.937127874094295e-20
150965.56189403636 4.920223577859008e-20
151275.28395126906 4.90328460064522e-20
151585.64143655254 4.8863108713011855e-20
151896.63565353578 4.869302318529172e-20
152208.2679085421 4.852258870885186e-20
152520.53951057539 4.835180456778628e-20
152833.45177132403 4.8180670044720847e-20
153147.0060051685 4.800918442080909e-20
153461.20352918556 4.783734697572992e-20
153776.04566315401 4.7665156987684435e-20
154091.53372956035 4.749261373339292e-20
154407.6690536044 4.731971648809174e-20
154724.45296320494 4.7146464525530135e-20
155041.88678900423 4.6972857117967934e-20
155359.97186437546 4.6798893536171397e-20
155678.70952542708 4.662457304941081e-20
155998.1011110086 4.6449894925457356e-20
156318.14796271647 4.627485843057994e-20
156638.85142489977 4.6099462829541913e-20
156960.21284466475 4.592370738559884e-20
157282.23357188233 4.5747591360494183e-20
157604.91495919254 4.557111401445698e-20
157928.25836201053 4.5394274606198514e-20
158252.26513853212 4.521707239290931e-20
158576.93664974003 4.5158369923959736e-20
158902.27425940815 4.502503996194297e-20
159228.2793341094 4.489143645919541e-20
159554.95324321982 4.4757558854518885e-20
159882.29735892513 4.462340658556382e-20
160210.31305622603 4.4488979088827005e-20
160539.00171294427 4.43542757996491e-20
160868.3647097287 4.4219296152212115e-20
161198.40343005967 4.408403957953774e-20
161529.11926025694 4.3948505513483953e-20
161860.51358948404 4.3812693384743316e-20
162192.58780975465 4.367660262284037e-20
162525.3433159382 4.354023265612927e-20
162858.78150576615 4.340358291179122e-20
163192.90377983672 4.326665281583269e-20
163527.71154162244 4.312944179308208e-20
163863.206197475 4.299194926718791e-20
164199.38915663125 4.2854174660616273e-20
164536.26183121937 4.271611739464837e-20
164873.8256362646 4.2577776889378105e-20
165212.08198969558 4.2439152563709496e-20
165551.03231234904 4.2300243835354824e-20
165890.67802797764 4.2161050120831283e-20
166231.02056325477 4.202157083545919e-20
166572.0613477807 4.188180539335923e-20
166913.8018140887 4.1741753207450226e-20
167256.2433976515 4.160141368944626e-20
167599.38753688568 4.1460786249855036e-20
167943.23567315997 4.1319870297974314e-20
168287.78925079983 4.11786652418902e-20
168633.04971709402 4.103717048847436e-20
168979.01852230047 4.0895385443381646e-20
169325.69711965253 4.075330951104747e-20
169673.08696536525 4.061094209468533e-20
170021.18951864043 4.046828259628472e-20
170370.00624167445 4.0325330416607827e-20
170719.53859966315 4.0182084955187604e-20
171069.78806080858 4.003854561032506e-20
171420.7560963248 3.989471177908678e-20
171772.44418044464 3.9750582857302196e-20
172124.85379042441 3.9606158239561653e-20
172477.98640655223 3.9461437319213033e-20
172831.8435121528 3.931641948835969e-20
173186.42659359408 3.917110413785785e-20
173541.73714029344 3.9025490657314067e-20
173897.7766447243 3.8879578435082353e-20
174254.546602421 3.873336685826238e-20
174612.0485119872 3.858685531269592e-20
174970.2838751007 3.8440043182964897e-20
175329.25419652023 3.8292929852388605e-20
175688.96098409165 3.814551470302119e-20
176049.40574875433 3.7997797115649e-20
176410.59000454788 3.7849776469787835e-20
176772.515268617 3.7701452143681e-20
177135.18306122007 3.755282351429569e-20
177498.59490573412 3.7403889957321067e-20
177862.75232866147 3.730115195990283e-20
178227.65685963634 3.7189526033978036e-20
178593.31003143147 3.7077671095482436e-20
178959.71337996304 3.6965586674572333e-20
179326.86844429965 3.685327230043986e-20
179694.77676666685 3.6740727501311276e-20
180063.4398924545 3.662795180444494e-20
180432.85937022275 3.6514944736129383e-20
180803.0367517089 3.6401705821681226e-20
181173.9735918342 3.6288234585443125e-20
181545.67144870877 3.617453055078222e-20
181918.13188364063 3.606059324008744e-20
182291.35646114047 3.594642217476795e-20
182665.3467489288 3.583201687525105e-20
183040.10431794258 3.571737686098013e-20
183415.6307423418 3.560250165041256e-20
183791.92759951527 3.548739076101814e-20
184168.9964700888 3.53720437092763e-20
184546.8389379308 3.525646001067468e-20
184925.45659015907 3.5140639179706794e-20
185304.85101714768 3.502458072987015e-20
185685.02381253373 3.490828417366404e-20
186065.97657322284 3.479174902258789e-20
186447.710899398 3.4674974787138586e-20
186830.2283945246 3.455796097680889e-20
187213.53066535783 3.444070710008522e-20
187597.6193219494 3.432321266444557e-20
187982.49597765403 3.4205477176357516e-20
188368.1622491369 3.4087500141275965e-20
188754.61975637882 3.396928106364156e-20
189141.87012268524 3.3850819446877884e-20
189529.91497469164 3.373211479338991e-20
189918.75594237074 3.361316660456171e-20
190308.39465903936 3.349397438075433e-20
190698.83276136548 3.337453762130375e-20
191090.07188937385 3.3254855824519055e-20
191482.11368645515 3.3134928487679735e-20
191874.959799371 3.301475510703404e-20
192268.61187826176 3.2894335177796626e-20
192663.07157665316 3.2773668194146636e-20
193058.34055146325 3.26527536492254e-20
193454.42046301 3.253159103513427e-20
193851.31297501625 3.241017984293297e-20
194249.0197546195 3.22885195626367e-20
194647.54247237724 3.2166609683214466e-20
195046.88280227414 3.2044449692586893e-20
195447.04242172925 3.192203907762397e-20
195848.0230116034 3.179937732414287e-20
196249.82625620492 3.1676463916906186e-20
196652.45384329854 3.155329833961911e-20
197055.90746411146 3.1429880074927694e-20
197460.18881334044 3.1306208604416626e-20
197865.2995891593 3.118228340860698e-20
198271.24149322565 3.105810396695405e-20
198678.01623068884 3.0933669757845074e-20
199085.62551019504 3.0808980258597535e-20
199494.0710438973 3.0684034945456163e-20
199903.3545474609 3.05865310332536e-20
200313.47774007096 3.0493254788424507e-20
200724.4423444397 3.039978717736541e-20
201136.25008681414 3.0306127807467864e-20
201548.90269698147 3.0212276285318195e-20
201962.40190827916 3.011823221669535e-20
202376.74945760035 3.0023995206569565e-20
202791.9470854015 2.992956485910062e-20
203207.99653570988 2.983494077763622e-20
203624.89955613128 2.974012256471017e-20
204042.65789785556 2.9645109822041125e-20
204461.27331566656 2.954990215053033e-20
204880.74756794798 2.945449915026036e-20
205301.08241669086 2.935890042049328e-20
205722.27962750127 2.926310555966902e-20
206144.34096960755 2.9167114165403654e-20
206567.2682158683 2.9070925834487644e-20
206991.06314277794 2.897454016288449e-20
207415.7275304769 2.887795674572849e-20
207841.26316275736 2.8781175177323435e-20
208267.67182707108 2.8684195051140734e-20
208694.95531453704 2.8587015959817805e-20
209123.11541994926 2.848963749515621e-20
209552.15394178274 2.839205924812033e-20
209982.07268220346 2.829428080883507e-20
210412.87344707435 2.819630176658455e-20
210844.55804596326 2.809812170981026e-20
211277.12829215062 2.7999740226109306e-20
211710.58600263685 2.790115690223273e-20
212144.93299815073 2.7802371324083644e-20
212580.17110315507 2.77033830767159e-20
213016.3021458571 2.760419174433172e-20
213453.3279582144 2.750479691028041e-20
213891.2503759429 2.740519815705645e-20
214330.0712385249 2.7305395066297756e-20
214769.79238921675 2.7205387218783844e-20
215210.41567505538 2.710517419443445e-20
215651.9429468683 2.700475557230717e-20
216094.3760592798 2.6904130930596093e-20
216537.71687071913 2.680329984662991e-20
216981.96724342823 2.67022618968702e-20
217427.12904346976 2.660101665690955e-20
217873.20414073515 2.6499563701469772e-20
218320.1944089508 2.6397902604400458e-20
218768.1017256887 2.6296032938676618e-20
219216.92797237218 2.6193954276397263e-20
219666.67503428485 2.6091666188783507e-20
220117.34480057785 2.598916824617682e-20
220568.93916427888 2.588646001803703e-20
221021.46002229775 2.578354107294101e-20
221474.9092754375 2.5680410978580196e-20
221929.28882840046 2.5577069301759204e-20
222384.60058979652 2.5473515608393894e-20
222840.84647215137 2.536974946350957e-20
223298.0283919149 2.5265770431239032e-20
223756.14826946743 2.5161578074821157e-20
224215.20802913056 2.509405860419627e-20
224675.20959917322 2.5014534889687362e-20
225136.1549118207 2.4934848023740814e-20
225598.04590326207 2.4854997671633937e-20
226060.88451365905 2.4774983497957325e-20
226524.67268715403 2.4694805166613374e-20
226989.4123718768 2.461446234081514e-20
227455.1055199552 2.4533954683084523e-20
227921.7540875216 2.4453281855251132e-20
228389.36003472182 2.4372443518450743e-20
228857.92532572284 2.429143933312397e-20
229327.45192872194 2.421026895901465e-20
229797.94181595295 2.4128932055168825e-20
230269.3969636974 2.404742827993279e-20
230741.8193522908 2.3965757290951953e-20
231215.21096613162 2.3883918745169403e-20
231689.57379368952 2.380191229882433e-20
232164.90982751368 2.3719737607450732e-20
232641.22106424172 2.363739432587578e-20
233118.50950460607 2.3554882108218742e-20
233596.77715344555 2.347220060788902e-20
234076.02601971128 2.3389349477585052e-20
234556.25811647624 2.3306328369292737e-20
235037.47546094336 2.3223136934283966e-20
235519.68007445455 2.3139774823115115e-20
236002.87398249732 2.3056241685625893e-20
236487.05921471596 2.2972537170937357e-20
236972.23780491855 2.2888660927450787e-20
237458.4117910856 2.2804612602846116e-20
237945.5832153788 2.2720391844080452e-20
238433.75412415006 2.2635998297386523e-20
238922.92656794804 2.2551431608271506e-20
239413.10260152994 2.2466691421515062e-20
239904.28428386786 2.2381777381168154e-20
240396.47367815822 2.2296689130551463e-20
240889.67285183037 2.2211426312253933e-20
241383.88387655496 2.2125988568131218e-20
241879.1088282536 2.204037553930412e-20
242375.34978710543 2.195458686615743e-20
242872.60883755854 2.186862218833788e-20
243370.88806833728 2.178248114475299e-20
243870.18957245103 2.1696163373569457e-20
244370.51544720333 2.1609668512211632e-20
244871.86779420098 2.1522996197359938e-20
245374.24871936103 2.1436146064949648e-20
245877.66033292245 2.1349117750168873e-20
246382.1047494532 2.126191088745733e-20
246887.5840878594 2.1174525110504796e-20
247394.1004713944 2.108696005224948e-20
247901.65602766766 2.0999215344876547e-20
248410.25288865407 2.0911290619816472e-20
248919.89319070103 2.0823185507743793e-20
249430.57907454038 2.0734899638575118e-20
249942.3126852955 2.0646432641467864e-20
250455.09617249056 2.0557784144818603e-20
250968.93169005978 2.0468953776261555e-20
251483.821396357 2.0435856339671684e-20
251999.76745416247 2.0369726135496118e-20
252516.77203069528 2.0303460258107233e-20
253034.8372976202 2.023705842915686e-20
253553.96543105744 2.0170520369725796e-20
254074.15861159176 2.0103845800322564e-20
254595.41902428164 2.00370344408823e-20
255117.74885866896 1.9970086010765515e-20
255641.15030878602 1.990300022875711e-20
256165.62557316813 1.983577681306488e-20
256691.17685486053 1.9768415481318542e-20
257217.80636142814 1.970091595056851e-20
257745.51630496525 1.963327793728468e-20
258274.30890210462 1.956550115735522e-20
258804.18637402533 1.9497585326085576e-20
259335.15094646515 1.9429530158196923e-20
259867.20484972728 1.936133536782525e-20
260400.350318691 1.9293000668520032e-20
260934.5895928205 1.922452577324307e-20
261469.92491617493 1.9155910394367216e-20
262006.35853741603 1.9087154243675415e-20
262543.8927098203 1.9018257032359106e-20
263082.52969128656 1.894921847101728e-20
263622.2717443461 1.8880038269655176e-20
264163.1211361717 1.8810716137683103e-20
264705.080138588 1.8741251783915157e-20
265248.1510280806 1.8671644916567994e-20
265792.3360858042 1.860189524325985e-20
266337.63759759505 1.8532002471008893e-20
266884.0578539786 1.8461966306232274e-20
267431.5991501794 1.8391786454744847e-20
267980.263786131 1.832146262175788e-20
268530.054066486 1.825099451187781e-20
269080.9723006238 1.818038182910524e-20
269633.0208026631 1.8109624276833297e-20
270186.2018914698 1.8038721557846642e-20
270740.51789066737 1.7967673374320176e-20
271295.9711286462 1.7896479427817785e-20
271852.5639385738 1.7825139419291067e-20
272410.29865840496 1.7753653049078037e-20
272969.17763088923 1.7682020016902113e-20
273529.2032035844 1.7610240021870478e-20
274090.3777288638 1.753831276247304e-20
274652.70356392715 1.7466237936581154e-20
275216.18307081005 1.7394015241446302e-20
275780.8186163945 1.73216443736988e-20
276346.61257241695 1.7249125029346765e-20
276913.56731548137 1.717645690377443e-20
277481.68522706704 1.7103639691741152e-20
278050.968693539 1.7030673087380043e-20
278621.4201061581 1.6957556784196713e-20
279193.04186109215 1.6884290475067872e-20
279765.8363594225 1.6810873852240383e-20
280339.80600715906 1.673730660732947e-20
280914.9532152468 1.6663588431317763e-20
281491.28039957717 1.6589719014553907e-20
282068.78998099826 1.6578003770786577e-20
282647.4843853245 1.6524795538267577e-20
283227.366043348 1.6471478143347307e-20
283808.43739084585 1.6418051362067483e-20
284390.70086859434 1.63645149700102e-20
284974.1589223768 1.6310868742297177e-20
285558.8140029941 1.6257112453588775e-20
286144.6685662753 1.6203245878083047e-20
286731.7250730884 1.614926878951473e-20
287319.9859893486 1.609518096115453e-20
287909.45378603163 1.604098216580781e-20
288500.1309391822 1.5986672175813886e-20
289092.01992992504 1.5932250763045008e-20
289685.123244475 1.5877717698905386e-20
290279.4433741477 1.5823072754330245e-20
290874.98281537066 1.5768315699784823e-20
291471.7440696913 1.5713446305263568e-20
292069.7296437908 1.565846434028891e-20
292668.9420494928 1.5603369573910486e-20
293269.38380377385 1.5548161774704103e-20
293871.05742877466 1.5492840710770774e-20
294473.9654518108 1.5437406149735706e-20
295078.1104053812 1.5381857858747508e-20
295683.4948271822 1.5326195604476932e-20
296290.121260116 1.527041915311606e-20
296897.9922523017 1.52145282703773e-20
297507.11035708635 1.515852272149241e-20
298117.47813305515 1.5102402271211458e-20
298729.09814404347 1.5046166683801854e-20
299341.9729591445 1.498981572304753e-20
299956.1051527243 1.4933349152247623e-20
300571.4973044299 1.4876766734215713e-20
301188.15199920046 1.482006823127877e-20
301806.07182727876 1.4763253405276145e-20
302425.25938422215 1.4706322017558526e-20
303045.71727091126 1.4649273828987152e-20
303667.4480935646 1.4592108599932485e-20
304290.4544637469 1.4534826090273394e-20
304914.73899838096 1.447742605939614e-20
305540.3043197582 1.4419908266193323e-20
306167.1530555509 1.4362272469062832e-20
306795.28783882025 1.430451842590705e-20
307424.7113080312 1.4246645894131522e-20
308055.42610706144 1.4188654630644107e-20
308687.4348852128 1.4130544391853958e-20
309320.7402972221 1.407231493367047e-20
309955.34500327316 1.4013966011502254e-20
310591.25166900764 1.3955497380256067e-20
311228.4629655345 1.3896908794335996e-20
311866.98156944435 1.38382000076421e-20
312506.8101628188 1.377937077356957e-20
313147.9514332417 1.3720420845007695e-20
313790.40807381104 1.366134997433877e-20
314434.1827831505 1.3602157913437015e-20
315079.27826541837 1.3542844413667777e-20
315725.6972303228 1.3483409225886118e-20
316373.44239313045 1.3322189948656194e-20
317022.5164746787 1.3278704077173716e-20
317672.922201387 1.3235128989757444e-20
318324.6623052684 1.3191464503371299e-20
318977.73952394153 1.3147710434603667e-20
319632.15660063975 1.3103866599666748e-20
320287.91628422606 1.3059932814395578e-20
320945.0213292028 1.3015908894247383e-20
321603.47449572326 1.2971794654300785e-20
322263.27854960354 1.2927589909255025e-20
322924.43626233464 1.2883294473429129e-20
323586.95041109185 1.2838908160761313e-20
324250.8237787498 1.279443078480794e-20
324916.0591538921 1.2749862158742903e-20
325582.6593308233 1.2705202095356796e-20
326250.6271095808 1.266045040705614e-20
326919.96529594646 1.2615606905862591e-20
327590.6767014594 1.2570671403412093e-20
328262.7641434247 1.2525643710954288e-20
328936.2304449297 1.248052363935142e-20
329611.0784348526 1.2435310999077771e-20
330287.31094787555 1.2390005600218766e-20
330964.93082449626 1.234460725247021e-20
331643.94091104105 1.2299115765137431e-20
332324.34405967314 1.2253530947134667e-20
333006.1431284098 1.2207852606983985e-20
333689.340981131 1.2162080552814651e-20
334373.94048759225 1.2116214592362306e-20
335059.94452343654 1.2070254532968117e-20
335747.35597020754 1.2024200181577964e-20
336436.1777153584 1.1978051344741786e-20
337126.4126522683 1.1931807828612498e-20
337818.0636802519 1.1885469438945366e-20
338511.1337045721 1.183903598109715e-20
339205.62563645217 1.1792507260025261e-20
339901.5423930881 1.1745883080286972e-20
340598.88689766166 1.1699163246038527e-20
341297.6620793494 1.1652347561034537e-20
341997.8708733399 1.1605435828626832e-20
342699.51622084266 1.155842785176385e-20
343402.6010691014 1.1511323432989763e-20
344107.1283714065 1.1464122374443635e-20
344813.101087108 1.1416824477858554e-20
345520.5221816251 1.1369429544560978e-20
346229.3946264634 1.1321937375469626e-20
346939.72139922366 1.1274347771094833e-20
347651.50548361597 1.1226660531537646e-20
348364.74986947124 1.1178875456489024e-20
349079.45755275514 1.1130992345228928e-20
349795.6315355798 1.1083010996625518e-20
350513.2748262149 1.1034931209134426e-20
351232.3904391037 1.0986752780797661e-20
351952.9813948735 1.0938475509242931e-20
352675.0507203486 1.0890099191682772e-20
353398.60144856316 1.0841623624913668e-20
354123.6366187746 1.0793048605315156e-20
354850.1592764737 1.0791447329253728e-20
355578.1724734013 1.0754206355296991e-20
356307.6792675588 1.0716888977484143e-20
357038.68272322114 1.0679495039064486e-20
357771.1859109502 1.064202438296571e-20
358505.19190760795 1.0604476851793218e-20
359240.7037963668 1.0566852287829627e-20
359977.7246667268 1.0529150533033858e-20
360716.25761452573 1.0491371429040621e-20
361456.3057419526 1.045351481715975e-20
362197.8721575615 1.041558053837548e-20
362940.9599762832 1.037756843334582e-20
363685.5723194404 1.0339478342401849e-20
364431.7123147573 1.0301310105547151e-20
365179.3830963769 1.0263063562456968e-20
365928.5878048717 1.0224738552477656e-20
366679.3295872573 1.018633491462597e-20
367431.61159700586 1.0147852487588373e-20
368185.43699405994 1.010929110972037e-20
368940.8089448427 1.0070650619045921e-20
369697.73062227597 1.0031930853256588e-20
370456.20520579035 9.993131649710944e-21
371216.23588133923 9.954252845433916e-21
371977.8258414127 9.915294277116055e-21
372740.97828505025 9.876255781112865e-21
373505.69641785533 9.83713719344408e-21
374271.983452006 9.797938349793133e-21
375039.8426062724 9.75865908550622e-21
375809.2771060279 9.719299235591769e-21
376580.29018326267 9.679858634719716e-21
377352.8850765981 9.640337117220805e-21
378127.0650313004 9.600734517085844e-21
378902.83329929155 9.561050667965179e-21
379680.1931391677 9.52128540316776e-21
380459.14781620924 9.481438555660584e-21
381239.70060239587 9.441509958067965e-21
382021.8547764202 9.401499442670823e-21
382805.61362370115 9.361406841405987e-21
383590.9804363992 9.321231985865446e-21
384377.9585134261 9.280974707295809e-21
385166.5511604647 9.24063483659734e-21
385956.7616899785 9.200212204323421e-21
386748.5934212272 9.159706640679787e-21
387542.0496802801 9.119117975523846e-21
388337.1338000313 9.07844603836387e-21
389133.84912021016 9.037690658358487e-21
389932.1989874003 8.996851664315706e-21
390732.1867550503 8.955928884692344e-21
391533.8157834889 8.914922147593295e-21
392337.0894399388 8.873831280770782e-21
393142.01109853154 8.832656111623605e-21
393948.584140319 8.791396467196577e-21
394756.81195329194 8.75005217417955e-21
395566.697932391 8.708623058906855e-21
396378.2454795221 8.667108947356527e-21
397191.4580035702 8.625509665149579e-21
398006.3389204144 8.583825037549267e-21
398822.89165294246 8.597887015069116e-21
399641.11963106197 8.567324943212681e-21
400461.0262917201 8.536700169984825e-21
401282.6150789141 8.50601256674695e-21
402105.8894437072 8.475262004596542e-21
402930.8528442429 8.444448354366636e-21
403757.50874576013 8.413571486625232e-21
404585.8606206046 8.382631271674882e-21
405415.9119482486 8.351627579551956e-21
406247.6662153021 8.320560280026213e-21
407081.12691552774 8.289429242600246e-21
407916.2975498568 8.258234336508906e-21
408753.1816264024 8.226975430718772e-21
409591.78266047616 8.19565239392756e-21
410432.10417459905 8.16426509456369e-21
411274.1496985214 8.132813400785575e-21
412117.9227692344 8.101297180481157e-21
412963.4269309858 8.069716301267338e-21
413810.66573529463 8.03807063048943e-21
414659.6427409674 8.006360035220544e-21
415510.36151410884 7.974584382261183e-21
416362.82562814286 7.942743538138482e-21
417217.03866382357 7.910837369105769e-21
418073.0042092517 7.878865741141976e-21
418930.725859889 7.846828519951082e-21
419790.2072185739 7.814725570961535e-21
420651.4518955371 7.782556759325671e-21
421514.4635084137 7.750321949919264e-21
422379.2456822634 7.718021007340774e-21
423245.802049582 7.68565379591089e-21
424114.13625031774 7.65322017967196e-21
424984.251931887 7.620720022387381e-21
425856.1527491897 7.588153187541027e-21
426729.8423646217 7.555519538336782e-21
427605.3244480952 7.522818937697788e-21
428482.6026770511 7.490051248265986e-21
429361.68073647434 7.45721633240152e-21
430242.5623189105 7.424314052182147e-21
431125.25112448155 7.391344269402622e-21
432009.7508608979 7.358306845574264e-21
432896.06524347974 7.325201641924167e-21
433784.19799516816 7.292028519394755e-21
434674.15284654277 7.25878733864315e-21
435565.9335358367 7.225477960040604e-21
436459.5438089524 7.192100243671905e-21
437354.98741947836 7.158654049334758e-21
438252.2681287014 7.125139236539319e-21
439151.3897056276 7.091555664507425e-21
440052.3559269946 7.057903192172125e-21
440955.1705772886 7.024181678177046e-21
441859.83744875994 6.990390980875808e-21
442766.3603414401 6.956530958331398e-21
443674.743063154 6.922601468315712e-21
444584.9894295416 6.888602368308734e-21
445497.1032640699 6.854533515498095e-21
446411.0883980503 6.820394766778434e-21
447326.9486706546 6.741642158302844e-21
448244.68792893086 6.7188980038733824e-21
449164.3100278209 6.6961071873693694e-21
450085.8188301726 6.673269613058599e-21
451009.21820676135 6.650385185012388e-21
451934.5120363034 6.627453807105269e-21
452861.7042054724 6.604475383014558e-21
453790.79860891565 6.581449816219961e-21
454721.79914927203 6.558377010003139e-21
455654.7097371842 6.535256867447389e-21
456589.5342913208 6.512089291437106e-21
457526.2767383888 6.488874184657471e-21
458464.9410131516 6.465611449594003e-21
459405.53105844505 6.4423009885321635e-21
460348.0508251949 6.4189427035569244e-21
461292.5042724302 6.395536496552438e-21
462238.89536730497 6.372082269201494e-21
463187.22808511124 6.3485799229851955e-21
464137.50640929706 6.325029359182523e-21
465089.73433148256 6.301430478869925e-21
466043.9158514776 6.2777831829208896e-21
467000.0549772986 6.254087372005522e-21
467958.15572518215 6.230342946590206e-21
468918.2221196076 6.206549806937052e-21
469880.2581933098 6.182707853103571e-21
470844.26798729715 6.158816984942232e-21
471810.2555508688 6.134877102100041e-21
472778.2249416323 6.110888104018093e-21
473748.18022551696 6.08684988993125e-21
474720.12547679676 6.0627623588675685e-21
475694.06477810326 6.038625409647976e-21
476670.00222044444 6.014438940885822e-21
477647.94190322084 5.99020285098645e-21
478627.8879342439 5.965917038146765e-21
479609.8444297533 5.9415814003547995e-21
480593.81551443087 5.917195835389359e-21
481579.80532142345 5.8927602408194615e-21
482567.8179923568 5.8682745140040044e-21
483557.8576773532 5.843738552091305e-21
484549.9285350498 5.8191522520186674e-21
485544.0347326163 5.794515510511929e-21
486540.18044576905 5.769828224085119e-21
487538.3698587942 5.745090289039887e-21
488538.60716456146 5.72030160146515e-21
489540.8965645427 5.695462057236645e-21
490545.24226882943 5.670571552016494e-21
491551.6484961507 5.645629981252747e-21
492560.1194738917 5.620637240178933e-21
493570.65943810757 5.595593223813719e-21
494583.2726335472 5.5704978269603145e-21
495597.9633136671 5.545350944206134e-21
496614.73574065004 5.520152469922321e-21
497633.5941854231 5.494902298263318e-21
498654.542927677 5.469600323166383e-21
499677.5862558791 5.444246438351252e-21
500702.72846729856 5.418840537319537e-21
501729.97386801953 5.357517284053064e-21
502759.3267729608 5.338539474784336e-21
503790.7915058932 5.3195227305025156e-21
504824.37239946006 5.300466971328227e-21
505860.0737951897 5.2813721172182694e-21
506897.900043521 5.262238087965165e-21
507937.8555038173 5.243064803196902e-21
508979.9445443856 5.2238521823765745e-21
510024.1715424947 5.20460014480205e-21
511070.54088439414 5.185308609605627e-21
512119.0569653331 5.165977495753675e-21
513169.7241895753 5.146606722046369e-21
514222.5469704231 5.127196207117241e-21
515277.52973023226 5.107745869432908e-21
516334.6769004315 5.0882556272927094e-21
517393.9929215412 5.0687253988283755e-21
518455.48224319285 5.049155102003645e-21
519519.14932414354 5.029544654614017e-21
520584.9986323017 5.009893974286276e-21
521653.0346447403 4.990202978478232e-21
522723.26184771815 4.9704715844783475e-21
523795.68473669805 4.9506997094053945e-21
524870.307816365 4.930887270208109e-21
525947.1356006481 4.911034183664811e-21
527026.1726127331 4.891140366383147e-21
528107.4233850891 4.871205734799618e-21
529190.8924594829 4.851230205179301e-21
530276.5843869996 4.831213693615478e-21
531364.5037280605 4.8111561160293e-21
532454.6550524451 4.791057388169387e-21
533547.0429393045 4.770917425611579e-21
534641.6719771877 4.750736143758444e-21
535738.5467640569 4.730513457839012e-21
536837.6719073069 4.710249282908397e-21
537939.0520237858 4.6899435338474374e-21
539042.691739814 4.669596125362323e-21
540148.5956912005 4.6492069719843116e-21
541256.7685232682 4.628775988069257e-21
542367.2148908697 4.608303087797313e-21
543479.939458407 4.587788185172585e-21
544594.9468998518 4.567231194022728e-21
545712.2418987652 4.54663202799862e-21
546831.8291483179 4.5259906005739536e-21
547953.7133513058 4.5053068250449744e-21
549077.8992201769 4.4845806145299765e-21
550204.3914770456 4.463811881969031e-21
551333.1948537148 4.443000540123596e-21
552464.3140916944 4.4221465015761506e-21
553597.753942224 4.401249678729803e-21
554733.5191662872 4.380309983808015e-21
555871.6145346381 4.3593273288541036e-21
557012.0448278182 4.338301625730945e-21
558154.8148361765 4.3172327861206e-21
559299.9293598897 4.296120721523936e-21
560447.3932089828 4.274965343260254e-21
561597.2112033503 4.253766562466892e-21
562749.3881727715 4.1999191748121486e-21
563903.9289569381 4.1847374950369234e-21
565060.83840547 4.169524668415799e-21
566220.1213779364 4.154280631047678e-21
567381.7827438763 4.139005318900365e-21
568545.8273828205 4.1236986678102724e-21
569712.2601843072 4.10836061348223e-21
570881.0860479093 4.092991091489106e-21
572052.3098832506 4.077590037271608e-21
573225.9366100276 4.062157386137993e-21
574401.9711580301 4.0466930732637935e-21
575580.4184671617 4.031197033691552e-21
576761.2834874622 4.015669202330526e-21
577944.5711791231 4.000109513956477e-21
579130.2865125162 3.9845179032113085e-21
580318.434468209 3.968894304602848e-21
581509.0200369873 3.953238652504562e-21
582702.0482198761 3.9375508811552715e-21
583897.5240281615 3.921830924658873e-21
585095.4524834076 3.90607871698411e-21
586295.838617484 3.890294191964214e-21
587498.6874725826 3.8744772832966825e-21
588704.0041012401 3.8586279245429846e-21
589911.793566359 3.842746049128284e-21
591122.0609412296 3.826831590341147e-21
592334.8113095479 3.810884481333316e-21
593550.049765442 3.7949046551193425e-21
594767.7814134915 3.778892044576367e-21
595988.011368747 3.762846582443817e-21
597210.7447567546 3.7467682013231336e-21
598435.9867135749 3.730656833677473e-21
599663.7423858074 3.714512411831427e-21
600894.0169306069 3.698334867970786e-21
602126.815515712 3.682124134142161e-21
603362.1433194623 3.6658801422527724e-21
604600.0055308215 3.649602824070141e-21
605840.4073493987 3.633292111221794e-21
607083.3539854721 3.6169479351949755e-21
608328.8506600056 3.600570227336414e-21
609576.9026046781 3.584158918851942e-21
610827.5150619003 3.567713940806267e-21
612080.6932848389 3.551235224122669e-21
613336.4425374378 3.534722699582712e-21
614594.7680944399 3.518176297825949e-21
615855.6752414121 3.501595949349613e-21
617119.1692747603 3.484981584508403e-21
618385.2555017615 3.468333133514074e-21
619653.9392405786 3.451650526435225e-21
620925.2258202864 3.4349336931969816e-21
622199.1205808922 3.4181825635807025e-21
623475.6288733605 3.401397067223672e-21
624754.75605963 3.3845771336188625e-21
626036.5075126436 3.367722692114547e-21
627320.8886163661 3.3508336719140684e-21
628607.9047658088 3.333910002075513e-21
629897.5613670505 3.3169516115114345e-21
631189.8638372613 3.2713266854189813e-21
632484.8176047273 3.2592581714320616e-21
633782.4281088664 3.2471648975930877e-21
635082.7008002608 3.2350468131045516e-21
636385.6411406731 3.2229038670647428e-21
637691.2546030717 3.210736008467519e-21
638999.5466716534 3.1985431862020937e-21
640310.5228418678 3.186325349052812e-21
641624.1886204346 3.1740824456989757e-21
642940.5495253758 3.1618144247145635e-21
644259.6110860321 3.1495212345680613e-21
645581.378843089 3.1372028236222295e-21
646905.8583485986 3.124859140133891e-21
648233.0551660053 3.112490132253701e-21
649562.974870164 3.100095748025972e-21
650895.6230473699 3.0876759353883952e-21
652231.0052953787 3.075230642171854e-21
653569.1272234303 3.062759816100205e-21
654909.9944522723 3.0502634047900577e-21
656253.6126141837 3.0377413557505472e-21
657599.9873530008 3.025193616383107e-21
658949.1243241341 3.0126201339812954e-21
660301.0291946011 3.000020855730503e-21
661655.7076430446 2.987395728707775e-21
663013.1653597575 2.9747446998815814e-21
664373.4080467069 2.9620677161115908e-21
665736.4414175599 2.9493647241484354e-21
667102.2711977009 2.936635670633545e-21
668470.9031242655 2.923880502098834e-21
669842.3429461579 2.9110991649665312e-21
671216.5964240767 2.8982916055489547e-21
672593.6693305394 2.8854577700482677e-21
673973.5674499061 2.8725976045562677e-21
675356.2965784061 2.859711055054136e-21
676741.8625241556 2.84679806741227e-21
678130.2711071911 2.8338585873899732e-21
679521.5281594883 2.8208925606352856e-21
680915.6395249875 2.807899932684733e-21
682312.6110596188 2.794880648963109e-21
683712.4486313276 2.7818346547832224e-21
685115.1581200939 2.768761895345728e-21
686520.745417965 2.7556623157388134e-21
687929.2164290757 2.7425358609380196e-21
689340.5770696728 2.7293824758060045e-21
690754.8332681418 2.7162021050923005e-21
692171.9909650317 2.702994693433076e-21
693592.0561130752 2.689760185350956e-21
695015.034677222 2.6764985252547072e-21
696440.932634658 2.6632096574390547e-21
697869.7559748318 2.6498935260844454e-21
699301.5106994803 2.6365500752567975e-21
700736.2028226533 2.6231792489072828e-21
702173.8383707409 2.609780990872065e-21
703614.423382492 2.596355244872124e-21
705057.96390905 2.5829019545129312e-21
706504.4660139702 2.5694210632842823e-21
707953.935773249 2.5312257100272687e-21
709406.3792753476 2.5209469658939765e-21
710861.8026212204 2.510647133813603e-21
712320.2119243336 2.5003261705219817e-21
713781.6133107005 2.4899840326661545e-21
715246.0129189015 2.4796206768042275e-21
716713.4169001102 2.469236059405186e-21
718183.8314181204 2.458830136848703e-21
719657.2626493718 2.4484028654249602e-21
721133.7167829766 2.437954201334455e-21
722613.2000207409 2.427484100687855e-21
724095.7185771982 2.4169925195057543e-21
725581.2786796307 2.406479413718528e-21
727069.8865680969 2.395944739166137e-21
728561.5484954566 2.3853884515979463e-21
730056.2707274002 2.3748105066725205e-21
731554.0595424679 2.3642108599574894e-21
733054.9212320859 2.3535894669292906e-21
734558.8621005862 2.3429462829730262e-21
736065.8884652348 2.3322812633822713e-21
737576.0066562583 2.321594363358875e-21
739089.2230168703 2.3108855380127814e-21
740605.5439033 2.300154742361826e-21
742124.9756848122 2.289401931331593e-21
743647.5247437439 2.278627059755156e-21
745173.1974755244 2.2678300823729353e-21
746702.0002887034 2.2570109538325006e-21
748233.9396049795 2.2461696286883695e-21
749769.0218592267 2.2353060614018156e-21
751307.2534995169 2.22442020634072e-21
752848.6409871549 2.2135120177793086e-21
754393.1907967004 2.2025814498980074e-21
755940.9094159964 2.191628456783239e-21
757491.8033461962 2.180652992427231e-21
759045.8791017927 2.169655010727806e-21
760603.143210639 2.1586344654882416e-21
762163.6022139858 2.1475913104169992e-21
763727.2626665019 2.1365254991275836e-21
765294.1311363042 2.12543698513833e-21
766864.2142049846 2.114325721872213e-21
768437.5184676376 2.1031916626566483e-21
770014.0505328901 2.0920347607232883e-21
771593.8170229226 2.0808549692078645e-21
773176.8245735064 2.0696522411499346e-21
774763.0798340247 2.0584265294927187e-21
776352.5894675036 2.0471777870828925e-21
777945.3601506384 2.0359059666703973e-21
779541.3985738242 2.0246110209082202e-21
781140.7114411774 2.0132929023522473e-21
782743.3054705733 2.0019515634609926e-21
784349.1873936679 1.990586956595446e-21
785958.3639559282 1.9791990340188598e-21
787570.8419166602 1.96778774789655e-21
789186.6280490374 1.956353050295694e-21
790805.7291401305 1.9448948931851184e-21
792428.15199093 1.933413228435145e-21
794053.9034163841 1.921908007817315e-21
795682.9902454214 1.9580062918844967e-21
797315.41932098 1.949555678366186e-21
798951.1975000375 1.941087727507022e-21
800590.3316536412 1.932602403737579e-21
802232.8286669295 1.9240996714154844e-21
803878.6954391721 1.9155794948252138e-21
805527.9388837911 1.90704183817798e-21
807180.5659283922 1.898486665611568e-21
808836.5835147942 1.8899139411901903e-21
810495.9985990576 1.8813236289043316e-21
812158.8181515156 1.87271569267059e-21
813825.0491567969 1.864090096331564e-21
815494.6986138648 1.8554468036556425e-21
817167.7735360402 1.846785778336889e-21
818844.2809510325 1.838106983994885e-21
820524.2279009693 1.829410384174569e-21
822207.6214424274 1.8206959423460855e-21
823894.4686464558 1.811963621904654e-21
825584.776598616 1.8032133861703723e-21
827278.5523990041 1.7944451983880963e-21
828975.8031622831 1.785659021727269e-21
830676.5360177123 1.7768548192817767e-21
832380.7581091797 1.7680325540697773e-21
834088.4765952238 1.7591921890335846e-21
835799.6986490751 1.7503336870394577e-21
837514.4314586795 1.7414570108774776e-21
839232.6822267289 1.7325621232613913e-21
840954.4581706929 1.7236489868284436e-21
842679.7665228485 1.7147175641392288e-21
844408.6145303118 1.7057678176775183e-21
846141.0094550621 1.6967997098501454e-21
847876.9585739832 1.6878132029867872e-21
849616.4691788856 1.6788082593398465e-21
851359.5485765402 1.6697848410842828e-21
853106.2040887085 1.6607429103174522e-21
854856.4430521753 1.6516824290589424e-21
856610.2728187719 1.6426033592504456e-21
858367.7007554182 1.6335056627555476e-21
860128.7342441464 1.6243893013596009e-21
861893.3806821334 1.615254236769557e-21
863661.647481733 1.6061004306138066e-21
865433.5420705052 1.5969278444420146e-21
867209.071891251 1.5877364397249525e-21
868988.2444020356 1.5785261778543737e-21
870771.0670762302 1.5692970201427934e-21
872557.547402537 1.5600489278233657e-21
874347.692885022 1.5507818620497095e-21
876141.5110431466 1.5414957838957464e-21
877939.0094118009 1.5321906543555287e-21
879740.1955413283 1.5228664343431102e-21
881545.0769975679 1.5135230846923283e-21
883353.6613618792 1.5041605661566767e-21
885165.9562311758 1.4947788394091293e-21
886981.9692179566 1.4853778650419782e-21
888801.7079503412 1.4759576035666561e-21
890625.1800720926 1.4665180154136082e-21
892452.3932426617 1.4960600548562589e-21
894283.355137212 1.4896686373322204e-21
896118.0734466532 1.4832641071289764e-21
897956.5558776734 1.4768464373444573e-21
899798.8101527723 1.4704156010214026e-21
901644.844010295 1.4639715711472382e-21
903494.6652044567 1.4575143206539905e-21
905348.2815053869 1.4510438224181326e-21
907205.7006991546 1.4445600492605006e-21
909066.930587803 1.438062973946165e-21
910931.9789893813 1.4315525691843247e-21
912800.853737981 1.4250288076281797e-21
914673.5626837597 1.4184916618748463e-21
916550.1136929865 1.4119411044652007e-21
918430.5146480673 1.4053771078837897e-21
920314.773447579 1.3987996445587094e-21
922202.8980063039 1.3922086868614897e-21
924094.8962552617 1.3856042071069781e-21
925990.7761417459 1.3789861775532155e-21
927890.5456293487 1.3723545704013465e-21
929794.2126980065 1.365709357795465e-21
931701.785344025 1.3590505118225208e-21
933613.2715801154 1.352378004512199e-21
935528.6794354281 1.3456918078367988e-21
937448.0169555878 1.3389918937111109e-21
939371.29220272 1.3322782339923272e-21
941298.5132554959 1.3255508004798813e-21
943229.6882091598 1.3188095649153561e-21
945164.8251755637 1.3120544989823607e-21
947103.9322832021 1.3052855743064093e-21
949047.0176772459 1.2985027624548036e-21
950994.0895195788 1.2917060349365029e-21
952945.1559888234 1.2848953632020386e-21
954900.2252803878 1.2780707186433474e-21
956859.3056064914 1.2712320725936795e-21
958822.4051962025 1.2643793963274734e-21
960789.5322954716 1.2575126610602336e-21
962760.6951671692 1.2506318379484036e-21
964735.9020911116 1.2437368980892704e-21
966715.161364108 1.2368278125208063e-21
968698.4812999878 1.2299045522215684e-21
970685.8702296364 1.2229670881105756e-21
972677.3365010318 1.2160153910471837e-21
974672.88847928 1.209049431830955e-21
976672.5345466435 1.2020691812015655e-21
978676.2831025874 1.1950746098386411e-21
980684.1425638077 1.1880656883616587e-21
982696.1213642678 1.1810423873298187e-21
984712.2279552342 1.1740046772419207e-21
986732.4708053126 1.1669525285362395e-21
988756.8584004842 1.1598859115903934e-21
990785.3992441349 1.1528047967212489e-21
992818.1018571017 1.1457091541847523e-21
994854.9747777011 1.1385989541758349e-21
996896.0265617667 1.1314741668282793e-21
998941.2657826862 1.1243347622145934e-21
1000990.7010314371 1.1322707833647257e-21
1003044.3409166174 1.1274986978327637e-21
1005102.1940644921 1.1227168218550229e-21
1007164.2691190216 1.1179251353453521e-21
1009230.574741901 1.1131236181763924e-21
1011301.1196125953 1.1083122501794906e-21
1013375.9124283767 1.1034910111446151e-21
1015454.9619043623 1.0986598808202675e-21
1017538.2767735438 1.0938188389134155e-21
1019625.8657868346 1.0889678650893785e-21
1021717.7377131011 1.0841069389717614e-21
1023813.9013391983 1.0792360401423664e-21
1025914.3654700096 1.0743551481411043e-21
1028019.1389284842 1.0694642424659056e-21
1030128.230555666 1.0645633025726524e-21
1032241.6492107438 1.0596523078750644e-21
1034359.40377108 1.0547312377446321e-21
1036481.5031322496 1.0498000715105218e-21
1038607.9562080781 1.0448587884594937e-21
1040738.7719306805 1.039907367835807e-21
1042873.959250491 1.0349457888411524e-21
1045013.5271363124 1.0299740306345369e-21
1047157.4845753462 1.024992072332214e-21
1049305.840573232 1.0199998930075926e-21
1051458.6041540857 1.0149974716911483e-21
1053615.7843605373 1.009984787370335e-21
1055777.3902537697 1.0049618189894923e-21
1057943.4309135505 9.999285454497772e-22
1060113.9154382818 9.948849456090452e-22
1062288.8529450293 9.89830998281781e-22
1064468.2525695635 9.847666822390048e-22
1066652.1234663986 9.79691976208184e-22
1068840.4748088315 9.746068588731378e-22
1071033.3157889731 9.695113088739674e-22
1073230.6556177994 9.644053048069376e-22
1075432.5035251814 9.592888252244059e-22
1077638.8687599262 9.541618486347278e-22
1079849.7605898157 9.490243535021657e-22
1082065.1883016462 9.438763182467997e-22
1084285.1612012684 9.387177212444322e-22
1086509.6886136187 9.335485408265143e-22
1088738.7798827707 9.283687552800292e-22
1090972.4443719673 9.231783428474151e-22
1093210.6914636598 9.17977281726476e-22
1095453.5305595496 9.127655500702837e-22
1097700.971080628 9.075431259870847e-22
1099953.022467209 9.023099875402275e-22
1102209.6941789796 8.970661127480396e-22
1104470.9956950336 8.91811479583756e-22
1106736.9365139115 8.865460659754213e-22
1109007.5261536404 8.812698498057967e-22
1111282.774151776 8.759828089122688e-22
1113562.6900654428 8.706849210867488e-22
1115847.2834713664 8.653761640756018e-22
1118136.5639659262 8.60056515579521e-22
1120430.5411651875 8.547259532534564e-22
1122729.2247049445 8.264198754673086e-22
1125032.6242407602 8.228411562690765e-22
1127340.7494480088 8.192550949442103e-22
1129653.6100219083 8.156616764295559e-22
1131971.2156775736 8.120608856310444e-22
1134293.5761500497 8.084527074236444e-22
1136620.7011943534 8.04837126651294e-22
1138952.6005855156 8.012141281268362e-22
1141289.2841186237 7.975836966319519e-22
1143630.7616088542 7.939458169171123e-22
1145977.0428915264 7.903004737014908e-22
1148328.1378221365 7.866476516729141e-22
1150684.0562764003 7.829873354877952e-22
1153044.808150294 7.793195097710664e-22
1155410.4033600972 7.756441591161181e-22
1157780.8518424355 7.719612680847277e-22
1160156.1635543143 7.682708212070109e-22
1162536.348473173 7.64572802981334e-22
1164921.4165969193 7.60867197874264e-22
1167311.377943972 7.571539903204994e-22
1169706.2425533035 7.534331647228042e-22
1172106.0204844861 7.4970470545194e-22
1174510.721817722 7.45968596846614e-22
1176920.356653901 7.4222482321339215e-22
1179334.9351146347 7.384733688266461e-22
1181754.467342299 7.347142179284857e-22
1184178.963500079 7.309473547286919e-22
1186608.4337720098 7.271727634046499e-22
1189042.8883630233 7.233904281012784e-22
1191482.3374989806 7.196003329309813e-22
1193926.7914267287 7.15802461973554e-22
1196376.2604141356 7.119967992761346e-22
1198830.7547501347 7.081833288531321e-22
1201290.284744768 7.043620346861592e-22
1203754.860729232 7.005329007239612e-22
1206224.4930559117 6.966959108823645e-22
1208699.1920984387 6.92851049044185e-22
1211178.9682517245 6.88998299059177e-22
1213663.8319320069 6.851376447439603e-22
1216153.7935768932 6.812690698819529e-22
1218648.8636454055 6.7739255822330245e-22
1221149.052618026 6.735080934848152e-22
1223654.3709967304 6.696156593499017e-22
1226164.829305049 6.657152394684851e-22
1228680.4380880992 6.6180681745694985e-22
1231201.2079126325 6.578903768980666e-22
1233727.1493670798 6.539659013409252e-22
1236258.2730615975 6.500333743008592e-22
1238794.5896281023 6.460927792593956e-22
1241336.1097203314 6.421440996641594e-22
1243882.844013876 6.381873189288206e-22
1246434.8032062305 6.3422242043302e-22
1248991.9980168352 6.302493875223013e-22
1251554.4391871258 6.262682035080348e-22
1254122.1374805672 6.222788516673641e-22
1256695.1036827145 6.182813152431128e-22
1259273.348601248 6.244239419118802e-22
1261856.8830660237 6.216629885355445e-22
1264445.7179291055 6.188963707669591e-22
1267039.8640648401 6.161240769850035e-22
1269639.3323698638 6.133460955447383e-22
1272244.1337631878 6.105624147773105e-22
1274854.279186205 6.077730229899509e-22
1277469.7796027767 6.049779084658765e-22
1280090.645999242 6.021770594642842e-22
1282716.889384479 5.993704642202845e-22
1285348.5207899683 5.965581109448319e-22
1287985.5512698009 5.937399878247181e-22
1290627.9919007684 5.909160830224765e-22
1293275.8537823716 5.88086384676371e-22
1295929.1480368823 5.852508809003298e-22
1298587.8858094076 5.824095597838791e-22
1301252.0782678984 5.795624093921319e-22
1303921.7366032396 5.767094177656924e-22
1306596.8720292528 5.738505729206525e-22
1309277.495782789 5.709858628484941e-22
1311963.619123736 5.681152755160794e-22
1314655.2533350817 5.652387988655846e-22
1317352.4097229796 5.623564208144294e-22
1320055.099616757 5.594681292552685e-22
1322763.3343690059 5.565739120558937e-22
1325477.125355588 5.536737570592294e-22
1328196.4839757252 5.507676520832358e-22
1330921.4216520102 5.478555849208971e-22
1333651.94983047 5.44937543340154e-22
1336388.0799806314 5.420135150838332e-22
1339129.823595529 5.390834878696402e-22
1341877.1921917999 5.361474493900561e-22
1344630.197309686 5.332053873123369e-22
1347388.8505131279 5.3025728927841195e-22
1350153.1633897733 5.273031429048759e-22
1352923.1475510444 5.243429357829159e-22
1355698.8146322016 5.213766554782441e-22
1358480.1762923538 5.184042895310864e-22
1361267.2442145518 5.15425825456082e-22
1364060.0301058001 5.124412507422727e-22
1366858.54569712 5.094505528530328e-22
1369662.8027436174 5.064537192259988e-22
1372472.8130244932 5.034507372730582e-22
1375288.5883431362 5.004415943802477e-22
1378110.1405271292 4.974262779077502e-22
1380937.4814283429 4.944047751897922e-22
1383770.6229229467 4.913770735346327e-22
1386609.5769114743 4.883431602244931e-22
1389454.3553188932 4.853030225154836e-22
1392304.9700946119 4.822566476375945e-22
1395161.4332125788 4.792040227945914e-22
1398023.7566712836 4.761451351640124e-22
1400891.9524938562 4.730799718970647e-22
1403766.0327280762 4.700085201186118e-22
1406646.0094464393 4.669307669271043e-22
1409531.8947462281 4.638466993945035e-22
1412423.7007495197 4.607563045662741e-22
1415321.4396032845 4.648100582526866e-22
1418225.1234793966 4.626961294433644e-22
1421134.7645747014 4.60577863682152e-22
1424050.3751110856 4.584552520713182e-22
1426971.9673354863 4.563282856948951e-22
1429899.553519991 4.541969556186043e-22
1432833.1459618404 4.520612528898557e-22
1435772.7569835277 4.499211685376753e-22
1438718.3989328097 4.477766935726963e-22
1441670.0841827765 4.456278189871091e-22
1444627.8251319192 4.434745357546119e-22
1447591.6342041437 4.413168348303999e-22
1450561.5238488673 4.391547071510965e-22
1453537.5065410256 4.369881436347466e-22
1456519.5947811713 4.348171351807457e-22
1459507.8010954857 4.326416726698314e-22
1462502.138035849 4.304617469640323e-22
1465502.6181799104 4.282773489066157e-22
1468509.2541310997 4.260884693220814e-22
1471522.0585187282 4.238950990160862e-22
1474541.0439979937 4.216972287754422e-22
1477566.223250081 4.194948493680413e-22
1480597.608982174 4.1728795154284814e-22
1483635.2139275267 4.1507652602984804e-22
1486679.0508455355 4.128605635399945e-22
1489729.1325217478 4.1064005476520164e-22
1492785.4717679692 4.084149903782683e-22
1495848.081422269 4.0618536103287216e-22
1498916.9743490575 4.039511573635148e-22
1501992.163439154 4.0171236998547108e-22
1505073.6616098017 3.9946898949477927e-22
1508161.481804769 3.972210064681667e-22
1511255.636994355 3.949684114630459e-22
1514356.1401754937 3.927111950174388e-22
1517463.004371765 3.9044934764996856e-22
1520576.2426334682 3.8818285985980643e-22
1523695.8680376955 3.859117221266176e-22
1526821.8936883425 3.836359249105546e-22
1529954.3327162147 3.8135545865217844e-22
1533093.1982790313 3.7907031377245684e-22
1536238.5035615314 3.7678048067268664e-22
1539390.2617754845 3.744859497344859e-22
1542548.4861597666 3.72186711319739e-22
1545713.1899804326 3.6988275577054336e-22
1548884.3865307292 3.675740734092007e-22
1552062.0891312012 3.652606545381386e-22
1555246.3111297023 3.6294248943990436e-22
1558437.065901471 3.606195683771073e-22
1561634.3668492062 3.5829188159236653e-22
1564838.2274030773 3.559594193083015e-22
1568048.6610208338 3.536221717274527e-22
1571265.681187809 3.5128012903227986e-22
1574489.3014170283 3.4893328138508166e-22
1577719.5352492218 3.465816189279879e-22
1580956.3962528994 3.442251317829038e-22
1584199.898024428 3.4186381005145475e-22
1587450.0541880426 3.302456228008873e-22
1590706.878395956 3.2883266723732195e-22
1593970.384328364 3.2741681284373192e-22
1597240.5856935545 3.2599805367285073e-22
1600517.4962279208 3.2457638376521857e-22
1603801.129696036 3.2315179714914946e-22
1607091.4998907347 3.2172428784069734e-22
1610388.6206331209 3.2029384984365043e-22
1613692.5057726814 3.1886047714948403e-22
1617003.1691872897 3.17424163737358e-22
1620320.6247833183 3.1598490357406763e-22
1623644.8864956496 3.145426906140395e-22
1626975.9682877555 3.130975187992971e-22
1630313.884151775 3.116493820594265e-22
1633658.648108527 3.1019827431157113e-22
1637010.2742076225 3.0874418946038366e-22
1640368.776527476 3.0728712139801976e-22
1643734.1691753867 3.0582706400410435e-22
1647106.4662876148 3.0436401114569686e-22
1650485.682029397 3.0289795667728636e-22
1653871.8305950584 3.014288944407417e-22
1657264.9262080176 2.9995681826530957e-22
1660664.9831209017 2.9848172196756482e-22
1664072.0156155578 2.970035993514054e-22
1667486.0380031338 2.955224442080172e-22
1670907.06462416 2.9403825031583875e-22
1674335.1098485584 2.9255101144055704e-22
1677770.188075762 2.9106072133505604e-22
1681212.3137347165 2.895673737394156e-22
1684661.501283999 2.8807096238086047e-22
1688117.765211829 2.8657148097375485e-22
1691581.1200361492 2.850689232195679e-22
1695051.5803047093 2.835632828068371e-22
1698529.1605950769 2.8205455341116365e-22
1702013.8755147548 2.8054272869516123e-22
1705505.7397011947 2.7902780230845097e-22
1709004.7678218773 2.775097678876255e-22
1712510.9745743969 2.7598861905621317e-22
1716024.3746864735 2.7446434942467226e-22
1719544.9829160701 2.729369525903402e-22
1723072.8140514002 2.7140642213743106e-22
1726607.882911044 2.698727516369834e-22
1730150.2043439632 2.683359346468559e-22
1733699.793229583 2.667959647116902e-22
1737256.664477877 2.6525283536287507e-22
1740820.8330293805 2.637065401185401e-22
1744392.3138553079 2.621570724835049e-22
1747971.1219575612 2.606044259492753e-22
1751557.2723688488 2.590485939939924e-22
1755150.780152699 2.5748957008242567e-22
1758751.6604035436 2.5592734766593748e-22
1762359.928246805 2.5436192018244534e-22
1765975.5988389074 2.527932810564165e-22
1769598.6873673997 2.512214236988151e-22
1773229.2090509597 2.496463415071002e-22
1776867.179139518 2.4806802786517163e-22
1780512.6129142698 2.4363668328533686e-22
1784165.525687761 2.424799584109598e-22
1787825.9328039752 2.4132086039131975e-22
1791493.8496383461 2.4015938435765893e-22
1795169.291597882 2.3899552543122178e-22
1798852.2741211774 2.3782927872325015e-22
1802542.812678501 2.366606393349562e-22
1806240.9227718823 2.354896023574949e-22
1809946.619935126 2.3431616287195916e-22
1813659.919733935 2.331403159493411e-22
1817380.8377659174 2.319620566505299e-22
1821109.3896607116 2.307813800262721e-22
1824845.5910799995 2.2959828111716717e-22
1828589.4577175933 2.2841275495364027e-22
1832341.0052995272 2.2722479655591357e-22
1836100.2495840678 2.260344009340023e-22
1839867.2063618419 2.248415630876745e-22
1843641.891455842 2.2364627800644956e-22
1847424.3207215539 2.224485406695575e-22
1851214.5100469692 2.2124834604593485e-22
1855012.4753526768 2.2004568909419657e-22
1858818.2325919494 2.188405647626074e-22
1862631.7977507606 2.1763296798907737e-22
1866453.1868479103 2.1642289370112173e-22
1870282.4159350407 2.152103368158561e-22
1874119.501096725 2.139952922399679e-22
1877964.4584505588 2.1277775486968786e-22
1881817.3041471743 2.1155771959078566e-22
1885678.0543703693 2.103351812785287e-22
1889546.7253371123 2.0911013479768012e-22
1893423.3332976752 2.0788257500245804e-22
1897307.8945356451 2.0665249673653044e-22
1901200.4253680166 2.0541989483298697e-22
1905100.9421452836 2.0418476411430908e-22
1909009.4612514537 2.0294709939236607e-22
1912925.9991041797 2.0170689546837326e-22
1916850.5721547653 2.0046414713288982e-22
1920783.196888297 1.9921884916577773e-22
1924723.8898236593 1.9797099633619622e-22
1928672.6675136262 1.9672058340257329e-22
1932629.5465449556 1.9546760511257568e-22
1936594.5435384032 1.942120562031043e-22
1940567.6751488557 1.9295393140025227e-22
1944548.9580653452 1.9169322541930037e-22
1948538.4090111428 1.9042993296468728e-22
1952536.044743854 1.8916404872997943e-22
1956541.882055432 1.8789556739786673e-22
1960555.9377723115 1.8662448364012003e-22
1964578.2287554184 1.8535079211758876e-22
1968608.7719003004 1.840744874801585e-22
1972647.5841371457 1.8279556436674605e-22
1976694.6824308767 1.8151401740526934e-22
1980750.0837812435 1.802298412126173e-22
1984813.805222843 1.7894303039464511e-22
1988885.8638252518 1.7765357954613075e-22
1992966.2766930338 1.7636148325077342e-22
1997055.0609658773 1.727997469186069e-22
2001152.233818611 1.719693304178293e-22
2005257.8124612984 1.7113721022845205e-22
2009371.8141393366 1.7030338285517192e-22
2013494.2561334707 1.6946784479552097e-22
2017625.1557599313 1.6863059253983932e-22
2021764.5303704424 1.6779162257127301e-22
2025912.397352361 1.6695093136574642e-22
2030068.7741286897 1.6610851539195862e-22
2034233.6781581773 1.6526437111136423e-22
2038407.126935416 1.644184949781528e-22
2042589.137990856 1.6357088343924622e-22
2046779.7288909468 1.6272153293426999e-22
2050978.9172381533 1.6187043989555017e-22
2055186.720671052 1.610176007480936e-22
2059403.1568644335 1.6016301190956706e-22
2063628.2435293156 1.5930666979029516e-22
2067861.998413086 1.584485707932306e-22
2072104.4392995096 1.5758871131395347e-22
2076355.5840088697 1.5672708774064214e-22
2080615.450397986 1.5586369645407005e-22
2084884.0563603116 1.549985338275853e-22
2089161.4198260368 1.541315962270905e-22
2093447.5587621024 1.5326288001103937e-22
2097742.491172345 1.5239238153040768e-22
2102046.235097504 1.5152009712869172e-22
2106358.808615365 1.506460231418793e-22
2110680.2298407773 1.497701558984461e-22
2115010.516925754 1.4889249171933547e-22
2119349.688059575 1.4801302691793744e-22
2123697.761468803 1.4713175780008555e-22
2128054.755417429 1.462486806640274e-22
2132420.6882068883 1.453637918004213e-22
2136795.5781761645 1.4447708749231548e-22
2141179.44370189 1.4358856401512706e-22
2145572.3031983655 1.4269821763663896e-22
2149974.175117706 1.4180604461696987e-22
2154385.077949845 1.4091204120857284e-22
2158805.0302226893 1.4001620365620546e-22
2163234.0505021275 1.3911852819692619e-22
2167672.1573921405 1.3821901106007343e-22
2172119.3695349037 1.373176484672443e-22
2176575.705610802 1.3641443663229148e-22
2181041.1843385813 1.355093717612925e-22
2185515.8244753564 1.3460245005254868e-22
2189999.64481676 1.3369366769655436e-22
2194492.664196956 1.3278302087599382e-22
2198994.9014887535 1.3187050576571962e-22
2203506.3756037042 1.309561185327312e-22
2208027.1054921253 1.3003985533617151e-22
2212557.1101432475 1.2912171232729619e-22
2217096.4085852234 1.2820168564947218e-22
2221645.019885282 1.2727977143814662e-22
2226202.9631497418 1.2635596582084394e-22
2230770.2575241206 1.2543026491714337e-22
2235346.9221932422 1.245026648386578e-22
2239932.9763812544 1.2525529111298722e-22
2244528.4393517813 1.2466091022055105e-22
2249133.3304079412 1.240653098919039e-22
2253747.6688924544 1.234684876252426e-22
2258371.4741877536 1.2287044091362785e-22
2263004.7657159986 1.2227116724498168e-22
2267647.5629392327 1.2167066410206772e-22
2272299.8853593916 1.210689289624898e-22
2276961.7525184583 1.2046595929867223e-22
2281633.183998479 1.1986175257785703e-22
2286314.199421677 1.1925630626209037e-22
2291004.8184505575 1.1864961780820759e-22
2295705.0607879316 1.1804168466783147e-22
2300414.9461770677 1.1743250428735155e-22
2305134.4944017027 1.1682207410792333e-22
2309863.7252862 1.162103915654477e-22
2314602.658695568 1.1559745409056857e-22
2319351.314535566 1.1498325910865864e-22
2324109.712752824 1.1436780403980483e-22
2328877.8733348567 1.1375108629880586e-22
2333655.8163102223 1.131331032951519e-22
2338443.5617485405 1.1251385243302196e-22
2343241.1297606076 1.1189333111126951e-22
2348048.540498507 1.1127153672340777e-22
2352865.8141556284 1.1064846665760744e-22
2357692.970966829 1.1002411829667576e-22
2362530.03120844 1.0939848901805556e-22
2367377.015198433 1.0877157619380413e-22
2372233.9432964316 1.081433771905912e-22
2377100.8359038327 1.0751388936968366e-22
2381977.713463916 1.0688311008693123e-22
2386864.596461865 1.0625103669276372e-22
2391761.505424928 1.0561766653217017e-22
2396668.46092243 1.0498299694469759e-22
2401585.4835659345 1.0434702526442966e-22
2406512.5940092616 1.0370974881998449e-22
2411449.8129486074 1.0307116493449959e-22
2416397.161122655 1.0243127092561674e-22
2421354.659312598 1.0179006410547971e-22
2426322.3283423027 1.0114754178071272e-22
2431300.1890783194 1.0050370125241932e-22
2436288.2624300476 9.985853981616089e-23
2441286.5693497546 9.921205476195431e-23
2446295.130832694 9.85642433742565e-23
2451313.967917223 9.791510293194926e-23
2456343.1016848222 9.726463070833703e-23
2461382.5532602603 9.661282397112489e-23
2466432.3438116205 9.595967998241624e-23
2471492.494550409 9.530519599869734e-23
2476563.026731685 9.464936927082201e-23
2481643.9616540703 9.3992197044009e-23
2486735.3206599266 9.333367655782024e-23
2491837.1251353594 9.267380504615948e-23
2496949.3965103906 9.201257973725027e-23
2502072.15625898 9.13499978536336e-23
2507205.4258991396 9.068605661215203e-23
2512349.2269930625 8.825023388610899e-23
2517503.5811471357 8.78259141922223e-23
2522668.510012115 8.740072396092966e-23
2527844.0352831343 8.697466140623183e-23
2533030.17869988 8.65477247384619e-23
2538226.962046607 8.611991216428402e-23
2543434.407152264 8.569122188668294e-23
2548652.535890613 8.526165210495419e-23
2553881.370180255 8.48312010147023e-23
2559120.9319847967 8.439986680782662e-23
2564371.243312878 8.396764767251932e-23
2569632.326218289 8.353454179325561e-23
2574904.202800097 8.310054735078342e-23
2580186.895202668 8.266566252212154e-23
2585480.425615841 8.222988548054547e-23
2590784.816274936 8.179321439558636e-23
2596100.0894609354 8.135564743301645e-23
2601426.2675005 8.091718275484756e-23
2606763.3727660975 8.047781851932062e-23
2612111.427676127 8.003755288089539e-23
2617470.454694938 7.959638399024876e-23
2622840.47633301 7.915430999426014e-23
2628221.515146964 7.871132903601049e-23
2633613.5937397406 7.826743925476757e-23
2639016.7347606206 7.782263878598437e-23
2644430.9609053517 7.737692576128853e-23
2649856.2949162773 7.693029830847179e-23
2655292.759582356 7.648275455148849e-23
2660740.3777393433 7.603429261044053e-23
2666199.172269801 7.558491060157642e-23
2671669.166103282 7.513460663727657e-23
2677150.382216347 7.468337882605128e-23
2682642.843632696 7.423122527253032e-23
2688146.573423299 7.377814407745213e-23
2693661.5947064124 7.332413333766236e-23
2699187.9306477685 7.286919114609835e-23
2704725.604460591 7.241331559178771e-23
2710274.63940573 7.195650475983755e-23
2715835.058791791 7.149875673142345e-23
2721406.8859751537 7.104006958378815e-23
2726990.144360161 7.058044139022592e-23
2732584.857399129 7.01198702200818e-23
2738191.0485925316 6.965835413873629e-23
2743808.7414890234 6.919589120760355e-23
2749437.959685573 6.873247948412047e-23
2755078.7268275917 6.82681170217359e-23
2760731.0666089593 6.780280186990877e-23
2766395.0027722106 6.733653207409246e-23
2772070.5591085446 6.686930567573429e-23
2777757.7594580175 6.640112071225955e-23
2783456.6277095606 6.593197521706994e-23
2789167.187801116 6.546186721953249e-23
2794889.4637197712 6.499079474496838e-23
2800623.479501781 6.451875581465135e-23
2806369.2592327576 6.404574844579181e-23
2812126.8270476954 6.357177065153499e-23
2817896.2071311004 6.309682044095003e-23
2823677.4237171337 6.366305775615451e-23
2829470.501089629 6.335228498121891e-23
2835275.4635822847 6.304087462257165e-23
2841092.3355786777 6.27288253721426e-23
2846921.1415124573 6.241613591917543e-23
2852761.905867365 6.21028049502265e-23
2858614.653177375 6.178883114915756e-23
2864479.4080268284 6.147421319712821e-23
2870356.195050457 6.115894977259494e-23
2876245.038933585 6.084303955130024e-23
2882145.9644121267 6.052648120627245e-23
2888058.996272797 6.020927340781491e-23
2893984.1593531272 5.989141482350476e-23
2899921.4785416047 5.957290411818559e-23
2905870.9787778147 5.92537399539599e-23
2911832.685052459 5.893392099018789e-23
2917806.622407561 5.861344588347664e-23
2923792.815936483 5.82923132876792e-23
2929791.2907840693 5.797052185388671e-23
2935802.072146787 5.764807023042103e-23
2941825.185272751 5.732495706283341e-23
2947860.6554619186 5.700118099389387e-23
2953908.50806611 5.667674066359035e-23
2959968.7684892025 5.635163470911799e-23
2966041.4621871556 5.602586176487812e-23
2972126.6146681556 5.569942046247022e-23
2978224.2514927587 5.537230943068446e-23
2984334.3982739113 5.50445272955004e-23
2990457.080677156 5.471607268007612e-23
2996592.3244206435 5.43869442047475e-23
3002740.1552753365 5.405714048701723e-23
3008900.5990650314 5.37266601415538e-23
3015073.6816665074 5.339550178018335e-23
3021259.4290096685 5.306366401188215e-23
3027457.867077566 5.2731145442775286e-23
3033669.0219066106 5.239794467612549e-23
3039892.9195865765 5.206406031233259e-23
3046129.5862608156 5.1729490948922343e-23
3052379.0481262784 5.139423518054514e-23
3058641.3314336613 5.105829159896816e-23
3064916.4624875532 5.0721658793067465e-23
3071204.4676464605 5.038433534882671e-23
3077505.3733230163 5.0046319849325836e-23
3083819.205984006 4.9707610874739866e-23
3090145.9921505125 4.93682070023309e-23
3096485.7583980686 4.9028106806440045e-23
3102838.531356679 4.868730885848635e-23
3109204.337711032 4.834581172695514e-23
3115583.2042005146 4.8003613977397634e-23
3121975.15761942 4.766071417241935e-23
3128380.2248169766 4.731711087167894e-23
3134798.432697496 4.6972802631879994e-23
3141229.8082205267 4.662778800676296e-23
3147674.378400874 4.6282065547103895e-23
3154132.1703088204 4.5935633800702943e-23
3160603.211070134 4.5588491312383495e-23
3167087.527866285 4.5179855813668796e-23
3173585.147934471 4.4969860815815203e-23
3180096.0985677703 4.4759434990679754e-23
3186620.407115294 4.454857745437323e-23
3193158.100982212 4.433728732119465e-23
3199709.2076299693 4.412556370362422e-23
3206273.7545763124 4.3913405712322647e-23
3212851.7693954445 4.3700812456125954e-23
3219443.279718178 4.348778304204067e-23
3226048.313231962 4.327431657524291e-23
3232666.8976811 4.3060412159071247e-23
3239299.0608667643 4.2846068895026394e-23
3245944.8306472176 4.263128588276396e-23
3252604.2349378364 4.2416062220093694e-23
3259277.301711269 4.220039700297443e-23
3265964.0589975924 4.1984289325508913e-23
3272664.5348843364 4.1767738279943126e-23
3279378.757516709 4.1550742956658943e-23
3286106.7550976085 4.1333302444173825e-23
3292848.5558878477 4.111541582913342e-23
3299604.188206178 4.08970821963109e-23
3306373.6804294516 4.067830062860174e-23
3313157.060992778 4.0459070207018544e-23
3319954.358389551 4.0239390010690287e-23
3326765.6011716747 4.001925911685491e-23
3333590.817949578 3.9798676600858964e-23
3340430.0373924407 3.957764153615023e-23
3347283.2882282194 3.935615299427688e-23
3354150.5992438085 3.91342100448823e-23
3361031.9992852057 3.8911811755699735e-23
3367927.5172575302 3.8688957192551645e-23
3374837.182125262 3.846564541934213e-23
3381761.022912262 3.8241875498056064e-23
3388699.0687019355 3.801764648875397e-23
3395651.3486373993 3.779295744956661e-23
3402617.8919215025 3.756780743669415e-23
3409598.727817066 3.734219550439871e-23
3416593.885646887 3.71161207050039e-23
3423603.39479398 3.688958208888726e-23
3430627.284701598 3.6662578704479477e-23
3437665.584873402 3.6435109598258924e-23
3444718.3248736244 3.6207173814746407e-23
3451785.5343270944 3.597877039650426e-23
3458867.2429194767 3.574989838412876e-23
3465963.480397284 3.552055681624962e-23
3473074.276568112 3.5290744729522404e-23
3480199.6613006694 3.506046115862762e-23
3487339.6645249417 3.482970513626537e-23
3494494.316232362 3.459847569314984e-23
3501663.646475839 3.43667718580084e-23
3508847.685369992 3.4134592657574e-23
3516046.4630911844 3.390193711658416e-23
3523260.009877686 3.366880425777557e-23
3530488.3560298504 3.343519310187851e-23
3537731.5319101354 3.320110266761612e-23
3544989.5679433485 3.296653197169646e-23
3552262.4946166608 3.293296881310684e-23
3559550.342479848 3.279532546721852e-23
3566853.142145318 3.265739973122932e-23
3574170.924288284 3.2519191025785903e-23
3581503.7196469367 3.23806987703455e-23
3588851.55902247 3.2241922383175423e-23
3596214.473279328 3.2102861281348356e-23
3603592.4933452206 3.1963514880742165e-23
3610985.6502113654 3.182388259603523e-23
3618393.974932518 3.168396384070591e-23
3625817.4986271467 3.1543758027029247e-23
3633256.2524776068 3.140326456607365e-23
3640710.267730169 3.126248286770043e-23
3648179.5756952674 3.112141234055898e-23
3655664.207747514 3.098005239208667e-23
3663164.1953259483 3.0838402428504e-23
3670679.569934065 3.0696461854814115e-23
3678210.3631399935 3.055423007479947e-23
3685756.6065766728 3.041170649101845e-23
3693318.3319418794 3.0268890504804855e-23
3700895.5709984815 3.012578151626318e-23
3708488.355574467 2.9982378924267953e-23
3716096.7175631244 2.9838682126460446e-23
3723720.688923217 2.969469051924528e-23
3731360.3016790166 2.9550403497789894e-23
3739015.587920555 2.9405820456019666e-23
3746686.579803641 2.926094078661775e-23
3754373.309550115 2.91157638810201e-23
3762075.8094478776 2.897028912941505e-23
3769794.111851072 2.882451592073984e-23
3777528.2491802657 2.8678443642677153e-23
3785278.253922478 2.8532071681654646e-23
3793044.158631441 2.838539942283994e-23
3800825.9959276128 2.8238426250140476e-23
3808623.798498438 2.809115154619851e-23
3816437.599098376 2.794357469239064e-23
3824267.4305490837 2.779569506882429e-23
3832113.325739605 2.764751205433416e-23
3839975.3176263957 2.7499025026481813e-23
3847853.4392335867 2.735023336155063e-23
3855747.7236530157 2.7201136434545195e-23
3863658.2040444124 2.705173361918792e-23
3871584.9136355817 2.6902024287915387e-23
3879527.885722439 2.675200781187792e-23
3887487.153669271 2.660168356093444e-23
3895462.7509087534 2.6451050903652286e-23
3903454.710942213 2.6300109207302155e-23
3911463.0673396634 2.6148857837857516e-23
3919487.85373999 2.599729615999106e-23
3927529.103851139 2.584542353707117e-23
3935586.8514501485 2.5693239331161276e-23
3943661.1303834184 2.554074290301482e-23
3951751.974566723 2.5387933612074965e-23
3959859.417985484 2.5234810816469503e-23
3967983.4946947987 2.5081373873010267e-23
3976124.2388196313 2.4927622137189492e-23
3984281.6845550076 2.454075858124117e-23
3992455.866166042 2.4443485330048437e-23
4000646.817988212 2.4346012512337855e-23
4008854.574427374 2.4248339718677677e-23
4017079.1699600364 2.415046653879538e-23
4025320.6391333905 2.405239256157732e-23
4033579.0165655063 2.3954117375066403e-23
4041854.3369455235 2.3855640566459753e-23
4050146.6350336866 2.3756961722108398e-23
4058455.9456616193 2.3658080427513936e-23
4066782.3037323565 2.3558996267328152e-23
4075125.7442205404 2.3459708825350688e-23
4083486.302172619 2.3360217684526744e-23
4091864.0127068725 2.326052242694666e-23
4100258.9110136977 2.316062263384261e-23
4108671.032355623 2.3060517885588385e-23
4117100.412067587 2.2960207761696107e-23
4125547.085556971 2.2859691840815814e-23
4134011.0883038007 2.275896970073308e-23
4142492.45586094 2.265804091836668e-23
4150991.223854129 2.2556905069768172e-23
4159507.4279822637 2.2455561730118555e-23
4168041.104017414 2.2354010473728074e-23
4176592.287805105 2.22522508740328e-23
4185161.015264354 2.2150282503594285e-23
4193747.3223878704 2.2048104934097138e-23
4202351.245242257 2.1945717736346618e-23
4210972.819968041 2.1843120480268282e-23
4219612.082779968 2.174031273490449e-23
4228269.069967027 2.1637294068414094e-23
4236943.8178926585 2.1534064048069967e-23
4245636.362994961 2.143062224025657e-23
4254346.741786717 2.1326968210469583e-23
4263074.990855691 2.122310152331244e-23
4271821.146864639 2.1119021742496117e-23
4280585.246551606 2.1014728430835694e-23
4289367.326729956 2.0910221150249916e-23
4298167.424288581 2.080549946175879e-23
4306985.576192105 2.070056292548104e-23
4315821.81948092 2.0595411100633803e-23
4324676.191271482 2.049004354552902e-23
4333548.728756319 2.0384459817573368e-23
4342439.469204342 2.0278659473264593e-23
4351348.449960866 2.0172642068191195e-23
4360275.708447822 2.0066407157029932e-23
4369221.282163976 1.9959954293543287e-23
4378185.208684946 1.9853283030579102e-23
4387167.525663523 1.9746392920066964e-23
4396168.270829682 1.9639283513017858e-23
4405187.481990812 1.9531954359521595e-23
4414225.197031922 1.942440500874434e-23
4423281.45391567 1.9316635008928138e-23
4432356.2906826725 1.920864390738738e-23
4441449.74545152 1.910043125050858e-23
4450561.856419078 1.8991996583746737e-23
4459692.661860523 1.888333945162495e-23
4468842.2001295565 1.9389487028520398e-23
4478010.509658622 1.9325348635104362e-23
4487197.628958938 1.9261078654888746e-23
4496403.596620804 1.9196676817908842e-23
4505628.451313624 1.91321428536466e-23
4514872.231786205 1.9067476491028455e-23
4524134.976866799 1.9002677458425102e-23
4533416.725463315 1.8937745483649957e-23
4542717.516563542 1.8872680293957606e-23
4552037.389235186 1.8807481616043624e-23
4561376.382626176 1.874214917604232e-23
4570734.535964683 1.8676682699526676e-23
4580111.888559433 1.8611081911506134e-23
4589508.479799742 1.8545346536426349e-23
4598924.349155739 1.847947629816766e-23
4608359.536178586 1.8413470920043507e-23
4617814.080500512 1.834733012480021e-23
4627288.0218351325 1.8281053634614753e-23
4636781.399977483 1.8214641171094524e-23
4646294.254804241 1.8148092455275762e-23
4655826.626273952 1.808140720762198e-23
4665378.55442707 1.801458514802374e-23
4674950.079386266 1.794762599579637e-23
4684541.241356455 1.7880529469679897e-23
4694152.080625109 1.781329528783677e-23
4703782.637562302 1.7745923167851624e-23
4713432.952620925 1.767841282672968e-23
4723103.066336928 1.7610763980895172e-23
4732793.019329341 1.754297634619109e-23
4742502.852300609 1.7475049637876882e-23
4752232.606036603 1.7406983570628395e-23
4761982.32140695 1.733877785853553e-23
4771752.039365066 1.7270432215102033e-23
4781541.800948389 1.7201946353243888e-23
4791351.647278606 1.7133319985287653e-23
4801181.619561692 1.7064552822970265e-23
4811031.759088239 1.6995644577436705e-23
4820902.107233494 1.6926594959239738e-23
4830792.705457586 1.685740367833831e-23
4840703.595305767 1.6788070444095905e-23
4850634.818408441 1.6718594965280272e-23
4860586.416481503 1.6648976950061123e-23
4870558.431326353 1.6579216106010002e-23
4880550.904830229 1.6509312140097952e-23
4890563.878966246 1.6439264758695244e-23
4900597.395793633 1.636907366756975e-23
4910651.497457967 1.629873857188526e-23
4920726.22619121 1.6228259176201243e-23
4930821.624312047 1.6157635184470477e-23
4940937.734225907 1.6086866300038933e-23
4951074.598425298 1.6015952225643396e-23
4961232.259489845 1.594489266341121e-23
4971410.760086526 1.5873687314858595e-23
4981610.142969922 1.580233588088899e-23
4991830.450982244 1.573083806179276e-23
5002071.72705368 1.565919355724482e-23
5012334.014202417 1.527097802324474e-23
5022617.355534975 1.5248320743793876e-23
5032921.794246251 1.5225616980501824e-23
5043247.373619762 1.5202866638002054e-23
5053594.137027889 1.5180069620732222e-23
5063962.127931909 1.5157225832934113e-23
5074351.389882353 1.5134335178652886e-23
5084761.966519034 1.5111397561736957e-23
5095193.901571299 1.5088412885837488e-23
5105647.23885827 1.5065381054407833e-23
5116122.0222888915 1.5042301970703447e-23
5126618.295862269 1.5019175537781122e-23
5137136.103667694 1.4996001658498955e-23
5147675.489885 1.4972780235515545e-23
5158236.498784594 1.4949511171289931e-23
5168819.174727708 1.4926194368081044e-23
5179423.56216665 1.4902829727947133e-23
5190049.705644844 1.4879417152745707e-23
5200697.64979718 1.485595654413274e-23
5211367.439350041 1.4832447803562613e-23
5222059.119121653 1.4808890832287374e-23
5232772.734022129 1.4785285531356582e-23
5243508.329053719 1.4761631801616824e-23
5254265.949311065 1.4737929543711086e-23
5265045.639981238 1.4714178658078735e-23
5275847.446344105 1.4690379044954665e-23
5286671.413772359 1.4666530604369257e-23
5297517.587731783 1.4642633236147764e-23
5308386.0137815075 1.4618686839909797e-23
5319276.737574037 1.4594691315069216e-23
5330189.80485563 1.4570646560833326e-23
5341125.261466308 1.4546552476202823e-23
5352083.153340228 1.4522408959971023e-23
5363063.526505719 1.4498215910723726e-23
5374066.427085543 1.4473973226838688e-23
5385091.901297151 1.4449680806485018e-23
5396139.99545273 1.4425338547623114e-23
5407210.755959566 1.4400946348003833e-23
5418304.229320069 1.437650410516843e-23
5429420.462132141 1.4352011716447797e-23
5440559.501089215 1.4327469078962304e-23
5451721.392980528 1.4302876089621268e-23
5462906.184691371 1.427823264512235e-23
5474113.923203137 1.4253538641951485e-23
5485344.655593696 1.4228793976382018e-23
5496598.429037414 1.420399854447471e-23
5507875.290805531 1.4179152242076865e-23
5519175.2882662 1.4154254964822256e-23
5530498.468884754 1.4129306608130543e-23
5541844.880223979 1.4104307067206686e-23
5553214.569944145 1.407925623704083e-23
5564607.585803394 1.4054154012407493e-23
5576023.975657784 1.4029000287865452e-23
5587463.787461553 1.4003794957757166e-23
5598927.069267387 1.397853791620818e-23
5610413.869226471 1.3953229057127017e-23
5621924.235588866 1.3927868274204354e-23
5633458.216703535 1.3145367456696635e-23
5645015.861018722 1.3148721479312297e-23
5656597.217081999 1.3152082383065436e-23
5668202.333540542 1.3155450182073422e-23
5679831.259141397 1.3158824890482635e-23
5691484.04273153 1.3162206522468437e-23
5703160.733258214 1.3165595092235298e-23
5714861.379769049 1.3168990614016818e-23
5726586.031412354 1.3172393102075804e-23
5738334.737437214 1.3175802570704318e-23
5750107.547193749 1.3179219034223745e-23
5761904.510133402 1.3182642506984868e-23
5773725.675808973 1.3186073003367876e-23
5785571.093875019 1.3189510537782506e-23
5797440.814087902 1.3192955124668028e-23
5809334.886306059 1.3196406778493336e-23
5821253.36049029 1.3199865513757025e-23
5833196.286703802 1.3203331344987415e-23
5845163.715112607 1.320680428674266e-23
5857155.695985539 1.3210284353610751e-23
5869172.279694662 1.3213771560209628e-23
5881213.516715313 1.3217265921187219e-23
5893279.457626383 1.3220767451221484e-23
5905370.153110605 1.3224276165020535e-23
5917485.653954591 1.3227792077322615e-23
5929626.01104925 1.3231315202896242e-23
5941791.275389802 1.3234845556540205e-23
5953981.49807618 1.3238383153083677e-23
5966196.730313092 1.3241928007386246e-23
5978437.023410285 1.3245480134337957e-23
5990702.428782859 1.324903954885947e-23
6002992.997951289 1.3252606265901984e-23
6015308.782541855 1.3256180300447425e-23
6027649.834286653 1.3259761667508426e-23
6040016.205024012 1.3263350382128434e-23
6052407.94669854 1.326694645938176e-23
6064825.1113614105 1.3270549914373618e-23
6077267.751170664 1.327416076224025e-23
6089735.91839125 1.327777901814892e-23
6102229.665395441 1.3281404697298033e-23
6114749.044662888 1.3285037814917158e-23
6127294.108780902 1.3288678386267112e-23
6139864.9104447635 1.3292326426640026e-23
6152461.502457758 1.32959819513594e-23
6165083.937731609 1.3299644975780183e-23
6177732.269286489 1.330331551528881e-23
6190406.550251449 1.3306993585303288e-23
6203106.833864464 1.331067920127327e-23
6215833.173472734 1.331437237868008e-23
6228585.62253298 1.3318073133036827e-23
6241364.2346114945 1.332178147988843e-23
6254169.06338457 1.332549743481171e-23
6267000.162638519 1.3329221013415443e-23
6279857.586270104 1.3332952231340438e-23
6292741.388286587 1.333669110425957e-23
6305651.62280603 1.3340437647877883e-23
6318588.344057602 1.245941033842934e-23
6331551.606381626 1.2489955861109158e-23
6344541.464230012 1.2520564051208046e-23
6357557.97216631 1.2551235037294886e-23
6370601.184866008 1.258196894820232e-23
6383671.157116849 1.2612765913027502e-23
6396767.943818872 1.2643626061132196e-23
6409891.599984855 1.2674549522143796e-23
6423042.180740333 1.2705536425955407e-23
6436219.7413240485 1.2736586902726873e-23
6449424.337087987 1.2767701082884877e-23
6462656.023497696 1.2798879097123696e-23
6475914.856132598 1.2830121076405925e-23
6489200.890686033 1.286142715196259e-23
6502514.1829657145 1.2892797455294211e-23
6515854.788893737 1.2924232118170831e-23
6529222.764507037 1.2955731272633092e-23
6542618.165957436 1.2987295050992348e-23
6556041.049511955 1.3018923585831399e-23
6569491.471553136 1.3050617010005234e-23
6582969.488579086 1.3082375456641163e-23
6596475.157203934 1.3114199059139881e-23
6610008.534157847 1.3146087951175504e-23
6623569.676287494 1.3178042266696653e-23
6637158.640556086 1.3210062139926578e-23
6650775.484043698 1.3242147705363877e-23
6664420.263947599 1.3274299097783302e-23
6678093.03758229 1.3306516452235853e-23
6691793.862379969 1.3338799904049833e-23
6705522.795890581 1.337114958883103e-23
6719279.895782141 1.3403565642463406e-23
6733065.219841059 1.343604820110992e-23
6746878.825972188 1.3468597401212623e-23
6760720.772199294 1.350121337949374e-23
6774591.116665067 1.3533896272955747e-23
6788489.917631598 1.356664621888245e-23
6802417.233480428 1.359946335483911e-23
6816373.12271287 1.3632347818673227e-23
6830357.643950343 1.36652997485153e-23
6844370.855934426 1.3698319282778955e-23
6858412.817527318 1.3731406560162044e-23
6872483.587711874 1.3764561719646735e-23
6886583.225592071 1.3797784900500566e-23
6900711.790393054 1.3831076242276615e-23
6914869.341461478 1.3864435884814263e-23
6929055.938265841 1.389786396823999e-23
6943271.640396532 1.393136063296749e-23
6957516.507566307 1.3964926019698804e-23
6971790.599610349 1.3998560269424433e-23
6986093.976486595 1.403226352342413e-23
7000426.69827608 1.4066035923267715e-23
7014788.825182986 1.4099877610815167e-23
7029180.417535125 1.413378872821779e-23
7043601.535783965 1.4167769417918242e-23
7058052.2405051105 1.42018198226517e-23
7072532.592398357 1.4235940085445974e-23
7087042.652288031 1.367672090136377e-23
7101582.481123333 1.3741641121287085e-23
7116152.139978396 1.3806694532010992e-23
7130751.690052764 1.3871881406790982e-23
7145381.192671425 1.3937202019442634e-23
7160040.709285296 1.4002656644343806e-23
7174730.301471284 1.4068245556434895e-23
7189450.030932621 1.4133969031220337e-23
7204199.959499226 1.4199827344770228e-23
7218980.149127743 1.4265820773720493e-23
7233790.66190205 1.4331949595275156e-23
7248631.560033306 1.4398214087206537e-23
7263502.905860302 1.4464614527856848e-23
7278404.761849815 1.4531151196139755e-23
7293337.19059666 1.4597824371540596e-23
7308300.254824189 1.4664634334118642e-23
7323294.01738432 1.4731581364507214e-23
7338318.541258039 1.4798665743915906e-23
7353373.889555452 1.4865887754130845e-23
7368460.1255161455 1.4933247677516268e-23
7383577.312509534 1.5000745797016118e-23
7398725.514034925 1.5068382396154293e-23
7413904.79372202 1.5136157759036906e-23
7429115.215330946 1.5204072170352407e-23
7444356.842752757 1.5272125915373848e-23
7459629.740009498 1.5340319279959162e-23
7474933.971254563 1.540865255055273e-23
7490269.600773055 1.5477126014187013e-23
7505636.692981838 1.5545739958482824e-23
7521035.312430064 1.5614494671651593e-23
7536465.523799187 1.5683390442495497e-23
7551927.391903482 1.5752427560409767e-23
7567420.981690113 1.582160631538297e-23
7582946.358239487 1.589092699799859e-23
7598503.586765618 1.5960389899436705e-23
7614092.732616196 1.6029995311474224e-23
7629713.861273102 1.60997435264872e-23
7645367.038352463 1.6169634837451146e-23
7661052.329605028 1.623966953794262e-23
7676769.800916534 1.630984792214092e-23
7692519.518307763 1.63801702848283e-23
7708301.547935073 1.645063692139238e-23
7724115.956090423 1.652124812782623e-23
7739962.809201901 1.6592004200730717e-23
7755842.1738337865 1.6662905437314846e-23
7771754.1166869225 1.673395213539733e-23
7787698.70459909 1.680514459340833e-23
7803676.004545069 1.687648311038972e-23
7819686.083637174 1.6947967985997433e-23
7835729.0091252765 1.701959952050162e-23
7851804.848397348 1.7091378014789026e-23
7867913.668979518 1.7163303770363294e-23
7884055.538536455 1.7235377089346617e-23
7900230.52487174 1.7307598274481458e-23
7916438.695927936 1.7379967629130812e-23
7932680.119787125 1.7452485457280633e-23
7948954.86467097 1.8526057941365985e-23
7965262.998941097 1.8770971216323874e-23
7981604.591099483 1.9016386957158646e-23
7997979.709788512 1.926230619473204e-23
8014388.423791525 1.950872996202261e-23
8030830.802032852 1.9755659294126268e-23
8047306.913578354 2.0003095228264488e-23
8063816.827635497 2.025103880378526e-23
8080360.613553727 2.0499491062168844e-23
8096938.34082487 2.0748453047033758e-23
8113550.079083192 2.099792580413761e-23
8130195.898105946 2.124791038138548e-23
8146875.867813415 2.1498407828830288e-23
8163590.058269463 2.1749419198681398e-23
8180338.539681592 2.2000945545305222e-23
8197121.38240135 2.2252987925231437e-23
8213938.656924714 2.2505547397158728e-23
8230790.433892158 2.2758625021955863e-23
8247676.784089219 2.301222186267009e-23
8264597.778446522 2.326633898452762e-23
8281553.488040345 2.3520977454942032e-23
8298543.984092692 2.3776138343515384e-23
8315569.337971682 2.40318227220441e-23
8332629.621191956 2.4288031664525048e-23
8349724.90541474 2.454476624715645e-23
8366855.262448418 2.4802027548346548e-23
8384020.764248591 2.5059816648714503e-23
8401221.482918486 2.5318134631096455e-23
8418457.490709363 2.557698258055169e-23
8435728.86002057 2.58363615843635e-23
8453035.663400132 2.6096272732047954e-23
8470377.973544778 2.6356717115354286e-23
8487755.863300513 2.661769582827368e-23
8505169.405662699 2.687920996704016e-23
8522618.673776448 2.714126063013683e-23
8540103.740937043 2.740384891830199e-23
8557624.680590006 2.766697593453011e-23
8575181.566331673 2.793064278408074e-23
8592774.471909234 2.819485057447883e-23
8610403.471221324 2.8459600415523634e-23
8628068.638318073 2.8724893419289746e-23
8645770.04740154 2.8990730700133256e-23
8663507.772826126 2.925711337469808e-23
8681281.88909863 2.952404256191692e-23
8699092.470878853 2.9791519383020265e-23
8716939.592979666 3.005954496153723e-23
8734823.330367422 3.0328120423302045e-23
8752743.758162385 3.05972468964603e-23
8770700.951638794 3.086692551146996e-23
8788694.98622546 3.1137157401110377e-23
8806725.937505808 3.1407943700482777e-23
8824793.881218467 3.1679285547019317e-23
8842898.89325735 3.1951184080484093e-23
8861041.049672069 3.2223640442979593e-23
8879220.426668372 3.2496655778953023e-23
8897437.100608205 3.27702312351974e-23
8915691.148010327 2.816263994078265e-23
8933982.645550331 2.804602907337366e-23
8952311.670061272 2.7929178966251125e-23
8970678.29853372 2.78120891285893e-23
8989082.608116208 2.7694759068555486e-23
9007524.676115645 2.757718829330723e-23
9026004.579997407 2.74593763089919e-23
9044522.39738594 2.734132262074274e-23
9063078.206064804 2.7223026732678635e-23
9081672.083977278 2.7104488147900195e-23
9100304.109226448 2.698570636848931e-23
9118974.360075634 2.686668089550628e-23
9137682.91494883 2.6747411228987135e-23
9156429.852430781 2.662789686794311e-23
9175215.251267605 2.650813731035661e-23
9194039.190366859 2.638813205318085e-23
9212901.748797994 2.6267880592336993e-23
9231803.005792791 2.6147382422711304e-23
9250743.040745432 2.6026637038154707e-23
9269721.933213137 2.5905643931478748e-23
9288739.762916192 2.578440259445539e-23
9307796.609738592 2.566291251781295e-23
9326892.553728111 2.554117319123563e-23
9346027.675096743 2.5419184103360668e-23
9365202.054221163 2.5296944741775463e-23
9384415.771642799 2.5174454593017134e-23
9403668.908068463 2.5051713142568372e-23
9422961.544370398 2.4928719874857265e-23
9442293.76158692 2.480547427325319e-23
9461665.640922483 2.46819758200663e-23
9481077.263748148 2.455822399654469e-23
9500528.711602025 2.4434218282871418e-23
9520020.066189358 2.430995815816409e-23
9539551.409383174 2.4185443100470631e-23
9559122.82322435 2.406067258676892e-23
9578734.389922084 2.3935646092963794e-23
9598386.191854354 2.3810363093884065e-23
9618078.311567979 2.3684823063282134e-23
9637810.831779296 2.3559025473829738e-23
9657583.835374184 2.3432969797117764e-23
9677397.40540873 2.3306655503651957e-23
9697251.625109302 2.318008206285256e-23
9717146.577873012 2.305324894305124e-23
9737082.347268194 2.2926155611488132e-23
9757059.017034465 2.2798801534311398e-23
9777076.671083413 2.2671186176572904e-23
9797135.393498609 2.2543309002228025e-23
9817235.268536296 2.2415169474131387e-23
9837376.38062546 2.228676705403636e-23
9857558.814368298 2.2158101202592036e-23
9877782.654540697 2.202917137934021e-23
9898047.986092314 2.189997704271489e-23
9918354.894147245 2.177051765003798e-23
9938703.464004073 2.1640792657519064e-23
9959093.781136539 2.1510801520251013e-23
9979525.931193614 2.1380543692209584e-23
10000000.0 3.4322005910849035e-23
14677992.676220706 1e-300
21544346.900318824 1e-300
31622776.60168379 1e-300
46415888.33612782 1e-300
68129206.90579608 1e-300
100000000.0 1e-300
146779926.76220676 1e-300
215443469.00318867 1e-300
316227766.01683795 1e-300
