11193.6056928 1.68120423434e-19
111371.574419 9.6749102973e-21
211549.543145 4.01247314433e-21
311727.511871 2.30140466885e-21
411905.480597 1.52788692407e-21
512083.449323 1.08803837423e-21
612261.418049 8.12777768751e-22
712439.386775 6.26240569077e-22
812617.355501 5.00823343401e-22
912795.324227 4.0914092517e-22
1012973.29295 3.39531498437e-22
1113151.26168 2.8563111895e-22
1213329.23041 2.44717545799e-22
1313507.19913 2.10701458833e-22
1413685.16786 1.81509590924e-22
1513863.13658 1.59841885708e-22
1614041.10531 1.40074001411e-22
1714219.07404 1.24190704697e-22
1814397.04276 1.10067476445e-22
1914575.01149 9.85561028915e-23
2014752.98021 8.7823726961e-23
2114930.94894 7.95347999863e-23
2215108.91767 7.12458730117e-23
2315286.88639 6.48777577874e-23
2415464.85512 5.89392100068e-23
2515642.82384 5.31683363826e-23
2615820.79257 4.8960277134e-23
2715998.7613 4.47522178855e-23
2816176.73002 4.06002297996e-23
2916354.69875 3.76487621409e-23
3016532.66747 3.46972944822e-23
3116710.6362 3.17458268234e-23
3216888.60493 2.9344721132e-23
3317066.57365 2.72810549651e-23
3417244.54238 2.52173887982e-23
3517422.51111 2.31537226312e-23
3617600.47983 2.15955084383e-23
3717778.44856 2.01820816322e-23
3817956.41728 1.87686548261e-23
3918134.38601 1.73552280201e-23
4018312.35474 1.61556588836e-23
4118490.32346 1.52012696769e-23
4218668.29219 1.42468804702e-23
4318846.26091 1.32924912635e-23
4419024.22964 1.23381020568e-23
4519202.19837 1.15805931993e-23
4619380.16709 1.09395297173e-23
4719558.13582 1.02984662353e-23
4819736.10454 9.65740275325e-24
4919914.07327 9.01633927123e-24
5020092.042 8.41930728091e-24
5120270.01072 7.9977827287e-24
5220447.97945 7.5762581765e-24
5320625.94817 7.1547336243e-24
5420803.9169 6.7332090721e-24
5520981.88563 6.3116845199e-24
5621159.85435 5.90675431878e-24
5721337.82308 5.63543314952e-24
5821515.7918 5.36411198026e-24
5921693.76053 5.092790811e-24
6021871.72926 4.82146964174e-24
6122049.69798 4.55014847248e-24
6222227.66671 4.27882730322e-24
6322405.63544 4.03467819902e-24
6422583.60416 3.86134773449e-24
6522761.57289 3.68801726996e-24
6622939.54161 3.51468680543e-24
6723117.51034 3.3413563409e-24
6823295.47907 3.16802587637e-24
6923473.44779 2.99469541184e-24
7023651.41652 2.82136494731e-24
7123829.38524 2.68810178298e-24
7224007.35397 2.58041985672e-24
7324185.3227 2.47273793046e-24
7424363.29142 2.3650560042e-24
7524541.26015 2.25737407794e-24
7624719.22887 2.14969215168e-24
7724897.1976 2.04201022542e-24
7825075.16633 1.93432829916e-24
7925253.13505 1.82697484928e-24
8025431.10378 1.76109581338e-24
8125609.0725 1.69521677749e-24
8225787.04123 1.6293377416e-24
8325965.00996 1.5634587057e-24
8426142.97868 1.49757966981e-24
8526320.94741 1.43170063391e-24
8626498.91613 1.36582159802e-24
8726676.88486 1.29994256212e-24
8826854.85359 1.23406352623e-24
8927032.82231 1.17754054077e-24
9027210.79104 1.1379628889e-24
9127388.75976 1.09838523703e-24
9227566.72849 1.05880758516e-24
9327744.69722 1.01922993329e-24
9427922.66594 9.79652281424e-25
9528100.63467 9.40074629556e-25
9628278.6034 9.00496977687e-25
9728456.57212 8.60919325819e-25
9828634.54085 8.2134167395e-25
9928812.50957 7.81764022082e-25
10028990.4783 7.50774595068e-25
10129168.447 7.27528925539e-25
10229346.4158 7.0428325601e-25
10329524.3845 6.81037586481e-25
10429702.3532 6.57791916952e-25
10529880.3219 6.34546247423e-25
10630058.2907 6.11300577894e-25
10730236.2594 5.88054908365e-25
10830414.2281 5.64809238836e-25
10930592.1968 5.41563569308e-25
11030770.1656 5.18317899779e-25
11130948.1343 4.9507223025e-25
11231126.103 4.7552134381e-25
11331304.0717 4.62140594817e-25
11431482.0405 4.48759845823e-25
11531660.0092 4.3537909683e-25
11631837.9779 4.21998347836e-25
11732015.9466 4.08617598843e-25
11832193.9154 3.95236849849e-25
11932371.8841 3.81856100855e-25
12032549.8528 3.68475351862e-25
12132727.8215 3.55094602868e-25
12232905.7903 3.41713853875e-25
12333083.759 3.28333104881e-25
12433261.7277 3.14952355888e-25
12533439.6965 3.01571606894e-25
12633617.6652 2.92470013578e-25
12733795.6339 2.84867712927e-25
12833973.6026 2.77265412276e-25
12934151.5714 2.69663111625e-25
13034329.5401 2.62060810974e-25
13134507.5088 2.54458510322e-25
13234685.4775 2.46856209671e-25
13334863.4463 2.3925390902e-25
13435041.415 2.31651608369e-25
13535219.3837 2.24049307718e-25
13635397.3524 2.16447007067e-25
13735575.3212 2.08844706416e-25
13835753.2899 2.01242405765e-25
13935931.2586 1.93640105114e-25
14036109.2273 1.86037804463e-25
14136287.1961 1.79945698678e-25
14236465.1648 1.75752899827e-25
14336643.1335 1.71560100975e-25
14436821.1022 1.67367302123e-25
14536999.071 1.63174503272e-25
14637177.0397 1.5898170442e-25
14737355.0084 1.54788905568e-25
14837532.9772 1.50596106717e-25
14937710.9459 1.46403307865e-25
15037888.9146 1.42210509014e-25
15138066.8833 1.38017710162e-25
15238244.8521 1.3382491131e-25
15338422.8208 1.29632112459e-25
15438600.7895 1.25439313607e-25
15538778.7582 1.21246514756e-25
15638956.727 1.17053715904e-25
15739134.6957 1.12860917052e-25
15839312.6644 1.09204176257e-25
15939490.6331 1.06934472519e-25
16039668.6019 1.04664768782e-25
16139846.5706 1.02395065045e-25
16240024.5393 1.00125361308e-25
16340202.508 9.78556575708e-26
16440380.4768 9.55859538337e-26
16540558.4455 9.33162500965e-26
16640736.4142 9.10465463594e-26
16740914.3829 8.87768426222e-26
16841092.3517 8.65071388851e-26
16941270.3204 8.4237435148e-26
17041448.2891 8.19677314108e-26
17141626.2579 7.96980276737e-26
17241804.2266 7.74283239365e-26
17341982.1953 7.51586201994e-26
17442160.164 7.28889164623e-26
17542338.1328 7.06192127251e-26
17642516.1015 6.8349508988e-26
17742694.0702 6.6101138684e-26
17842872.0389 6.48870167913e-26
17943050.0077 6.36728948986e-26
18043227.9764 6.24587730058e-26
18143405.9451 6.12446511131e-26
18243583.9138 6.00305292204e-26
18343761.8826 5.88164073276e-26
18443939.8513 5.76022854349e-26
18544117.82 5.63881635422e-26
18644295.7887 5.51740416494e-26
18744473.7575 5.39599197567e-26
18844651.7262 5.2745797864e-26
18944829.6949 5.15316759712e-26
19045007.6636 5.03175540785e-26
19145185.6324 4.91034321858e-26
19245363.6011 4.78893102931e-26
19345541.5698 4.66751884003e-26
19445719.5385 4.54610665076e-26
19545897.5073 4.42469446149e-26
19646075.476 4.30328227221e-26
19746253.4447 4.18187008294e-26
19846431.4135 4.06045789367e-26
19946609.3822 3.96281799321e-26
20046787.3509 3.8991369621e-26
20146965.3196 3.835455931e-26
20247143.2884 3.77177489989e-26
20347321.2571 3.70809386878e-26
20447499.2258 3.64441283767e-26
20547677.1945 3.58073180656e-26
20647855.1633 3.51705077546e-26
20748033.132 3.45336974435e-26
20848211.1007 3.38968871324e-26
20948389.0694 3.32600768213e-26
21048567.0382 3.26232665102e-26
21148745.0069 3.19864561991e-26
21248922.9756 3.13496458881e-26
21349100.9443 3.0712835577e-26
21449278.9131 3.00760252659e-26
21549456.8818 2.94392149548e-26
21649634.8505 2.88024046437e-26
21749812.8192 2.81655943327e-26
21849990.788 2.75287840216e-26
21950168.7567 2.68919737105e-26
22050346.7254 2.62551633994e-26
22150524.6942 2.56183530883e-26
22250702.6629 2.49815427773e-26
22350880.6316 2.43956968451e-26
22451058.6003 2.40645868274e-26
22551236.5691 2.37334768097e-26
22651414.5378 2.34023667921e-26
22751592.5065 2.30712567744e-26
22851770.4752 2.27401467567e-26
22951948.444 2.2409036739e-26
23052126.4127 2.20779267214e-26
23152304.3814 2.17468167037e-26
23252482.3501 2.1415706686e-26
23352660.3189 2.10845966684e-26
23452838.2876 2.07534866507e-26
23553016.2563 2.0422376633e-26
23653194.225 2.00912666154e-26
23753372.1938 1.97601565977e-26
23853550.1625 1.942904658e-26
23953728.1312 1.90979365623e-26
24053906.0999 1.87668265447e-26
24154084.0687 1.8435716527e-26
24254262.0374 1.81046065093e-26
24354440.0061 1.77734964917e-26
24454617.9749 1.7442386474e-26
24554795.9436 1.71112764563e-26
24654973.9123 1.67801664387e-26
24755151.881 1.6449056421e-26
24855329.8498 1.61179464033e-26
24955507.8185 1.57868363856e-26
25055685.7872 1.5455726368e-26
25155863.7559 1.52828687746e-26
25256041.7247 1.51160392294e-26
25356219.6934 1.49492096843e-26
25456397.6621 1.47823801391e-26
25556575.6308 1.4615550594e-26
25656753.5996 1.44487210488e-26
25756931.5683 1.42818915037e-26
25857109.537 1.41150619585e-26
25957287.5057 1.39482324133e-26
26057465.4745 1.37814028682e-26
26157643.4432 1.3614573323e-26
26257821.4119 1.34477437779e-26
26357999.3806 1.32809142327e-26
26458177.3494 1.31140846876e-26
26558355.3181 1.29472551424e-26
26658533.2868 1.27804255973e-26
26758711.2556 1.26135960521e-26
26858889.2243 1.2446766507e-26
26959067.193 1.22799369618e-26
27059245.1617 1.21131074166e-26
27159423.1305 1.19462778715e-26
27259601.0992 1.17794483263e-26
27359779.0679 1.16126187812e-26
27459957.0366 1.1445789236e-26
27560135.0054 1.12789596909e-26
27660312.9741 1.11121301457e-26
27760490.9428 1.09453006006e-26
27860668.9115 1.07784710554e-26
27960846.8803 1.06116415103e-26
28061024.849 1.04448119651e-26
28161202.8177 1.03125693857e-26
28261380.7864 1.02242428349e-26
28361558.7552 1.0135916284e-26
28461736.7239 1.00475897331e-26
28561914.6926 9.95926318228e-27
28662092.6613 9.87093663142e-27
28762270.6301 9.78261008056e-27
28862448.5988 9.6942835297e-27
28962626.5675 9.60595697884e-27
29062804.5363 9.51763042798e-27
29162982.505 9.42930387712e-27
29263160.4737 9.34097732626e-27
29363338.4424 9.25265077539e-27
29463516.4112 9.16432422453e-27
29563694.3799 9.07599767367e-27
29663872.3486 8.98767112281e-27
29764050.3173 8.89934457195e-27
29864228.2861 8.81101802109e-27
29964406.2548 8.72269147023e-27
30064584.2235 8.63436491937e-27
30164762.1922 8.54603836851e-27
30264940.161 8.45771181764e-27
30365118.1297 8.36938526678e-27
30465296.0984 8.28105871592e-27
30565474.0671 8.19273216506e-27
30665652.0359 8.1044056142e-27
30765830.0046 8.01607906334e-27
30866007.9733 7.92775251248e-27
30966185.942 7.83942596162e-27
31066363.9108 7.75109941076e-27
31166541.8795 7.66277285989e-27
31266719.8482 7.57444630903e-27
31366897.817 7.48611975817e-27
31467075.7857 7.39779320731e-27
31567253.7544 7.31652546735e-27
31667431.7231 7.26467462015e-27
31767609.6919 7.21282377295e-27
31867787.6606 7.16097292575e-27
31967965.6293 7.10912207855e-27
32068143.598 7.05727123135e-27
32168321.5668 7.00542038415e-27
32268499.5355 6.95356953695e-27
32368677.5042 6.90171868975e-27
32468855.4729 6.84986784255e-27
32569033.4417 6.79801699535e-27
32669211.4104 6.74616614815e-27
32769389.3791 6.69431530095e-27
32869567.3478 6.64246445375e-27
32969745.3166 6.59061360655e-27
33069923.2853 6.53876275935e-27
33170101.254 6.48691191215e-27
33270279.2227 6.43506106495e-27
33370457.1915 6.38321021775e-27
33470635.1602 6.33135937055e-27
33570813.1289 6.27950852335e-27
33670991.0977 6.22765767615e-27
33771169.0664 6.17580682895e-27
33871347.0351 6.12395598175e-27
33971525.0038 6.07210513455e-27
34071702.9726 6.02025428735e-27
34171880.9413 5.96840344015e-27
34272058.91 5.91655259295e-27
34372236.8787 5.86470174575e-27
34472414.8475 5.81285089855e-27
34572592.8162 5.76100005135e-27
34672770.7849 5.70914920415e-27
34772948.7536 5.65729835695e-27
34873126.7224 5.60544750975e-27
34973304.6911 5.55359666255e-27
35073482.6598 5.50174581535e-27
35173660.6285 5.44989496815e-27
35273838.5973 5.39804412095e-27
35374016.566 5.34619327375e-27
35474194.5347 5.30903927634e-27
35574372.5034 5.2763327568e-27
35674550.4722 5.24362623725e-27
35774728.4409 5.21091971771e-27
35874906.4096 5.17821319817e-27
35975084.3784 5.14550667862e-27
36075262.3471 5.11280015908e-27
36175440.3158 5.08009363954e-27
36275618.2845 5.04738711999e-27
36375796.2533 5.01468060045e-27
36475974.222 4.98197408091e-27
36576152.1907 4.94926756136e-27
36676330.1594 4.91656104182e-27
36776508.1282 4.88385452228e-27
36876686.0969 4.85114800273e-27
36976864.0656 4.81844148319e-27
37077042.0343 4.78573496365e-27
37177220.0031 4.7530284441e-27
37277397.9718 4.72032192456e-27
37377575.9405 4.68761540502e-27
37477753.9092 4.65490888547e-27
37577931.878 4.62220236593e-27
37678109.8467 4.58949584639e-27
37778287.8154 4.55678932684e-27
37878465.7841 4.5240828073e-27
37978643.7529 4.49137628776e-27
38078821.7216 4.45866976822e-27
38178999.6903 4.42596324867e-27
38279177.6591 4.39325672913e-27
38379355.6278 4.36055020959e-27
38479533.5965 4.32784369004e-27
38579711.5652 4.2951371705e-27
38679889.534 4.26243065096e-27
38780067.5027 4.22972413141e-27
38880245.4714 4.19701761187e-27
38980423.4401 4.16431109233e-27
39080601.4089 4.13160457278e-27
39180779.3776 4.09889805324e-27
39280957.3463 4.0661915337e-27
39381135.315 4.03348501415e-27
39481313.2838 4.00077849461e-27
39581491.2525 3.96807197507e-27
39681669.2212 3.93536545552e-27
39781847.1899 3.90853568635e-27
39882025.1587 3.88482613835e-27
39982203.1274 3.86111659035e-27
40082381.0961 3.83740704235e-27
40182559.0648 3.81369749435e-27
40282737.0336 3.78998794634e-27
40382915.0023 3.76627839834e-27
40483092.971 3.74256885034e-27
40583270.9397 3.71885930234e-27
40683448.9085 3.69514975434e-27
40783626.8772 3.67144020634e-27
40883804.8459 3.64773065834e-27
40983982.8147 3.62402111033e-27
41084160.7834 3.60031156233e-27
41184338.7521 3.57660201433e-27
41284516.7208 3.55289246633e-27
41384694.6896 3.52918291833e-27
41484872.6583 3.50547337033e-27
41585050.627 3.48176382233e-27
41685228.5957 3.45805427432e-27
41785406.5645 3.43434472632e-27
41885584.5332 3.41063517832e-27
41985762.5019 3.38692563032e-27
42085940.4706 3.36321608232e-27
42186118.4394 3.33950653432e-27
42286296.4081 3.31579698631e-27
42386474.3768 3.29208743831e-27
42486652.3455 3.26837789031e-27
42586830.3143 3.24466834231e-27
42687008.283 3.22095879431e-27
42787186.2517 3.19724924631e-27
42887364.2204 3.17353969831e-27
42987542.1892 3.1498301503e-27
43087720.1579 3.1261206023e-27
43187898.1266 3.1024110543e-27
43288076.0954 3.0787015063e-27
43388254.0641 3.0549919583e-27
43488432.0328 3.0312824103e-27
43588610.0015 3.00757286229e-27
43688787.9703 2.98386331429e-27
43788965.939 2.96015376629e-27
43889143.9077 2.93644421829e-27
43989321.8764 2.91273467029e-27
44089499.8452 2.88902512229e-27
44189677.8139 2.86531557429e-27
44289855.7826 2.84160602628e-27
44390033.7513 2.81789647828e-27
44490211.7201 2.79418693028e-27
44590389.6888 2.77322810001e-27
44690567.6575 2.75941559873e-27
44790745.6262 2.74560309744e-27
44890923.595 2.73179059615e-27
44991101.5637 2.71797809486e-27
45091279.5324 2.70416559358e-27
45191457.5011 2.69035309229e-27
45291635.4699 2.676540591e-27
45391813.4386 2.66272808971e-27
45491991.4073 2.64891558843e-27
45592169.3761 2.63510308714e-27
45692347.3448 2.62129058585e-27
45792525.3135 2.60747808456e-27
45892703.2822 2.59366558328e-27
45992881.251 2.57985308199e-27
46093059.2197 2.5660405807e-27
46193237.1884 2.55222807941e-27
46293415.1571 2.53841557813e-27
46393593.1259 2.52460307684e-27
46493771.0946 2.51079057555e-27
46593949.0633 2.49697807426e-27
46694127.032 2.48316557298e-27
46794305.0008 2.46935307169e-27
46894482.9695 2.4555405704e-27
46994660.9382 2.44172806911e-27
47094838.9069 2.42791556783e-27
47195016.8757 2.41410306654e-27
47295194.8444 2.40029056525e-27
47395372.8131 2.38647806396e-27
47495550.7818 2.37266556268e-27
47595728.7506 2.35885306139e-27
47695906.7193 2.3450405601e-27
47796084.688 2.33122805881e-27
47896262.6568 2.31741555753e-27
47996440.6255 2.30360305624e-27
48096618.5942 2.28979055495e-27
48196796.5629 2.27597805366e-27
48296974.5317 2.26216555238e-27
48397152.5004 2.24835305109e-27
48497330.4691 2.2345405498e-27
48597508.4378 2.22072804851e-27
48697686.4066 2.20691554723e-27
48797864.3753 2.19310304594e-27
48898042.344 2.17929054465e-27
48998220.3127 2.16547804336e-27
49098398.2815 2.15166554208e-27
49198576.2502 2.13785304079e-27
49298754.2189 2.1240405395e-27
49398932.1876 2.11022803821e-27
49499110.1564 2.09641553693e-27
49599288.1251 2.08260303564e-27
49699466.0938 2.06879053435e-27
49799644.0625 2.05497803306e-27
49899822.0313 2.04116553178e-27
50000000.0 2.02735303049e-27
61372432.5389 1e-300
75331509.5147 1e-300
92465559.7149 1e-300
113496726.515 1e-300
139311403.829 1e-300
170997594.668 1e-300
209890766.861 1e-300
257630138.594 1e-300
316227766.017 1e-300
