600.0 9.812254506536249e-17
673.2110725811779 8.856315944225097e-17
755.3552470765005 7.976189033507174e-17
847.5225267736523 7.168487657366254e-17
950.9359154766685 6.422828575708652e-17
1066.9676460233536 5.740339615963977e-17
1197.1573889813274 5.117960467781292e-17
1343.232683141004 4.5499640258738806e-17
1507.1318589057475 4.032417813012074e-17
1691.0297587586729 3.5650734909046304e-17
1897.3665961010274 3.1441770617537056e-17
2128.880335401452 2.7686295128372184e-17
2388.643023320984 2.4306604466174838e-17
2680.101552905778 2.1287632577636037e-17
3007.123401763635 1.8612142677860766e-17
3374.0479511420945 1.623077248056965e-17
3785.7440668811582 1.4137793877659132e-17
4247.674706304828 1.2289631785917007e-17
4765.969408345688 1.0658619015457074e-17
5347.505628802475 9.230271335138269e-18
6000.0 7.984733030250603e-18
6732.110725811781 6.8900648114925664e-18
7553.552470765005 5.9363461132875115e-18
8475.225267736525 5.1176867150086456e-18
9509.359154766682 4.415575334179778e-18
10669.676460233537 3.807700728807919e-18
11971.573889813279 3.2783854137599755e-18
13432.326831410039 2.822145742345875e-18
15071.318589057477 2.4323406286337123e-18
16910.297587586723 2.094964071153112e-18
18973.665961010276 1.8041824084510685e-18
21288.80335401453 1.5565051950364472e-18
23886.43023320984 1.3463847216662733e-18
26801.01552905778 1.1648151741969472e-18
30071.234017636332 1.009621399135494e-18
33740.47951142094 8.748291913690812e-19
37857.4406688116 7.58825798307389e-19
42476.74706304828 6.589448945191226e-19
47659.69408345688 5.724606671155713e-19
53475.05628802473 4.971176122489369e-19
60000.0 4.316843543940248e-19
67321.10725811782 3.7503805468678666e-19
75535.52470765004 3.2587780978090815e-19
84752.25267736526 2.8311898586441697e-19
95093.5915476668 2.45909202768074e-19
106696.76460233537 2.136102986981857e-19
119715.73889813278 1.8521993645315857e-19
134323.26831410037 1.603709341522639e-19
150713.1858905748 1.3846553388396162e-19
169102.97587586724 1.191791331678875e-19
189736.65961010277 1.0228061416136381e-19
212888.03354014526 8.75438157436139e-20
238864.30233209833 7.437077391605434e-20
268010.15529057785 6.310385386423078e-20
300712.34017636336 5.3484589413511e-20
337404.7951142094 4.5146303493366835e-20
378574.40668811597 3.789771488820893e-20
424767.47063048277 3.1697869603598037e-20
476596.9408345689 2.625983557725071e-20
534750.5628802474 2.1573114874289005e-20
600000.0 1.8283859159391148e-20
1203868.0515568182 1e-300
2415497.142598682 1e-300
4846566.3976688925 1e-300
9724377.409837324 1e-300
19511445.47497328 1e-300
39148676.41168862 1e-300
78549734.6546132 1e-300
157605860.01492405 1e-300
316227766.01683795 1e-300
