10000.0 3.0608839957e-18
11983.9679359 2.89235326375e-18
13967.9358717 2.75110479671e-18
15951.9038076 2.63108393347e-18
17935.8717435 2.52634367915e-18
19919.8396794 2.43239586993e-18
21903.8076152 2.34751359182e-18
23887.7755511 2.26943346546e-18
25871.743487 2.19613343884e-18
27855.7114228 2.12714678788e-18
29839.6793587 2.06405260234e-18
31823.6472946 2.00284344674e-18
33807.6152305 1.94800251967e-18
35791.5831663 1.89402864213e-18
37775.5511022 1.8447323739e-18
39759.5190381 1.79543610567e-18
41743.4869739 1.75112984587e-18
43727.4549098 1.70695576867e-18
45711.4228457 1.6654146659e-18
47695.3907816 1.62624865982e-18
49679.3587174 1.58708265373e-18
51663.3266533 1.55137231271e-18
53647.2945892 1.51664494064e-18
55631.2625251 1.48191756856e-18
57615.2304609 1.45009470335e-18
59599.1983968 1.419539699e-18
61583.1663327 1.38898469466e-18
63567.1342685 1.35917891908e-18
65551.1022044 1.33177717399e-18
67535.0701403 1.3043754289e-18
69519.0380762 1.2769736838e-18
71503.006012 1.25088258502e-18
73486.9739479 1.22715133549e-18
75470.9418838 1.20342008596e-18
77454.9098196 1.17968883643e-18
79438.8777555 1.15596725215e-18
81422.8456914 1.13540327438e-18
83406.8136273 1.1148392966e-18
85390.7815631 1.09427531882e-18
87374.749499 1.07371134104e-18
89358.7174349 1.05343646718e-18
91342.6853707 1.03532760457e-18
93326.6533066 1.01721874197e-18
95310.6212425 9.9910987936e-19
97294.5891784 9.81001016755e-19
99278.5571142 9.6289215415e-19
101262.52505 9.46395569077e-19
103246.492986 9.30820285452e-19
105230.460922 9.15245001827e-19
107214.428858 8.99669718201e-19
109198.396794 8.84094434576e-19
111182.364729 8.6851915095e-19
113166.332665 8.54004768882e-19
115150.300601 8.40611779222e-19
117134.268537 8.27218789563e-19
119118.236473 8.13825799903e-19
121102.204409 8.00432810243e-19
123086.172345 7.87039820583e-19
125070.140281 7.73646830923e-19
127054.108216 7.61304335966e-19
129038.076152 7.49705601601e-19
131022.044088 7.38106867236e-19
133006.012024 7.26508132872e-19
134989.97996 7.14909398507e-19
136973.947896 7.03310664143e-19
138957.915832 6.91711929778e-19
140941.883768 6.80113195413e-19
142925.851703 6.69966144502e-19
144909.819639 6.60089853877e-19
146893.787575 6.50213563252e-19
148877.755511 6.40337272627e-19
150861.723447 6.30460982002e-19
152845.691383 6.20584691376e-19
154829.659319 6.10708400751e-19
156813.627255 6.00832110126e-19
158797.59519 5.91209467781e-19
160781.563126 5.82965578468e-19
162765.531062 5.74721689154e-19
164749.498998 5.6647779984e-19
166733.466934 5.58233910526e-19
168717.43487 5.49990021213e-19
170701.402806 5.41746131899e-19
172685.370741 5.33502242585e-19
174669.338677 5.25258353272e-19
176653.306613 5.17014463958e-19
178637.274549 5.09320548526e-19
180621.242485 5.02424843225e-19
182605.210421 4.95529137924e-19
184589.178357 4.88633432623e-19
186573.146293 4.81737727322e-19
188557.114228 4.74842022021e-19
190541.082164 4.6794631672e-19
192525.0501 4.61050611419e-19
194509.018036 4.54154906118e-19
196492.985972 4.47259200817e-19
198476.953908 4.40363495516e-19
200460.921844 4.34044432816e-19
202444.88978 4.28372705525e-19
204428.857715 4.22700978235e-19
206412.825651 4.17029250944e-19
208396.793587 4.11357523654e-19
210380.761523 4.05685796363e-19
212364.729459 4.00014069073e-19
214348.697395 3.94342341782e-19
216332.665331 3.88670614492e-19
218316.633267 3.82998887201e-19
220300.601202 3.77327159911e-19
222284.569138 3.7165543262e-19
224268.537074 3.66196824845e-19
226252.50501 3.61591690698e-19
228236.472946 3.56986556551e-19
230220.440882 3.52381422404e-19
232204.408818 3.47776288257e-19
234188.376754 3.4317115411e-19
236172.344689 3.38566019962e-19
238156.312625 3.33960885815e-19
240140.280561 3.29355751668e-19
242124.248497 3.24750617521e-19
244108.216433 3.20145483374e-19
246092.184369 3.15540349227e-19
248076.152305 3.1093521508e-19
250060.12024 3.06330080932e-19
252044.088176 3.02110992065e-19
254028.056112 2.9840118308e-19
256012.024048 2.94691374096e-19
257995.991984 2.90981565111e-19
259979.95992 2.87271756126e-19
261963.927856 2.83561947142e-19
263947.895792 2.79852138157e-19
265931.863727 2.76142329173e-19
267915.831663 2.72432520188e-19
269899.799599 2.68722711204e-19
271883.767535 2.65012902219e-19
273867.735471 2.61303093234e-19
275851.703407 2.5759328425e-19
277835.671343 2.53883475265e-19
279819.639279 2.50173666281e-19
281803.607214 2.46463857296e-19
283787.57515 2.4352671034e-19
285771.543086 2.40603312285e-19
287755.511022 2.37679914231e-19
289739.478958 2.34756516176e-19
291723.446894 2.31833118122e-19
293707.41483 2.28909720068e-19
295691.382766 2.25986322013e-19
297675.350701 2.23062923959e-19
299659.318637 2.20139525904e-19
301643.286573 2.1721612785e-19
303627.254509 2.14292729795e-19
305611.222445 2.11369331741e-19
307595.190381 2.08445933686e-19
309579.158317 2.05522535632e-19
311563.126253 2.02599137578e-19
313547.094188 1.99675739523e-19
315531.062124 1.96752341469e-19
317515.03006 1.94257463168e-19
319498.997996 1.91994511939e-19
321482.965932 1.8973156071e-19
323466.933868 1.87468609482e-19
325450.901804 1.85205658253e-19
327434.869739 1.82942707024e-19
329418.837675 1.80679755795e-19
331402.805611 1.78416804567e-19
333386.773547 1.76153853338e-19
335370.741483 1.73890902109e-19
337354.709419 1.7162795088e-19
339338.677355 1.69364999652e-19
341322.645291 1.67102048423e-19
343306.613226 1.64839097194e-19
345290.581162 1.62576145965e-19
347274.549098 1.60313194737e-19
349258.517034 1.58050243508e-19
351242.48497 1.55787292279e-19
353226.452906 1.5352434105e-19
355210.420842 1.51368435716e-19
357194.388778 1.49640393085e-19
359178.356713 1.47912350455e-19
361162.324649 1.46184307825e-19
363146.292585 1.44456265195e-19
365130.260521 1.42728222565e-19
367114.228457 1.41000179935e-19
369098.196393 1.39272137305e-19
371082.164329 1.37544094675e-19
373066.132265 1.35816052045e-19
375050.1002 1.34088009415e-19
377034.068136 1.32359966785e-19
379018.036072 1.30631924155e-19
381002.004008 1.28903881525e-19
382985.971944 1.27175838895e-19
384969.93988 1.25447796265e-19
386953.907816 1.23719753635e-19
388937.875752 1.21991711005e-19
390921.843687 1.20263668375e-19
392905.811623 1.18535625745e-19
394889.779559 1.16807583115e-19
396873.747495 1.15079540485e-19
398857.715431 1.13523884397e-19
400841.683367 1.12251523212e-19
402825.651303 1.10979162026e-19
404809.619238 1.0970680084e-19
406793.587174 1.08434439654e-19
408777.55511 1.07162078468e-19
410761.523046 1.05889717282e-19
412745.490982 1.04617356097e-19
414729.458918 1.03344994911e-19
416713.426854 1.02072633725e-19
418697.39479 1.00800272539e-19
420681.362725 9.95279113531e-20
422665.330661 9.82555501673e-20
424649.298597 9.69831889814e-20
426633.266533 9.57108277956e-20
428617.234469 9.44384666097e-20
430601.202405 9.31661054239e-20
432585.170341 9.1893744238e-20
434569.138277 9.06213830522e-20
436553.106212 8.93490218663e-20
438537.074148 8.80766606805e-20
440521.042084 8.68042994947e-20
442505.01002 8.55319383088e-20
444488.977956 8.4259577123e-20
446472.945892 8.29872159371e-20
448456.913828 8.20432035997e-20
450440.881764 8.11381945958e-20
452424.849699 8.02331855918e-20
454408.817635 7.93281765879e-20
456392.785571 7.8423167584e-20
458376.753507 7.751815858e-20
460360.721443 7.66131495761e-20
462344.689379 7.57081405721e-20
464328.657315 7.48031315682e-20
466312.625251 7.38981225642e-20
468296.593186 7.29931135603e-20
470280.561122 7.20881045563e-20
472264.529058 7.11830955524e-20
474248.496994 7.02780865485e-20
476232.46493 6.93730775445e-20
478216.432866 6.84680685406e-20
480200.400802 6.75630595366e-20
482184.368737 6.66580505327e-20
484168.336673 6.57530415287e-20
486152.304609 6.48480325248e-20
488136.272545 6.39430235209e-20
490120.240481 6.30380145169e-20
492104.208417 6.2133005513e-20
494088.176353 6.1227996509e-20
496072.144289 6.03229875051e-20
498056.112224 5.94179785011e-20
500040.08016 5.85129694972e-20
502024.048096 5.77246254539e-20
504008.016032 5.70962124574e-20
505991.983968 5.64677994609e-20
507975.951904 5.58393864644e-20
509959.91984 5.5210973468e-20
511943.887776 5.45825604715e-20
513927.855711 5.3954147475e-20
515911.823647 5.33257344785e-20
517895.791583 5.2697321482e-20
519879.759519 5.20689084856e-20
521863.727455 5.14404954891e-20
523847.695391 5.08120824926e-20
525831.663327 5.01836694961e-20
527815.631263 4.95552564997e-20
529799.599198 4.89268435032e-20
531783.567134 4.82984305067e-20
533767.53507 4.76700175102e-20
535751.503006 4.70416045137e-20
537735.470942 4.64131915173e-20
539719.438878 4.57847785208e-20
541703.406814 4.51563655243e-20
543687.374749 4.45279525278e-20
545671.342685 4.38995395314e-20
547655.310621 4.32711265349e-20
549639.278557 4.26427135384e-20
551623.246493 4.20143005419e-20
553607.214429 4.13858875454e-20
555591.182365 4.0757474549e-20
557575.150301 4.01290615525e-20
559559.118236 3.9500648556e-20
561543.086172 3.88722355595e-20
563527.054108 3.83744488736e-20
565511.022044 3.79646005151e-20
567494.98998 3.75547521567e-20
569478.957916 3.71449037982e-20
571462.925852 3.67350554397e-20
573446.893788 3.63252070813e-20
575430.861723 3.59153587228e-20
577414.829659 3.55055103643e-20
579398.797595 3.50956620059e-20
581382.765531 3.46858136474e-20
583366.733467 3.42759652889e-20
585350.701403 3.38661169305e-20
587334.669339 3.3456268572e-20
589318.637275 3.30464202135e-20
591302.60521 3.26365718551e-20
593286.573146 3.22267234966e-20
595270.541082 3.18168751381e-20
597254.509018 3.14070267797e-20
599238.476954 3.09971784212e-20
601222.44489 3.05873300627e-20
603206.412826 3.01774817043e-20
605190.380762 2.97676333458e-20
607174.348697 2.93577849873e-20
609158.316633 2.89479366289e-20
611142.284569 2.85380882704e-20
613126.252505 2.81282399119e-20
615110.220441 2.77183915535e-20
617094.188377 2.7308543195e-20
619078.156313 2.68986948365e-20
621062.124248 2.64888464781e-20
623046.092184 2.60789981196e-20
625030.06012 2.56691497611e-20
627014.028056 2.52593014027e-20
628997.995992 2.48494530442e-20
630981.963928 2.44415780986e-20
632965.931864 2.41907579969e-20
634949.8998 2.39399378952e-20
636933.867735 2.36891177935e-20
638917.835671 2.34382976918e-20
640901.803607 2.31874775901e-20
642885.771543 2.29366574884e-20
644869.739479 2.26858373868e-20
646853.707415 2.24350172851e-20
648837.675351 2.21841971834e-20
650821.643287 2.19333770817e-20
652805.611222 2.168255698e-20
654789.579158 2.14317368783e-20
656773.547094 2.11809167766e-20
658757.51503 2.09300966749e-20
660741.482966 2.06792765732e-20
662725.450902 2.04284564715e-20
664709.418838 2.01776363698e-20
666693.386774 1.99268162681e-20
668677.354709 1.96759961664e-20
670661.322645 1.94251760648e-20
672645.290581 1.91743559631e-20
674629.258517 1.89235358614e-20
676613.226453 1.86727157597e-20
678597.194389 1.8421895658e-20
680581.162325 1.81710755563e-20
682565.130261 1.79202554546e-20
684549.098196 1.76694353529e-20
686533.066132 1.74186152512e-20
688517.034068 1.71677951495e-20
690501.002004 1.69169750478e-20
692484.96994 1.66661549461e-20
694468.937876 1.64153348445e-20
696452.905812 1.61645147428e-20
698436.873747 1.59136946411e-20
700420.841683 1.56628745394e-20
702404.809619 1.54120544377e-20
704388.777555 1.5161234336e-20
706372.745491 1.49104142343e-20
708356.713427 1.46822110851e-20
710340.681363 1.45405857687e-20
712324.649299 1.43989604523e-20
714308.617234 1.42573351359e-20
716292.58517 1.41157098196e-20
718276.553106 1.39740845032e-20
720260.521042 1.38324591868e-20
722244.488978 1.36908338704e-20
724228.456914 1.3549208554e-20
726212.42485 1.34075832376e-20
728196.392786 1.32659579212e-20
730180.360721 1.31243326048e-20
732164.328657 1.29827072884e-20
734148.296593 1.2841081972e-20
736132.264529 1.26994566556e-20
738116.232465 1.25578313392e-20
740100.200401 1.24162060228e-20
742084.168337 1.22745807065e-20
744068.136273 1.21329553901e-20
746052.104208 1.19913300737e-20
748036.072144 1.18497047573e-20
750020.04008 1.17080794409e-20
752004.008016 1.15664541245e-20
753987.975952 1.14248288081e-20
755971.943888 1.12832034917e-20
757955.911824 1.11415781753e-20
759939.87976 1.09999528589e-20
761923.847695 1.08583275425e-20
763907.815631 1.07167022261e-20
765891.783567 1.05750769097e-20
767875.751503 1.04334515934e-20
769859.719439 1.0291826277e-20
771843.687375 1.01502009606e-20
773827.655311 1.00085756442e-20
775811.623246 9.86695032778e-21
777795.591182 9.72532501139e-21
779779.559118 9.583699695e-21
781763.527054 9.44207437861e-21
783747.49499 9.30044906221e-21
785731.462926 9.15882374582e-21
787715.430862 9.01719842943e-21
789699.398798 8.87557311304e-21
791683.366733 8.73394779664e-21
793667.334669 8.59232248025e-21
795651.302605 8.49853615844e-21
797635.270541 8.42864641412e-21
799619.238477 8.3587566698e-21
801603.206413 8.28886692548e-21
803587.174349 8.21897718116e-21
805571.142285 8.14908743684e-21
807555.11022 8.07919769253e-21
809539.078156 8.00930794821e-21
811523.046092 7.93941820389e-21
813507.014028 7.86952845957e-21
815490.981964 7.79963871525e-21
817474.9499 7.72974897093e-21
819458.917836 7.65985922661e-21
821442.885772 7.58996948229e-21
823426.853707 7.52007973797e-21
825410.821643 7.45018999366e-21
827394.789579 7.38030024934e-21
829378.757515 7.31041050502e-21
831362.725451 7.2405207607e-21
833346.693387 7.17063101638e-21
835330.661323 7.10074127206e-21
837314.629259 7.03085152774e-21
839298.597194 6.96096178342e-21
841282.56513 6.8910720391e-21
843266.533066 6.82118229479e-21
845250.501002 6.75129255047e-21
847234.468938 6.68140280615e-21
849218.436874 6.61151306183e-21
851202.40481 6.54162331751e-21
853186.372745 6.47173357319e-21
855170.340681 6.40184382887e-21
857154.308617 6.33195408455e-21
859138.276553 6.26206434024e-21
861122.244489 6.19217459592e-21
863106.212425 6.1222848516e-21
865090.180361 6.05239510728e-21
867074.148297 5.98250536296e-21
869058.116232 5.91261561864e-21
871042.084168 5.84272587432e-21
873026.052104 5.77283613e-21
875010.02004 5.70294638568e-21
876993.987976 5.63305664137e-21
878977.955912 5.56316689705e-21
880961.923848 5.49327715273e-21
882945.891784 5.42338740841e-21
884929.859719 5.35349766409e-21
886913.827655 5.28360791977e-21
888897.795591 5.21371817545e-21
890881.763527 5.14382843113e-21
892865.731463 5.10764728355e-21
894849.699399 5.07917260695e-21
896833.667335 5.05069793035e-21
898817.635271 5.02222325376e-21
900801.603206 4.99374857716e-21
902785.571142 4.96527390056e-21
904769.539078 4.93679922396e-21
906753.507014 4.90832454737e-21
908737.47495 4.87984987077e-21
910721.442886 4.85137519417e-21
912705.410822 4.82290051757e-21
914689.378758 4.79442584098e-21
916673.346693 4.76595116438e-21
918657.314629 4.73747648778e-21
920641.282565 4.70900181118e-21
922625.250501 4.68052713458e-21
924609.218437 4.65205245799e-21
926593.186373 4.62357778139e-21
928577.154309 4.59510310479e-21
930561.122244 4.56662842819e-21
932545.09018 4.5381537516e-21
934529.058116 4.509679075e-21
936513.026052 4.4812043984e-21
938496.993988 4.4527297218e-21
940480.961924 4.42425504521e-21
942464.92986 4.39578036861e-21
944448.897796 4.36730569201e-21
946432.865731 4.33883101541e-21
948416.833667 4.31035633882e-21
950400.801603 4.28188166222e-21
952384.769539 4.25340698562e-21
954368.737475 4.22493230902e-21
956352.705411 4.19645763243e-21
958336.673347 4.16798295583e-21
960320.641283 4.13950827923e-21
962304.609218 4.11103360263e-21
964288.577154 4.08255892604e-21
966272.54509 4.05408424944e-21
968256.513026 4.02560957284e-21
970240.480962 3.99713489624e-21
972224.448898 3.96866021965e-21
974208.416834 3.94018554305e-21
976192.38477 3.91171086645e-21
978176.352705 3.88323618985e-21
980160.320641 3.85476151325e-21
982144.288577 3.82628683666e-21
984128.256513 3.79781216006e-21
986112.224449 3.76933748346e-21
988096.192385 3.74086280686e-21
990080.160321 3.71238813027e-21
992064.128257 3.68391345367e-21
994048.096192 3.65543877707e-21
996032.064128 3.62696410047e-21
998016.032064 3.59848942388e-21
1000000.0 3.57001474728e-21
1895735.65241 1e-300
3593813.6638 1e-300
6812920.69058 1e-300
12915496.6501 1e-300
24484367.4682 1e-300
46415888.3361 1e-300
87992254.3569 1e-300
166810053.72 1e-300
316227766.017 1e-300
