300.0 2.27595089121e-14
336.605536291 2.14950744182e-14
377.677623538 2.0218478382e-14
423.761263387 1.89348737474e-14
475.467957738 1.76287528788e-14
533.483823012 1.63379716917e-14
598.578694491 1.50737290588e-14
671.616341571 1.38463010479e-14
753.565929453 1.26627559062e-14
845.514879379 1.15258173425e-14
948.683298051 1.04354121296e-14
1064.4401677 9.40409396039e-15
1194.32151166 8.43346795066e-15
1340.05077645 7.52724839222e-15
1503.56170088 6.68715990292e-15
1687.02397557 5.91101719922e-15
1892.87203344 5.19353676449e-15
2123.83735315 4.54115102218e-15
2382.98470417 3.95096946842e-15
2673.7528144 3.42101494011e-15
3000.0 2.94836660942e-15
3366.05536291 2.52851545035e-15
3776.77623538 2.15628848991e-15
4237.61263387 1.83026110009e-15
4754.67957738 1.54626392833e-15
5334.83823012 1.30021369958e-15
5985.78694491 1.08816049559e-15
6716.16341571 9.06335114831e-16
7535.65929453 7.49994649216e-16
8455.14879379 6.17531597873e-16
9486.83298051 5.0576961088e-16
10644.401677 4.11932234939e-16
11943.2151166 3.33614087419e-16
13400.5077645 2.68723849272e-16
15035.6170088 2.1477326803e-16
16870.2397557 1.70496367892e-16
18928.7203344 1.34418599731e-16
21238.3735315 1.05196171033e-16
23829.8470417 8.16778951225e-17
26737.528144 6.29020645674e-17
30000.0 4.78992159114e-17
33660.5536291 3.60862436302e-17
37767.7623538 2.68905870208e-17
42376.1263387 1.98031485957e-17
47546.7957738 1.43981172238e-17
53348.3823012 1.03277015963e-17
59857.8694491 7.26970619869e-18
67161.6341571 5.03123557108e-18
75356.5929453 3.45249283658e-18
84551.4879379 2.34673599647e-18
94868.3298051 1.57365351585e-18
106444.01677 1.04035820526e-18
119432.151166 6.83973233917e-19
134005.077645 4.52704084556e-19
150356.170088 3.06034150293e-19
650124.706713 1e-300
1408873.78093 1e-300
3053145.51207 1e-300
6616417.76861 1e-300
14338322.2044 1e-300
31072325.0595 1e-300
67336287.3874 1e-300
145923280.296 1e-300
316227766.017 1e-300
