10000.0 1.08635687243e-22
210380.761523 8.42354681687e-24
410761.523046 5.57806573311e-24
611142.284569 4.55485726773e-24
811523.046092 4.00208653719e-24
1011903.80762 3.64612584844e-24
1212284.56914 3.38387783181e-24
1412665.33066 3.17245252717e-24
1613046.09218 3.00220075816e-24
1813426.85371 2.85210191271e-24
2013807.61523 2.72140593851e-24
2214188.37675 2.60875661472e-24
2414569.13828 2.50819541654e-24
2614949.8998 2.41525712203e-24
2815330.66132 2.32792432177e-24
3015711.42285 2.25138217565e-24
3216092.18437 2.17734512147e-24
3416472.94589 2.10967621072e-24
3616853.70741 2.04472410068e-24
3817234.46894 1.98497713493e-24
4017615.23046 1.92660129942e-24
4217995.99198 1.87437271401e-24
4418376.75351 1.8221441286e-24
4618757.51503 1.77523464775e-24
4819138.27655 1.73002182749e-24
5019519.03808 1.68502904681e-24
5219899.7996 1.64558233335e-24
5420280.56112 1.60613561988e-24
5620661.32265 1.56668890642e-24
5821042.08417 1.53200391113e-24
6021422.84569 1.49738522151e-24
6221803.60721 1.46276653189e-24
6422184.36874 1.43058733932e-24
6622565.13026 1.40030950987e-24
6822945.89178 1.37003168043e-24
7023326.65331 1.33975385099e-24
7223707.41483 1.31232179616e-24
7424088.17635 1.28599710488e-24
7624468.93788 1.2596724136e-24
7824849.6994 1.23334772232e-24
8025230.46092 1.20850183236e-24
8225611.22244 1.18579312833e-24
8425991.98397 1.1630844243e-24
8626372.74549 1.14037572027e-24
8826753.50701 1.11766701624e-24
9027134.26854 1.09667943862e-24
9227515.03006 1.07697951068e-24
9427895.79158 1.05727958275e-24
9628276.55311 1.03757965481e-24
9828657.31463 1.01787972687e-24
10029038.0762 9.98589425055e-25
10229418.8377 9.81716171752e-25
10429799.5992 9.64842918449e-25
10630180.3607 9.47969665147e-25
10830561.1222 9.31096411844e-25
11030941.8838 9.14223158541e-25
11231322.6453 8.9748756327e-25
11431703.4068 8.83090855843e-25
11632084.1683 8.68694148416e-25
11832464.9299 8.5429744099e-25
12032845.6914 8.39900733563e-25
12233226.4529 8.25504026136e-25
12433607.2144 8.11107318709e-25
12633987.976 7.97172470082e-25
12834368.7375 7.84844612117e-25
13034749.499 7.72516754151e-25
13235130.2605 7.60188896185e-25
13435511.022 7.4786103822e-25
13635891.7836 7.35533180254e-25
13836272.5451 7.23205322289e-25
14036653.3066 7.10877464323e-25
14237034.0681 6.99621727124e-25
14437414.8297 6.8921787979e-25
14637795.5912 6.78814032456e-25
14838176.3527 6.68410185122e-25
15038557.1142 6.58006337788e-25
15238937.8758 6.47602490453e-25
15439318.6373 6.37198643119e-25
15639699.3988 6.26794795785e-25
15840080.1603 6.16390948451e-25
16040460.9218 6.07640274395e-25
16240841.6834 5.98966003914e-25
16441222.4449 5.90291733433e-25
16641603.2064 5.81617462953e-25
16841983.9679 5.72943192472e-25
17042364.7295 5.64268921991e-25
17242745.491 5.5559465151e-25
17443126.2525 5.4692038103e-25
17643507.014 5.38246110549e-25
17843887.7756 5.30003605335e-25
18044268.5371 5.22745479044e-25
18244649.2986 5.15487352753e-25
18445030.0601 5.08229226461e-25
18645410.8216 5.0097110017e-25
18845791.5832 4.93712973878e-25
19046172.3447 4.86454847587e-25
19246553.1062 4.79196721295e-25
19446933.8677 4.71938595004e-25
19647314.6293 4.64680468712e-25
19847695.3908 4.57422342421e-25
20048076.1523 4.50784188946e-25
20248456.9138 4.44827547382e-25
20448837.6754 4.38870905817e-25
20649218.4369 4.32914264253e-25
20849599.1984 4.26957622689e-25
21049979.9599 4.21000981124e-25
21250360.7214 4.1504433956e-25
21450741.483 4.09087697996e-25
21651122.2445 4.03131056432e-25
21851503.006 3.97174414867e-25
22051883.7675 3.91217773303e-25
22252264.5291 3.85261131739e-25
22452645.2906 3.79679140539e-25
22653026.0521 3.74869805182e-25
22853406.8136 3.70060469825e-25
23053787.5752 3.65251134468e-25
23254168.3367 3.60441799111e-25
23454549.0982 3.55632463754e-25
23654929.8597 3.50823128397e-25
23855310.6212 3.4601379304e-25
24055691.3828 3.41204457683e-25
24256072.1443 3.36395122326e-25
24456452.9058 3.31585786969e-25
24656833.6673 3.26776451613e-25
24857214.4289 3.21967116256e-25
25057595.1904 3.17157780899e-25
25257975.9519 3.13002943002e-25
25458356.7134 3.09136366298e-25
25658737.4749 3.05269789595e-25
25859118.2365 3.01403212891e-25
26059498.998 2.97536636188e-25
26259879.7595 2.93670059484e-25
26460260.521 2.89803482781e-25
26660641.2826 2.85936906077e-25
26861022.0441 2.82070329374e-25
27061402.8056 2.7820375267e-25
27261783.5671 2.74337175967e-25
27462164.3287 2.70470599263e-25
27662545.0902 2.6660402256e-25
27862925.8517 2.62737445857e-25
28063306.6132 2.58870869153e-25
28263687.3747 2.55332686807e-25
28464068.1363 2.52290120976e-25
28664448.8978 2.49247555145e-25
28864829.6593 2.46204989314e-25
29065210.4208 2.43162423483e-25
29265591.1824 2.40119857652e-25
29465971.9439 2.37077291822e-25
29666352.7054 2.34034725991e-25
29866733.4669 2.3099216016e-25
30067114.2285 2.27949594329e-25
30267494.99 2.24907028498e-25
30467875.7515 2.21864462667e-25
30668256.513 2.18821896836e-25
30868637.2745 2.15779331005e-25
31069018.0361 2.12736765174e-25
31269398.7976 2.09694199343e-25
31469779.5591 2.06651633512e-25
31670160.3206 2.03774399246e-25
31870541.0822 2.01431003203e-25
32070921.8437 1.9908760716e-25
32271302.6052 1.96744211117e-25
32471683.3667 1.94400815075e-25
32672064.1283 1.92057419032e-25
32872444.8898 1.89714022989e-25
33072825.6513 1.87370626946e-25
33273206.4128 1.85027230903e-25
33473587.1743 1.82683834861e-25
33673967.9359 1.80340438818e-25
33874348.6974 1.77997042775e-25
34074729.4589 1.75653646732e-25
34275110.2204 1.73310250689e-25
34475490.982 1.70966854647e-25
34675871.7435 1.68623458604e-25
34876252.505 1.66280062561e-25
35076633.2665 1.63936666518e-25
35277014.0281 1.61593270476e-25
35477394.7896 1.59249874433e-25
35677775.5511 1.57448375988e-25
35878156.3126 1.55657757982e-25
36078537.0741 1.53867139975e-25
36278917.8357 1.52076521969e-25
36479298.5972 1.50285903963e-25
36679679.3587 1.48495285957e-25
36880060.1202 1.4670466795e-25
37080440.8818 1.44914049944e-25
37280821.6433 1.43123431938e-25
37481202.4048 1.41332813931e-25
37681583.1663 1.39542195925e-25
37881963.9279 1.37751577919e-25
38082344.6894 1.35960959912e-25
38282725.4509 1.34170341906e-25
38483106.2124 1.323797239e-25
38683486.9739 1.30589105893e-25
38883867.7355 1.28798487887e-25
39084248.497 1.27007869881e-25
39284629.2585 1.25217251874e-25
39485010.02 1.23426633868e-25
39685390.7816 1.21636015862e-25
39885771.5431 1.20024244256e-25
40086152.3046 1.18711111063e-25
40286533.0661 1.17397977869e-25
40486913.8277 1.16084844676e-25
40687294.5892 1.14771711482e-25
40887675.3507 1.13458578288e-25
41088056.1122 1.12145445095e-25
41288436.8737 1.10832311901e-25
41488817.6353 1.09519178708e-25
41689198.3968 1.08206045514e-25
41889579.1583 1.06892912321e-25
42089959.9198 1.05579779127e-25
42290340.6814 1.04266645933e-25
42490721.4429 1.0295351274e-25
42691102.2044 1.01640379546e-25
42891482.9659 1.00327246353e-25
43091863.7275 9.9014113159e-26
43292244.489 9.77009799654e-26
43492625.2505 9.63878467718e-26
43693006.012 9.50747135782e-26
43893386.7735 9.37615803846e-26
44093767.5351 9.2448447191e-26
44294148.2966 9.11353139975e-26
44494529.0581 8.98221808039e-26
44694909.8196 8.85588498941e-26
44895290.5812 8.76215808184e-26
45095671.3427 8.66843117427e-26
45296052.1042 8.5747042667e-26
45496432.8657 8.48097735913e-26
45696813.6273 8.38725045156e-26
45897194.3888 8.29352354399e-26
46097575.1503 8.19979663642e-26
46297955.9118 8.10606972886e-26
46498336.6733 8.01234282129e-26
46698717.4349 7.91861591372e-26
46899098.1964 7.82488900615e-26
47099478.9579 7.73116209858e-26
47299859.7194 7.63743519101e-26
47500240.481 7.54370828344e-26
47700621.2425 7.44998137587e-26
47901002.004 7.3562544683e-26
48101382.7655 7.26252756073e-26
48301763.5271 7.16880065316e-26
48502144.2886 7.0750737456e-26
48702525.0501 6.98134683803e-26
48902905.8116 6.88761993046e-26
49103286.5731 6.79389302289e-26
49303667.3347 6.70016611532e-26
49504048.0962 6.60643920775e-26
49704428.8577 6.51271230018e-26
49904809.6192 6.41898539261e-26
50105190.3808 6.32525848504e-26
50305571.1423 6.25799595421e-26
50505951.9038 6.19265018115e-26
50706332.6653 6.12730440809e-26
50906713.4269 6.06195863502e-26
51107094.1884 5.99661286196e-26
51307474.9499 5.9312670889e-26
51507855.7114 5.86592131584e-26
51708236.4729 5.80057554278e-26
51908617.2345 5.73522976971e-26
52108997.996 5.66988399665e-26
52309378.7575 5.60453822359e-26
52509759.519 5.53919245053e-26
52710140.2806 5.47384667747e-26
52910521.0421 5.4085009044e-26
53110901.8036 5.34315513134e-26
53311282.5651 5.27780935828e-26
53511663.3267 5.21246358522e-26
53712044.0882 5.14711781215e-26
53912424.8497 5.08177203909e-26
54112805.6112 5.01642626603e-26
54313186.3727 4.95108049297e-26
54513567.1343 4.88573471991e-26
54713947.8958 4.82038894684e-26
54914328.6573 4.75504317378e-26
55114709.4188 4.68969740072e-26
55315090.1804 4.62435162766e-26
55515470.9419 4.5590058546e-26
55715851.7034 4.49366008153e-26
55916232.4649 4.42831430847e-26
56116613.2265 4.36296853541e-26
56316993.988 4.30692631294e-26
56517374.7495 4.26407896496e-26
56717755.511 4.22123161699e-26
56918136.2725 4.17838426902e-26
57118517.0341 4.13553692105e-26
57318897.7956 4.09268957308e-26
57519278.5571 4.04984222511e-26
57719659.3186 4.00699487714e-26
57920040.0802 3.96414752916e-26
58120420.8417 3.92130018119e-26
58320801.6032 3.87845283322e-26
58521182.3647 3.83560548525e-26
58721563.1263 3.79275813728e-26
58921943.8878 3.74991078931e-26
59122324.6493 3.70706344134e-26
59322705.4108 3.66421609336e-26
59523086.1723 3.62136874539e-26
59723466.9339 3.57852139742e-26
59923847.6954 3.53567404945e-26
60124228.4569 3.49282670148e-26
60324609.2184 3.44997935351e-26
60524989.98 3.40713200554e-26
60725370.7415 3.36428465757e-26
60925751.503 3.32143730959e-26
61126132.2645 3.27858996162e-26
61326513.0261 3.23574261365e-26
61526893.7876 3.19289526568e-26
61727274.5491 3.15004791771e-26
61927655.3106 3.10720056974e-26
62128036.0721 3.06435322177e-26
62328416.8337 3.02150587379e-26
62528797.5952 2.97865852582e-26
62729178.3567 2.93581117785e-26
62929559.1182 2.89296382988e-26
63129939.8798 2.85290199997e-26
63330320.6413 2.8263726519e-26
63530701.4028 2.79984330382e-26
63731082.1643 2.77331395574e-26
63931462.9259 2.74678460766e-26
64131843.6874 2.72025525959e-26
64332224.4489 2.69372591151e-26
64532605.2104 2.66719656343e-26
64732985.9719 2.64066721535e-26
64933366.7335 2.61413786728e-26
65133747.495 2.5876085192e-26
65334128.2565 2.56107917112e-26
65534509.018 2.53454982304e-26
65734889.7796 2.50802047496e-26
65935270.5411 2.48149112689e-26
66135651.3026 2.45496177881e-26
66336032.0641 2.42843243073e-26
66536412.8257 2.40190308265e-26
66736793.5872 2.37537373458e-26
66937174.3487 2.3488443865e-26
67137555.1102 2.32231503842e-26
67337935.8717 2.29578569034e-26
67538316.6333 2.26925634226e-26
67738697.3948 2.24272699419e-26
67939078.1563 2.21619764611e-26
68139458.9178 2.18966829803e-26
68339839.6794 2.16313894995e-26
68540220.4409 2.13660960188e-26
68740601.2024 2.1100802538e-26
68940981.9639 2.08355090572e-26
69141362.7255 2.05702155764e-26
69341743.487 2.03049220956e-26
69542124.2485 2.00396286149e-26
69742505.01 1.97743351341e-26
69942885.7715 1.95090416533e-26
70143266.5331 1.92437481725e-26
70343647.2946 1.89784546918e-26
70544028.0561 1.8713161211e-26
70744408.8176 1.84478677302e-26
70944789.5792 1.82674083964e-26
71145170.3407 1.81152831593e-26
71345551.1022 1.79631579222e-26
71545931.8637 1.78110326851e-26
71746312.6253 1.7658907448e-26
71946693.3868 1.75067822109e-26
72147074.1483 1.73546569738e-26
72347454.9098 1.72025317367e-26
72547835.6713 1.70504064996e-26
72748216.4329 1.68982812625e-26
72948597.1944 1.67461560254e-26
73148977.9559 1.65940307883e-26
73349358.7174 1.64419055512e-26
73549739.479 1.62897803141e-26
73750120.2405 1.6137655077e-26
73950501.002 1.59855298399e-26
74150881.7635 1.58334046028e-26
74351262.5251 1.56812793657e-26
74551643.2866 1.55291541286e-26
74752024.0481 1.53770288915e-26
74952404.8096 1.52249036543e-26
75152785.5711 1.50727784172e-26
75353166.3327 1.49206531801e-26
75553547.0942 1.4768527943e-26
75753927.8557 1.46164027059e-26
75954308.6172 1.44642774688e-26
76154689.3788 1.43121522317e-26
76355070.1403 1.41600269946e-26
76555450.9018 1.40079017575e-26
76755831.6633 1.38557765204e-26
76956212.4248 1.37036512833e-26
77156593.1864 1.35515260462e-26
77356973.9479 1.33994008091e-26
77557354.7094 1.3247275572e-26
77757735.4709 1.30951503349e-26
77958116.2325 1.29430250978e-26
78158496.994 1.27908998607e-26
78358877.7555 1.26387746236e-26
78559258.517 1.24866493865e-26
78759639.2786 1.23345241494e-26
78960020.0401 1.21823989123e-26
79160400.8016 1.20302736752e-26
79360781.5631 1.18781484381e-26
79561162.3246 1.17729759701e-26
79761543.0862 1.16941600347e-26
79961923.8477 1.16153440994e-26
80162304.6092 1.1536528164e-26
80362685.3707 1.14577122286e-26
80563066.1323 1.13788962932e-26
80763446.8938 1.13000803578e-26
80963827.6553 1.12212644224e-26
81164208.4168 1.11424484871e-26
81364589.1784 1.10636325517e-26
81564969.9399 1.09848166163e-26
81765350.7014 1.09060006809e-26
81965731.4629 1.08271847455e-26
82166112.2244 1.07483688101e-26
82366492.986 1.06695528748e-26
82566873.7475 1.05907369394e-26
82767254.509 1.0511921004e-26
82967635.2705 1.04331050686e-26
83168016.0321 1.03542891332e-26
83368396.7936 1.02754731978e-26
83568777.5551 1.01966572625e-26
83769158.3166 1.01178413271e-26
83969539.0782 1.00390253917e-26
84169919.8397 9.96020945631e-27
84370300.6012 9.88139352092e-27
84570681.3627 9.80257758554e-27
84771062.1242 9.72376165016e-27
84971442.8858 9.64494571477e-27
85171823.6473 9.56612977939e-27
85372204.4088 9.48731384401e-27
85572585.1703 9.40849790862e-27
85772965.9319 9.32968197324e-27
85973346.6934 9.25086603785e-27
86173727.4549 9.17205010247e-27
86374108.2164 9.09323416709e-27
86574488.978 9.0144182317e-27
86774869.7395 8.93560229632e-27
86975250.501 8.85678636094e-27
87175631.2625 8.77797042555e-27
87376012.024 8.69915449017e-27
87576392.7856 8.62033855479e-27
87776773.5471 8.5415226194e-27
87977154.3086 8.46270668402e-27
88177535.0701 8.38389074864e-27
88377915.8317 8.30507481325e-27
88578296.5932 8.22625887787e-27
88778677.3547 8.14744294249e-27
88979058.1162 8.0686270071e-27
89179438.8778 8.00149441314e-27
89379819.6393 7.96575721689e-27
89580200.4008 7.93002002064e-27
89780581.1623 7.89428282439e-27
89980961.9238 7.85854562814e-27
90181342.6854 7.82280843189e-27
90381723.4469 7.78707123564e-27
90582104.2084 7.75133403939e-27
90782484.9699 7.71559684314e-27
90982865.7315 7.67985964689e-27
91183246.493 7.64412245064e-27
91383627.2545 7.60838525439e-27
91584008.016 7.57264805814e-27
91784388.7776 7.53691086189e-27
91984769.5391 7.50117366564e-27
92185150.3006 7.46543646939e-27
92385531.0621 7.42969927314e-27
92585911.8236 7.39396207689e-27
92786292.5852 7.35822488064e-27
92986673.3467 7.32248768439e-27
93187054.1082 7.28675048814e-27
93387434.8697 7.25101329189e-27
93587815.6313 7.21527609564e-27
93788196.3928 7.17953889939e-27
93988577.1543 7.14380170314e-27
94188957.9158 7.10806450689e-27
94389338.6774 7.07232731064e-27
94589719.4389 7.03659011438e-27
94790100.2004 7.00085291813e-27
94990480.9619 6.96511572188e-27
95190861.7234 6.92937852563e-27
95391242.485 6.89364132938e-27
95591623.2465 6.85790413313e-27
95792004.008 6.82216693688e-27
95992384.7695 6.78642974063e-27
96192765.5311 6.75069254438e-27
96393146.2926 6.71495534813e-27
96593527.0541 6.67921815188e-27
96793907.8156 6.64348095563e-27
96994288.5772 6.60774375938e-27
97194669.3387 6.57200656313e-27
97395050.1002 6.53626936688e-27
97595430.8617 6.50053217063e-27
97795811.6232 6.46479497438e-27
97996192.3848 6.42905777813e-27
98196573.1463 6.39332058188e-27
98396953.9078 6.35758338563e-27
98597334.6693 6.32184618938e-27
98797715.4309 6.28610899313e-27
98998096.1924 6.25037179688e-27
99198476.9539 6.21463460063e-27
99398857.7154 6.17889740438e-27
99599238.477 6.14316020813e-27
99799619.2385 6.10742301188e-27
100000000.0 6.07168581563e-27
113646366.639 1e-300
129154966.501 1e-300
146779926.762 1e-300
166810053.72 1e-300
189573565.241 1e-300
215443469.003 1e-300
244843674.682 1e-300
278255940.221 1e-300
316227766.017 1e-300
