10023.7446725 2.80444681956e-17
10404.4586111 2.71212308232e-17
10785.1725496 2.61979934508e-17
11165.8864881 2.52747560784e-17
11546.6004267 2.45001418785e-17
11927.3143652 2.37656564591e-17
12308.0283037 2.30311710396e-17
12688.7422423 2.23218925161e-17
13069.4561808 2.17252987271e-17
13450.1701193 2.11287049381e-17
13830.8840579 2.05321111492e-17
14211.5979964 1.99524835464e-17
14592.3119349 1.94784975879e-17
14973.0258735 1.90045116293e-17
15353.739812 1.85305256708e-17
15734.4537505 1.80565397122e-17
16115.1676891 1.76390915989e-17
16495.8816276 1.72592633997e-17
16876.5955661 1.68794352004e-17
17257.3095047 1.64996070012e-17
17638.0234432 1.6119778802e-17
18018.7373817 1.57746231466e-17
18399.4513202 1.54629366717e-17
18780.1652588 1.51512501968e-17
19160.8791973 1.48395637219e-17
19541.5931358 1.4527877247e-17
19922.3070744 1.42161907721e-17
20303.0210129 1.39539214328e-17
20683.7349514 1.37043223759e-17
21064.44889 1.34547233191e-17
21445.1628285 1.32051242622e-17
21825.876767 1.29555252054e-17
22206.5907056 1.27059261485e-17
22587.3046441 1.24764452187e-17
22968.0185826 1.22789727638e-17
23348.7325212 1.2081500309e-17
23729.4464597 1.18840278542e-17
24110.1603982 1.16865553994e-17
24490.8743368 1.14890829446e-17
24871.5882753 1.12916104897e-17
25252.3022138 1.11018810277e-17
25633.0161524 1.09443558064e-17
26013.7300909 1.07868305852e-17
26394.4440294 1.06293053639e-17
26775.157968 1.04717801427e-17
27155.8719065 1.03142549214e-17
27536.585845 1.01567297002e-17
27917.2997835 9.99920447891e-18
28298.0137221 9.84519760025e-18
28678.7276606 9.71601351041e-18
29059.4415991 9.58682942057e-18
29440.1555377 9.45764533074e-18
29820.8694762 9.3284612409e-18
30201.5834147 9.19927715106e-18
30582.2973533 9.07009306122e-18
30963.0112918 8.94090897138e-18
31343.7252303 8.81172488154e-18
31724.4391689 8.68440600926e-18
32105.1531074 8.58194273912e-18
32485.8670459 8.47947946898e-18
32866.5809845 8.37701619883e-18
33247.294923 8.27455292869e-18
33628.0088615 8.17208965854e-18
34008.7228001 8.0696263884e-18
34389.4367386 7.96716311825e-18
34770.1506771 7.86469984811e-18
35150.8646157 7.76223657796e-18
35531.5785542 7.65977330782e-18
35912.2924927 7.57650238208e-18
36293.0064313 7.49511411216e-18
36673.7203698 7.41372584223e-18
37054.4343083 7.33233757231e-18
37435.1482468 7.25094930239e-18
37815.8621854 7.16956103246e-18
38196.5761239 7.08817276254e-18
38577.2900624 7.00678449262e-18
38958.004001 6.92539622269e-18
39338.7179395 6.84400795277e-18
39719.431878 6.76261968284e-18
40100.1458166 6.68982333974e-18
40480.8597551 6.62521841719e-18
40861.5736936 6.56061349464e-18
41242.2876322 6.49600857209e-18
41623.0015707 6.43140364954e-18
42003.7155092 6.36679872699e-18
42384.4294478 6.30219380444e-18
42765.1433863 6.23758888189e-18
43145.8573248 6.17298395934e-18
43526.5712634 6.10837903679e-18
43907.2852019 6.04377411423e-18
44287.9991404 5.97916919168e-18
44668.713079 5.91456426913e-18
45049.4270175 5.85925197396e-18
45430.140956 5.8075116992e-18
45810.8548946 5.75577142444e-18
46191.5688331 5.70403114968e-18
46572.2827716 5.65229087492e-18
46952.9967101 5.60055060016e-18
47333.7106487 5.5488103254e-18
47714.4245872 5.49707005064e-18
48095.1385257 5.44532977589e-18
48475.8524643 5.39358950113e-18
48856.5664028 5.34184922637e-18
49237.2803413 5.29010895161e-18
49617.9942799 5.23836867685e-18
49998.7082184 5.18662840209e-18
50379.4221569 5.13864159096e-18
50760.1360955 5.0969864341e-18
51140.850034 5.05533127724e-18
51521.5639725 5.01367612038e-18
51902.2779111 4.97202096352e-18
52282.9918496 4.93036580666e-18
52663.7057881 4.88871064979e-18
53044.4197267 4.84705549293e-18
53425.1336652 4.80540033607e-18
53805.8476037 4.76374517921e-18
54186.5615423 4.72209002235e-18
54567.2754808 4.68043486549e-18
54947.9894193 4.63877970863e-18
55328.7033579 4.59712455176e-18
55709.4172964 4.5554693949e-18
56090.1312349 4.51381423804e-18
56470.8451734 4.47437452329e-18
56851.559112 4.44089339401e-18
57232.2730505 4.40741226472e-18
57612.986989 4.37393113544e-18
57993.7009276 4.34045000616e-18
58374.4148661 4.30696887688e-18
58755.1288046 4.2734877476e-18
59135.8427432 4.24000661832e-18
59516.5566817 4.20652548903e-18
59897.2706202 4.17304435975e-18
60277.9845588 4.13956323047e-18
60658.6984973 4.10608210119e-18
61039.4124358 4.07260097191e-18
61420.1263744 4.03911984263e-18
61800.8403129 4.00563871334e-18
62181.5542514 3.97215758406e-18
62562.26819 3.93867645478e-18
62942.9821285 3.9051953255e-18
63323.696067 3.87316738979e-18
63704.4100056 3.84676625505e-18
64085.1239441 3.82036512031e-18
64465.8378826 3.79396398557e-18
64846.5518211 3.76756285083e-18
65227.2657597 3.74116171609e-18
65607.9796982 3.71476058135e-18
65988.6936367 3.68835944661e-18
66369.4075753 3.66195831187e-18
66750.1215138 3.63555717713e-18
67130.8354523 3.6091560424e-18
67511.5493909 3.58275490766e-18
67892.2633294 3.55635377292e-18
68272.9772679 3.52995263818e-18
68653.6912065 3.50355150344e-18
69034.405145 3.4771503687e-18
69415.1190835 3.45074923396e-18
69795.8330221 3.42434809922e-18
70176.5469606 3.39794696448e-18
70557.2608991 3.37154582974e-18
70937.9748377 3.345144695e-18
71318.6887762 3.3239792223e-18
71699.4027147 3.30317704352e-18
72080.1166533 3.28237486474e-18
72460.8305918 3.26157268596e-18
72841.5445303 3.24077050718e-18
73222.2584689 3.2199683284e-18
73602.9724074 3.19916614961e-18
73983.6863459 3.17836397083e-18
74364.4002844 3.15756179205e-18
74745.114223 3.13675961327e-18
75125.8281615 3.11595743449e-18
75506.5421 3.09515525571e-18
75887.2560386 3.07435307693e-18
76267.9699771 3.05355089815e-18
76648.6839156 3.03274871937e-18
77029.3978542 3.01194654059e-18
77410.1117927 2.99114436181e-18
77790.8257312 2.97034218303e-18
78171.5396698 2.94954000424e-18
78552.2536083 2.92873782546e-18
78932.9675468 2.90793564668e-18
79313.6814854 2.8871334679e-18
79694.3954239 2.86719782651e-18
80075.1093624 2.8509172613e-18
80455.823301 2.83463669609e-18
80836.5372395 2.81835613088e-18
81217.251178 2.80207556567e-18
81597.9651166 2.78579500046e-18
81978.6790551 2.76951443524e-18
82359.3929936 2.75323387003e-18
82740.1069322 2.73695330482e-18
83120.8208707 2.72067273961e-18
83501.5348092 2.7043921744e-18
83882.2487477 2.68811160919e-18
84262.9626863 2.67183104398e-18
84643.6766248 2.65555047876e-18
85024.3905633 2.63926991355e-18
85405.1045019 2.62298934834e-18
85785.8184404 2.60670878313e-18
86166.5323789 2.59042821792e-18
86547.2463175 2.57414765271e-18
86927.960256 2.55786708749e-18
87308.6741945 2.54158652228e-18
87689.3881331 2.52530595707e-18
88070.1020716 2.50902539186e-18
88450.8160101 2.49274482665e-18
88831.5299487 2.47646426144e-18
89212.2438872 2.46018369622e-18
89592.9578257 2.44614267461e-18
89973.6717643 2.43318956599e-18
90354.3857028 2.42023645736e-18
90735.0996413 2.40728334874e-18
91115.8135799 2.39433024011e-18
91496.5275184 2.38137713149e-18
91877.2414569 2.36842402286e-18
92257.9553955 2.35547091424e-18
92638.669334 2.34251780561e-18
93019.3832725 2.32956469699e-18
93400.097211 2.31661158836e-18
93780.8111496 2.30365847974e-18
94161.5250881 2.29070537111e-18
94542.2390266 2.27775226248e-18
94922.9529652 2.26479915386e-18
95303.6669037 2.25184604523e-18
95684.3808422 2.23889293661e-18
96065.0947808 2.22593982798e-18
96445.8087193 2.21298671936e-18
96826.5226578 2.20003361073e-18
97207.2365964 2.18708050211e-18
97587.9505349 2.17412739348e-18
97968.6644734 2.16117428486e-18
98349.378412 2.14822117623e-18
98730.0923505 2.13526806761e-18
99110.806289 2.12231495898e-18
99491.5202276 2.10936185036e-18
99872.2341661 2.09640874173e-18
100252.948105 2.08357714224e-18
100633.662043 2.07360829841e-18
101014.375982 2.06363945459e-18
101395.08992 2.05367061076e-18
101775.803859 2.04370176694e-18
102156.517797 2.03373292311e-18
102537.231736 2.02376407929e-18
102917.945674 2.01379523546e-18
103298.659613 2.00382639164e-18
103679.373551 1.99385754781e-18
104060.08749 1.98388870399e-18
104440.801428 1.97391986016e-18
104821.515367 1.96395101634e-18
105202.229306 1.95398217251e-18
105582.943244 1.94401332869e-18
105963.657183 1.93404448486e-18
106344.371121 1.92407564104e-18
106725.08506 1.91410679721e-18
107105.798998 1.90413795339e-18
107486.512937 1.89416910956e-18
107867.226875 1.88420026574e-18
108247.940814 1.87423142191e-18
108628.654752 1.86426257809e-18
109009.368691 1.85429373426e-18
109390.082629 1.84432489044e-18
109770.796568 1.83435604661e-18
110151.510506 1.82438720279e-18
110532.224445 1.81441835896e-18
110912.938384 1.80444951514e-18
111293.652322 1.79448067131e-18
111674.366261 1.78451182749e-18
112055.080199 1.77454298366e-18
112435.794138 1.76457413983e-18
112816.508076 1.75676779765e-18
113197.222015 1.74916309158e-18
113577.935953 1.74155838551e-18
113958.649892 1.73395367945e-18
114339.36383 1.72634897338e-18
114720.077769 1.71874426731e-18
115100.791707 1.71113956125e-18
115481.505646 1.70353485518e-18
115862.219584 1.69593014911e-18
116242.933523 1.68832544305e-18
116623.647461 1.68072073698e-18
117004.3614 1.67311603091e-18
117385.075339 1.66551132485e-18
117765.789277 1.65790661878e-18
118146.503216 1.65030191271e-18
118527.217154 1.64269720664e-18
118907.931093 1.63509250058e-18
119288.645031 1.62748779451e-18
119669.35897 1.61988308844e-18
120050.072908 1.61227838238e-18
120430.786847 1.60467367631e-18
120811.500785 1.59706897024e-18
121192.214724 1.58946426418e-18
121572.928662 1.58185955811e-18
121953.642601 1.57425485204e-18
122334.356539 1.56665014598e-18
122715.070478 1.55904543991e-18
123095.784417 1.55144073384e-18
123476.498355 1.54383602778e-18
123857.212294 1.53623132171e-18
124237.926232 1.52862661564e-18
124618.640171 1.52102190958e-18
124999.354109 1.51341720351e-18
125380.068048 1.50581249744e-18
125760.781986 1.49820779138e-18
126141.495925 1.49060308531e-18
126522.209863 1.48451225495e-18
126902.923802 1.47865016212e-18
127283.63774 1.47278806928e-18
127664.351679 1.46692597644e-18
128045.065617 1.4610638836e-18
128425.779556 1.45520179077e-18
128806.493495 1.44933969793e-18
129187.207433 1.44347760509e-18
129567.921372 1.43761551225e-18
129948.63531 1.43175341942e-18
130329.349249 1.42589132658e-18
130710.063187 1.42002923374e-18
131090.777126 1.4141671409e-18
131471.491064 1.40830504806e-18
131852.205003 1.40244295523e-18
132232.918941 1.39658086239e-18
132613.63288 1.39071876955e-18
132994.346818 1.38485667671e-18
133375.060757 1.37899458388e-18
133755.774695 1.37313249104e-18
134136.488634 1.3672703982e-18
134517.202573 1.36140830536e-18
134897.916511 1.35554621253e-18
135278.63045 1.34968411969e-18
135659.344388 1.34382202685e-18
136040.058327 1.33795993401e-18
136420.772265 1.33209784118e-18
136801.486204 1.32623574834e-18
137182.200142 1.3203736555e-18
137562.914081 1.31451156266e-18
137943.628019 1.30864946982e-18
138324.341958 1.30278737699e-18
138705.055896 1.29692528415e-18
139085.769835 1.29106319131e-18
139466.483773 1.28520109847e-18
139847.197712 1.27933900564e-18
140227.91165 1.2734769128e-18
140608.625589 1.26761481996e-18
140989.339528 1.26175272712e-18
141370.053466 1.25589063429e-18
141750.767405 1.25059153576e-18
142131.481343 1.24605571655e-18
142512.195282 1.24151989733e-18
142892.90922 1.23698407812e-18
143273.623159 1.23244825891e-18
143654.337097 1.2279124397e-18
144035.051036 1.22337662049e-18
144415.764974 1.21884080127e-18
144796.478913 1.21430498206e-18
145177.192851 1.20976916285e-18
145557.90679 1.20523334364e-18
145938.620728 1.20069752443e-18
146319.334667 1.19616170521e-18
146700.048606 1.191625886e-18
147080.762544 1.18709006679e-18
147461.476483 1.18255424758e-18
147842.190421 1.17801842837e-18
148222.90436 1.17348260915e-18
148603.618298 1.16894678994e-18
148984.332237 1.16441097073e-18
149365.046175 1.15987515152e-18
149745.760114 1.15533933231e-18
150126.474052 1.1508035131e-18
150507.187991 1.14626769388e-18
150887.901929 1.14173187467e-18
151268.615868 1.13719605546e-18
151649.329806 1.13266023625e-18
152030.043745 1.12812441704e-18
152410.757684 1.12358859782e-18
152791.471622 1.11905277861e-18
153172.185561 1.1145169594e-18
153552.899499 1.10998114019e-18
153933.613438 1.10544532098e-18
154314.327376 1.10090950176e-18
154695.041315 1.09637368255e-18
155075.755253 1.09183786334e-18
155456.469192 1.08730204413e-18
155837.18313 1.08276622492e-18
156217.897069 1.07823040571e-18
156598.611007 1.07369458649e-18
156979.324946 1.06915876728e-18
157360.038884 1.06462294807e-18
157740.752823 1.06008712886e-18
158121.466761 1.05555130965e-18
158502.1807 1.05101549043e-18
158882.894639 1.04653019864e-18
159263.608577 1.0431096875e-18
159644.322516 1.03968917637e-18
160025.036454 1.03626866523e-18
160405.750393 1.0328481541e-18
160786.464331 1.02942764296e-18
161167.17827 1.02600713183e-18
161547.892208 1.02258662069e-18
161928.606147 1.01916610955e-18
162309.320085 1.01574559842e-18
162690.034024 1.01232508728e-18
163070.747962 1.00890457615e-18
163451.461901 1.00548406501e-18
163832.175839 1.00206355388e-18
164212.889778 9.9864304274e-19
164593.603717 9.95222531605e-19
164974.317655 9.91802020469e-19
165355.031594 9.88381509334e-19
165735.745532 9.84960998198e-19
166116.459471 9.81540487062e-19
166497.173409 9.78119975927e-19
166877.887348 9.74699464791e-19
167258.601286 9.71278953655e-19
167639.315225 9.6785844252e-19
168020.029163 9.64437931384e-19
168400.743102 9.61017420248e-19
168781.45704 9.57596909113e-19
169162.170979 9.54176397977e-19
169542.884917 9.50755886841e-19
169923.598856 9.47335375706e-19
170304.312795 9.4391486457e-19
170685.026733 9.40494353435e-19
171065.740672 9.37073842299e-19
171446.45461 9.33653331163e-19
171827.168549 9.30232820028e-19
172207.882487 9.26812308892e-19
172588.596426 9.23391797756e-19
172969.310364 9.19971286621e-19
173350.024303 9.16550775485e-19
173730.738241 9.13130264349e-19
174111.45218 9.09709753214e-19
174492.166118 9.06289242078e-19
174872.880057 9.02868730942e-19
175253.593995 8.99448219807e-19
175634.307934 8.96027708671e-19
176015.021872 8.92607197536e-19
176395.735811 8.891866864e-19
176776.44975 8.85766175264e-19
177157.163688 8.82345664129e-19
177537.877627 8.78925152993e-19
177918.591565 8.75504641857e-19
178299.305504 8.72223985861e-19
178680.019442 8.69887495536e-19
179060.733381 8.67551005211e-19
179441.447319 8.65214514886e-19
179822.161258 8.62878024561e-19
180202.875196 8.60541534236e-19
180583.589135 8.58205043911e-19
180964.303073 8.55868553586e-19
181345.017012 8.53532063261e-19
181725.73095 8.51195572936e-19
182106.444889 8.48859082611e-19
182487.158828 8.46522592286e-19
182867.872766 8.44186101961e-19
183248.586705 8.41849611636e-19
183629.300643 8.39513121311e-19
184010.014582 8.37176630986e-19
184390.72852 8.34840140661e-19
184771.442459 8.32503650336e-19
185152.156397 8.30167160011e-19
185532.870336 8.27830669686e-19
185913.584274 8.25494179361e-19
186294.298213 8.23157689036e-19
186675.012151 8.20821198711e-19
187055.72609 8.18484708386e-19
187436.440028 8.16148218061e-19
187817.153967 8.13811727736e-19
188197.867906 8.11475237411e-19
188578.581844 8.09138747087e-19
188959.295783 8.06802256762e-19
189340.009721 8.04465766437e-19
189720.72366 8.02129276112e-19
190101.437598 7.99792785787e-19
190482.151537 7.97456295462e-19
190862.865475 7.95119805137e-19
191243.579414 7.92783314812e-19
191624.293352 7.90446824487e-19
192005.007291 7.88110334162e-19
192385.721229 7.85773843837e-19
192766.435168 7.83437353512e-19
193147.149106 7.81100863187e-19
193527.863045 7.78764372862e-19
193908.576983 7.76427882537e-19
194289.290922 7.74091392212e-19
194670.004861 7.71754901887e-19
195050.718799 7.69418411562e-19
195431.432738 7.67081921237e-19
195812.146676 7.64745430912e-19
196192.860615 7.62408940587e-19
196573.574553 7.60072450262e-19
196954.288492 7.57735959937e-19
197335.00243 7.55399469612e-19
197715.716369 7.53062979287e-19
198096.430307 7.50726488962e-19
198477.144246 7.48389998637e-19
198857.858184 7.46053508312e-19
199238.572123 7.43717017987e-19
199619.286061 7.41380527662e-19
200000.0 7.39044037338e-19
453389.133704 1e-300
1027808.5328 1e-300
2329986.1015 1e-300
5281951.90051 1e-300
11973897.9822 1e-300
27144176.1659 1e-300
61534372.5849 1e-300
139495079.396 1e-300
316227766.017 1e-300
