10023.7446725 8.87909548782e-19
50083.8173285 1.12668440347e-19
90143.8899845 4.83087430567e-20
130203.96264 2.77538974754e-20
170264.035296 1.82705775835e-20
210324.107952 1.30279477854e-20
250384.180608 9.74946761773e-21
290444.253264 7.64829230805e-21
330504.32592 6.16372493691e-21
370564.398576 5.07193508789e-21
410624.471232 4.24425400753e-21
450684.543888 3.59521868869e-21
490744.616544 3.10617622764e-21
530804.6892 2.70906918194e-21
570864.761856 2.36674543433e-21
610924.834512 2.10290785038e-21
650984.907168 1.87149508753e-21
691044.979824 1.67775920317e-21
731105.05248 1.5121118936e-21
771165.125136 1.37076524433e-21
811225.197792 1.24372447599e-21
851285.270448 1.14055650241e-21
891345.343104 1.03738852884e-21
931405.41576 9.6081508674e-22
971465.488416 8.85655220337e-22
1011525.56107 8.15211858018e-22
1051585.63373 7.60699085832e-22
1091645.70638 7.06186313646e-22
1131705.77904 6.54311480879e-22
1171765.8517 6.14845570271e-22
1211825.92435 5.75379659663e-22
1251885.99701 5.35913749055e-22
1291946.06966 5.04613231335e-22
1332006.14232 4.76039468364e-22
1372066.21498 4.47465705393e-22
1412126.28763 4.18891942422e-22
1452186.36029 3.97606794099e-22
1492246.43294 3.770777786e-22
1532306.5056 3.56548763102e-22
1572366.57826 3.36019747603e-22
1612426.65091 3.18967454885e-22
1652486.72357 3.04297787471e-22
1692546.79622 2.89628120056e-22
1732606.86888 2.74958452642e-22
1772666.94154 2.60288785227e-22
1812727.01419 2.48768615681e-22
1852787.08685 2.3827325886e-22
1892847.1595 2.27777902039e-22
1932907.23216 2.17282545217e-22
1972967.30481 2.06787188396e-22
2013027.37747 1.97277187042e-22
2053087.45013 1.89811865366e-22
2093147.52278 1.82346543689e-22
2133207.59544 1.74881222013e-22
2173267.66809 1.67415900337e-22
2213327.74075 1.59950578661e-22
2253387.81341 1.52995375423e-22
2293447.88606 1.47715444585e-22
2333507.95872 1.42435513748e-22
2373568.03137 1.37155582911e-22
2413628.10403 1.31875652073e-22
2453688.17669 1.26595721236e-22
2493748.24934 1.21315790398e-22
2533808.322 1.16652122843e-22
2573868.39465 1.12919273585e-22
2613928.46731 1.09186424328e-22
2653988.53997 1.0545357507e-22
2694048.61262 1.01720725812e-22
2734108.68528 9.79878765546e-23
2774168.75793 9.42550272969e-23
2814228.83059 9.05221780392e-23
2854288.90325 8.7617654582e-23
2894348.9759 8.50206649469e-23
2934409.04856 8.24236753119e-23
2974469.12121 7.98266856769e-23
3014529.19387 7.72296960418e-23
3054589.26653 7.46327064068e-23
3094649.33918 7.20357167718e-23
3134709.41184 6.94387271367e-23
3174769.48449 6.69412749192e-23
3214829.55715 6.51444852641e-23
3254889.62981 6.3347695609e-23
3294949.70246 6.15509059539e-23
3335009.77512 5.97541162988e-23
3375069.84777 5.79573266437e-23
3415129.92043 5.61605369886e-23
3455189.99309 5.43637473335e-23
3495250.06574 5.25669576784e-23
3535310.1384 5.07701680233e-23
3575370.21105 4.92353977553e-23
3615430.28371 4.79965953163e-23
3655490.35637 4.67577928773e-23
3695550.42902 4.55189904384e-23
3735610.50168 4.42801879994e-23
3775670.57433 4.30413855605e-23
3815730.64699 4.18025831215e-23
3855790.71965 4.05637806825e-23
3895850.7923 3.93249782436e-23
3935910.86496 3.80861758046e-23
3975970.93761 3.68473733656e-23
4016031.01027 3.58616206307e-23
4056091.08293 3.50202555937e-23
4096151.15558 3.41788905566e-23
4136211.22824 3.33375255195e-23
4176271.30089 3.24961604824e-23
4216331.37355 3.16547954454e-23
4256391.44621 3.08134304083e-23
4296451.51886 2.99720653712e-23
4336511.59152 2.91307003341e-23
4376571.66417 2.82893352971e-23
4416631.73683 2.744797026e-23
4456691.80948 2.66066052229e-23
4496751.88214 2.58995459364e-23
4536811.9548 2.53368141559e-23
4576872.02745 2.47740823754e-23
4616932.10011 2.42113505949e-23
4656992.17276 2.36486188144e-23
4697052.24542 2.3085887034e-23
4737112.31808 2.25231552535e-23
4777172.39073 2.1960423473e-23
4817232.46339 2.13976916925e-23
4857292.53604 2.0834959912e-23
4897352.6087 2.02722281315e-23
4937412.68136 1.9709496351e-23
4977472.75401 1.91467645706e-23
5017532.82667 1.85840327901e-23
5057592.89932 1.81810154179e-23
5097652.97198 1.78074664859e-23
5137713.04464 1.74339175539e-23
5177773.11729 1.70603686219e-23
5217833.18995 1.66868196899e-23
5257893.2626 1.63132707579e-23
5297953.33526 1.59397218258e-23
5338013.40792 1.55661728938e-23
5378073.48057 1.51926239618e-23
5418133.55323 1.48190750298e-23
5458193.62588 1.44455260978e-23
5498253.69854 1.40719771657e-23
5538313.7712 1.36984282337e-23
5578373.84385 1.33248793017e-23
5618433.91651 1.29513303697e-23
5658493.98916 1.26488674916e-23
5698554.06182 1.24063796738e-23
5738614.13448 1.21638918559e-23
5778674.20713 1.19214040381e-23
5818734.27979 1.16789162202e-23
5858794.35244 1.14364284024e-23
5898854.4251 1.11939405845e-23
5938914.49776 1.09514527667e-23
5978974.57041 1.07089649489e-23
6019034.64307 1.0466477131e-23
6059094.71572 1.02239893132e-23
6099154.78838 9.98150149533e-24
6139214.86104 9.73901367749e-24
6179274.93369 9.49652585965e-24
6219335.00635 9.25403804181e-24
6259395.079 9.01155022396e-24
6299455.15166 8.76906240612e-24
6339515.22432 8.55984336614e-24
6379575.29697 8.40644366413e-24
6419635.36963 8.25304396212e-24
6459695.44228 8.09964426011e-24
6499755.51494 7.94624455809e-24
6539815.5876 7.79284485608e-24
6579875.66025 7.63944515407e-24
6619935.73291 7.48604545205e-24
6659995.80556 7.33264575004e-24
6700055.87822 7.17924604803e-24
6740115.95087 7.02584634602e-24
6780176.02353 6.872446644e-24
6820236.09619 6.71904694199e-24
6860296.16884 6.56564723998e-24
6900356.2415 6.41224753796e-24
6940416.31415 6.25884783595e-24
6980476.38681 6.10544813394e-24
7020536.45947 5.95204843193e-24
7060596.53212 5.79864872991e-24
7100656.60478 5.65155086587e-24
7140716.67743 5.55567279396e-24
7180776.75009 5.45979472206e-24
7220836.82275 5.36391665015e-24
7260896.8954 5.26803857824e-24
7300956.96806 5.17216050634e-24
7341017.04071 5.07628243443e-24
7381077.11337 4.98040436252e-24
7421137.18603 4.88452629062e-24
7461197.25868 4.78864821871e-24
7501257.33134 4.69277014681e-24
7541317.40399 4.5968920749e-24
7581377.47665 4.50101400299e-24
7621437.54931 4.40513593109e-24
7661497.62196 4.30925785918e-24
7701557.69462 4.21337978728e-24
7741617.76727 4.11750171537e-24
7781677.83993 4.02162364346e-24
7821737.91259 3.92574557156e-24
7861797.98524 3.82986749965e-24
7901858.0579 3.73398942775e-24
7941918.13055 3.63811135584e-24
7981978.20321 3.56125516582e-24
8022038.27587 3.50379534226e-24
8062098.34852 3.4463355187e-24
8102158.42118 3.38887569514e-24
8142218.49383 3.33141587158e-24
8182278.56649 3.27395604802e-24
8222338.63915 3.21649622447e-24
8262398.7118 3.15903640091e-24
8302458.78446 3.10157657735e-24
8342518.85711 3.04411675379e-24
8382578.92977 2.98665693023e-24
8422639.00243 2.92919710667e-24
8462699.07508 2.87173728311e-24
8502759.14774 2.81427745956e-24
8542819.22039 2.756817636e-24
8582879.29305 2.69935781244e-24
8622939.36571 2.64189798888e-24
8662999.43836 2.58443816532e-24
8703059.51102 2.52697834176e-24
8743119.58367 2.4695185182e-24
8783179.65633 2.41205869464e-24
8823239.72899 2.35459887109e-24
8863299.80164 2.29713904753e-24
8903359.8743 2.23967922397e-24
8943419.94695 2.18809935822e-24
8983480.01961 2.15480336577e-24
9023540.09227 2.12150737332e-24
9063600.16492 2.08821138087e-24
9103660.23758 2.05491538842e-24
9143720.31023 2.02161939597e-24
9183780.38289 1.98832340352e-24
9223840.45554 1.95502741107e-24
9263900.5282 1.92173141862e-24
9303960.60086 1.88843542618e-24
9344020.67351 1.85513943373e-24
9384080.74617 1.82184344128e-24
9424140.81882 1.78854744883e-24
9464200.89148 1.75525145638e-24
9504260.96414 1.72195546393e-24
9544321.03679 1.68865947148e-24
9584381.10945 1.65536347903e-24
9624441.1821 1.62206748658e-24
9664501.25476 1.58877149413e-24
9704561.32742 1.55547550168e-24
9744621.40007 1.52217950923e-24
9784681.47273 1.48888351678e-24
9824741.54538 1.45558752433e-24
9864801.61804 1.42229153188e-24
9904861.6907 1.38899553943e-24
9944921.76335 1.35569954698e-24
9984981.83601 1.32240355454e-24
10025041.9087 1.28958300453e-24
10065101.9813 1.27096919567e-24
10105162.054 1.25235538682e-24
10145222.1266 1.23374157797e-24
10185282.1993 1.21512776911e-24
10225342.2719 1.19651396026e-24
10265402.3446 1.1779001514e-24
10305462.4173 1.15928634255e-24
10345522.4899 1.14067253369e-24
10385582.5626 1.12205872484e-24
10425642.6352 1.10344491598e-24
10465702.7079 1.08483110713e-24
10505762.7805 1.06621729827e-24
10545822.8532 1.04760348942e-24
10585882.9258 1.02898968056e-24
10625942.9985 1.01037587171e-24
10666003.0712 9.91762062851e-25
10706063.1438 9.73148253996e-25
10746123.2165 9.54534445141e-25
10786183.2891 9.35920636286e-25
10826243.3618 9.17306827431e-25
10866303.4344 8.98693018576e-25
10906363.5071 8.80079209721e-25
10946423.5798 8.61465400866e-25
10986483.6524 8.42851592011e-25
11026543.7251 8.24237783156e-25
11066603.7977 8.05623974301e-25
11106663.8704 7.87010165446e-25
11146723.943 7.68396356591e-25
11186784.0157 7.49782547736e-25
11226844.0883 7.31168738882e-25
11266904.161 7.16997086669e-25
11306964.2337 7.07246518984e-25
11347024.3063 6.97495951299e-25
11387084.379 6.87745383615e-25
11427144.4516 6.7799481593e-25
11467204.5243 6.68244248246e-25
11507264.5969 6.58493680561e-25
11547324.6696 6.48743112876e-25
11587384.7422 6.38992545192e-25
11627444.8149 6.29241977507e-25
11667504.8876 6.19491409823e-25
11707564.9602 6.09740842138e-25
11747625.0329 5.99990274453e-25
11787685.1055 5.90239706769e-25
11827745.1782 5.80489139084e-25
11867805.2508 5.707385714e-25
11907865.3235 5.60988003715e-25
11947925.3962 5.5123743603e-25
11987985.4688 5.41486868346e-25
12028045.5415 5.31736300661e-25
12068105.6141 5.21985732976e-25
12108165.6868 5.12235165292e-25
12148225.7594 5.02484597607e-25
12188285.8321 4.92734029923e-25
12228345.9047 4.82983462238e-25
12268405.9774 4.73232894553e-25
12308466.0501 4.63482326869e-25
12348526.1227 4.53731759184e-25
12388586.1954 4.439811915e-25
12428646.268 4.34230623815e-25
12468706.3407 4.2448005613e-25
12508766.4133 4.14729488446e-25
12548826.486 4.04978920761e-25
12588886.5586 3.95228353077e-25
12628946.6313 3.86686794321e-25
12669006.704 3.81878498283e-25
12709066.7766 3.77070202245e-25
12749126.8493 3.72261906206e-25
12789186.9219 3.67453610168e-25
12829246.9946 3.6264531413e-25
12869307.0672 3.57837018092e-25
12909367.1399 3.53028722054e-25
12949427.2125 3.48220426016e-25
12989487.2852 3.43412129977e-25
13029547.3579 3.38603833939e-25
13069607.4305 3.33795537901e-25
13109667.5032 3.28987241863e-25
13149727.5758 3.24178945825e-25
13189787.6485 3.19370649786e-25
13229847.7211 3.14562353748e-25
13269907.7938 3.0975405771e-25
13309967.8665 3.04945761672e-25
13350027.9391 3.00137465634e-25
13390088.0118 2.95329169596e-25
13430148.0844 2.90520873557e-25
13470208.1571 2.85712577519e-25
13510268.2297 2.80904281481e-25
13550328.3024 2.76095985443e-25
13590388.375 2.71287689405e-25
13630448.4477 2.66479393366e-25
13670508.5204 2.61671097328e-25
13710568.593 2.5686280129e-25
13750628.6657 2.52054505252e-25
13790688.7383 2.47246209214e-25
13830748.811 2.42437913176e-25
13870808.8836 2.37629617137e-25
13910868.9563 2.32821321099e-25
13950929.0289 2.28013025061e-25
13990989.1016 2.23204729023e-25
14031049.1743 2.18396432985e-25
14071109.2469 2.13588136946e-25
14111169.3196 2.08779840908e-25
14151229.3922 2.0397154487e-25
14191289.4649 2.01245246426e-25
14231349.5375 1.99013263135e-25
14271409.6102 1.96781279844e-25
14311469.6829 1.94549296553e-25
14351529.7555 1.92317313262e-25
14391589.8282 1.90085329971e-25
14431649.9008 1.8785334668e-25
14471709.9735 1.85621363389e-25
14511770.0461 1.83389380098e-25
14551830.1188 1.81157396807e-25
14591890.1914 1.78925413516e-25
14631950.2641 1.76693430225e-25
14672010.3368 1.74461446934e-25
14712070.4094 1.72229463643e-25
14752130.4821 1.69997480352e-25
14792190.5547 1.67765497061e-25
14832250.6274 1.6553351377e-25
14872310.7 1.63301530479e-25
14912370.7727 1.61069547188e-25
14952430.8453 1.58837563897e-25
14992490.918 1.56605580605e-25
15032550.9907 1.54373597314e-25
15072611.0633 1.52141614023e-25
15112671.136 1.49909630732e-25
15152731.2086 1.47677647441e-25
15192791.2813 1.4544566415e-25
15232851.3539 1.43213680859e-25
15272911.4266 1.40981697568e-25
15312971.4993 1.38749714277e-25
15353031.5719 1.36517730986e-25
15393091.6446 1.34285747695e-25
15433151.7172 1.32053764404e-25
15473211.7899 1.29821781113e-25
15513271.8625 1.27589797822e-25
15553331.9352 1.25357814531e-25
15593392.0078 1.2312583124e-25
15633452.0805 1.20893847949e-25
15673512.1532 1.18661864658e-25
15713572.2258 1.16429881367e-25
15753632.2985 1.14197898076e-25
15793692.3711 1.11965914785e-25
15833752.4438 1.09733931494e-25
15873812.5164 1.07501948203e-25
15913872.5891 1.06113100108e-25
15953932.6617 1.05117977354e-25
15993992.7344 1.04122854601e-25
16034052.8071 1.03127731847e-25
16074112.8797 1.02132609094e-25
16114172.9524 1.01137486341e-25
16154233.025 1.00142363587e-25
16194293.0977 9.91472408335e-26
16234353.1703 9.81521180801e-26
16274413.243 9.71569953266e-26
16314473.3157 9.61618725731e-26
16354533.3883 9.51667498196e-26
16394593.461 9.41716270661e-26
16434653.5336 9.31765043126e-26
16474713.6063 9.21813815591e-26
16514773.6789 9.11862588056e-26
16554833.7516 9.01911360522e-26
16594893.8242 8.91960132987e-26
16634953.8969 8.82008905452e-26
16675013.9696 8.72057677917e-26
16715074.0422 8.62106450382e-26
16755134.1149 8.52155222847e-26
16795194.1875 8.42203995312e-26
16835254.2602 8.32252767777e-26
16875314.3328 8.22301540243e-26
16915374.4055 8.12350312708e-26
16955434.4781 8.02399085173e-26
16995494.5508 7.92447857638e-26
17035554.6235 7.82496630103e-26
17075614.6961 7.72545402568e-26
17115674.7688 7.62594175033e-26
17155734.8414 7.52642947498e-26
17195794.9141 7.42691719964e-26
17235854.9867 7.32740492429e-26
17275915.0594 7.22789264894e-26
17315975.1321 7.12838037359e-26
17356035.2047 7.02886809824e-26
17396095.2774 6.92935582289e-26
17436155.35 6.82984354754e-26
17476215.4227 6.73033127219e-26
17516275.4953 6.63081899685e-26
17556335.568 6.5313067215e-26
17596395.6406 6.43179444615e-26
17636455.7133 6.3322821708e-26
17676515.786 6.23276989545e-26
17716575.8586 6.1332576201e-26
17756635.9313 6.03374534475e-26
17796696.0039 5.9342330694e-26
17836756.0766 5.8522803529e-26
17876816.1492 5.8126997799e-26
17916876.2219 5.7731192069e-26
17956936.2945 5.7335386339e-26
17996996.3672 5.69395806089e-26
18037056.4399 5.65437748789e-26
18077116.5125 5.61479691489e-26
18117176.5852 5.57521634189e-26
18157236.6578 5.53563576889e-26
18197296.7305 5.49605519588e-26
18237356.8031 5.45647462288e-26
18277416.8758 5.41689404988e-26
18317476.9484 5.37731347688e-26
18357537.0211 5.33773290387e-26
18397597.0938 5.29815233087e-26
18437657.1664 5.25857175787e-26
18477717.2391 5.21899118487e-26
18517777.3117 5.17941061187e-26
18557837.3844 5.13983003886e-26
18597897.457 5.10024946586e-26
18637957.5297 5.06066889286e-26
18678017.6024 5.02108831986e-26
18718077.675 4.98150774686e-26
18758137.7477 4.94192717385e-26
18798197.8203 4.90234660085e-26
18838257.893 4.86276602785e-26
18878317.9656 4.82318545485e-26
18918378.0383 4.78360488184e-26
18958438.1109 4.74402430884e-26
18998498.1836 4.70444373584e-26
19038558.2563 4.66486316284e-26
19078618.3289 4.62528258984e-26
19118678.4016 4.58570201683e-26
19158738.4742 4.54612144383e-26
19198798.5469 4.50654087083e-26
19238858.6195 4.46696029783e-26
19278918.6922 4.42737972483e-26
19318978.7648 4.38779915182e-26
19359038.8375 4.34821857882e-26
19399098.9102 4.30863800582e-26
19439158.9828 4.26905743282e-26
19479219.0555 4.22947685981e-26
19519279.1281 4.18989628681e-26
19559339.2008 4.15031571381e-26
19599399.2734 4.11073514081e-26
19639459.3461 4.07115456781e-26
19679519.4188 4.0315739948e-26
19719579.4914 3.9919934218e-26
19759639.5641 3.9524128488e-26
19799699.6367 3.9128322758e-26
19839759.7094 3.8732517028e-26
19879819.782 3.83367112979e-26
19919879.8547 3.79409055679e-26
19959939.9273 3.75450998379e-26
20000000.0 3.71492941079e-26
27179964.4921 1e-300
36937523.4896 1e-300
50198028.8437 1e-300
68219032.0772 1e-300
92709543.4772 1e-300
125992104.989 1e-300
171223046.995 1e-300
232691816.878 1e-300
316227766.017 1e-300
