10023.7446725 5.05782519454e-19
14011.6730399 4.44535242295e-19
17999.6014073 4.07338380573e-19
21987.5297747 3.81794366157e-19
25975.4581421 3.61190750564e-19
29963.3865095 3.44002111217e-19
33951.3148769 3.28965979445e-19
37939.2432443 3.15725207962e-19
41927.1716117 3.03847672865e-19
45915.0999791 2.9297396503e-19
49903.0283464 2.83093833787e-19
53890.9567138 2.74104662883e-19
57878.8850812 2.65553850945e-19
61866.8134486 2.57587674722e-19
65854.741816 2.50166870491e-19
69842.6701834 2.4303425012e-19
73830.5985508 2.36389432347e-19
77818.5269182 2.29935115884e-19
81806.4552856 2.23890367043e-19
85794.3836529 2.18183561111e-19
89782.3120203 2.12552930888e-19
93770.2403877 2.07527874597e-19
97758.1687551 2.02502818307e-19
101746.097123 1.97685483342e-19
105734.02549 1.93209512361e-19
109721.953857 1.88733541379e-19
113709.882225 1.84426028757e-19
117697.810592 1.8049112621e-19
121685.738959 1.76556223663e-19
125673.667327 1.72621321117e-19
129661.595694 1.69115763216e-19
133649.524062 1.65674270793e-19
137637.452429 1.6223277837e-19
141625.380796 1.58795014757e-19
145613.309164 1.55764030864e-19
149601.237531 1.52733046971e-19
153589.165899 1.49702063078e-19
157577.094266 1.46671079184e-19
161565.022633 1.43907916006e-19
165552.951001 1.4127259761e-19
169540.879368 1.38637279214e-19
173528.807736 1.36001960818e-19
177516.736103 1.33366642422e-19
181504.66447 1.31015654207e-19
185492.592838 1.28728744617e-19
189480.521205 1.26441835027e-19
193468.449572 1.24154925437e-19
197456.37794 1.21868015847e-19
201444.306307 1.19687445359e-19
205432.234675 1.17694152654e-19
209420.163042 1.15700859949e-19
213408.091409 1.13707567244e-19
217396.019777 1.11714274539e-19
221383.948144 1.09720981834e-19
225371.876512 1.07795823873e-19
229359.804879 1.06083176185e-19
233347.733246 1.04370528497e-19
237335.661614 1.02657880809e-19
241323.589981 1.0094523312e-19
245311.518349 9.92325854319e-20
249299.446716 9.75199377436e-20
253287.375083 9.59002812611e-20
257275.303451 9.44344844436e-20
261263.231818 9.29686876262e-20
265251.160185 9.15028908088e-20
269239.088553 9.00370939913e-20
273227.01692 8.85712971739e-20
277214.945288 8.71055003564e-20
281202.873655 8.5639703539e-20
285190.802022 8.43240360424e-20
289178.73039 8.30813624381e-20
293166.658757 8.18386888338e-20
297154.587125 8.05960152294e-20
301142.515492 7.93533416251e-20
305130.443859 7.81106680207e-20
309118.372227 7.68679944164e-20
313106.300594 7.5625320812e-20
317094.228962 7.43885590614e-20
321082.157329 7.33498473344e-20
325070.085696 7.23111356074e-20
329058.014064 7.12724238804e-20
333045.942431 7.02337121534e-20
337033.870798 6.91950004264e-20
341021.799166 6.81562886994e-20
345009.727533 6.71175769724e-20
348997.655901 6.60788652453e-20
352985.584268 6.50401535183e-20
356973.512635 6.40567345758e-20
360961.441003 6.31853714661e-20
364949.36937 6.23140083565e-20
368937.297738 6.14426452468e-20
372925.226105 6.05712821371e-20
376913.154472 5.96999190275e-20
380901.08284 5.88285559178e-20
384889.011207 5.79571928081e-20
388876.939575 5.70858296985e-20
392864.867942 5.62144665888e-20
396852.796309 5.53431034791e-20
400840.724677 5.45412727706e-20
404828.653044 5.38249709907e-20
408816.581412 5.31086692109e-20
412804.509779 5.23923674311e-20
416792.438146 5.16760656513e-20
420780.366514 5.09597638715e-20
424768.294881 5.02434620917e-20
428756.223248 4.95271603119e-20
432744.151616 4.88108585321e-20
436732.079983 4.80945567523e-20
440720.008351 4.73782549725e-20
444707.936718 4.66619531927e-20
448695.865085 4.59782024571e-20
452683.793453 4.53983089736e-20
456671.72182 4.48184154902e-20
460659.650188 4.42385220067e-20
464647.578555 4.36586285232e-20
468635.506922 4.30787350398e-20
472623.43529 4.24988415563e-20
476611.363657 4.19189480728e-20
480599.292025 4.13390545894e-20
484587.220392 4.07591611059e-20
488575.148759 4.01792676224e-20
492563.077127 3.9599374139e-20
496551.005494 3.90194806555e-20
500538.933861 3.8439587172e-20
504526.862229 3.79201615992e-20
508514.790596 3.7452449171e-20
512502.718964 3.69847367429e-20
516490.647331 3.65170243147e-20
520478.575698 3.60493118865e-20
524466.504066 3.55815994584e-20
528454.432433 3.51138870302e-20
532442.360801 3.46461746021e-20
536430.289168 3.41784621739e-20
540418.217535 3.37107497457e-20
544406.145903 3.32430373176e-20
548394.07427 3.27753248894e-20
552382.002638 3.23076124613e-20
556369.931005 3.18399000331e-20
560357.859372 3.13721876049e-20
564345.78774 3.09211917121e-20
568333.716107 3.05530970322e-20
572321.644474 3.01850023524e-20
576309.572842 2.98169076725e-20
580297.501209 2.94488129927e-20
584285.429577 2.90807183129e-20
588273.357944 2.8712623633e-20
592261.286311 2.83445289532e-20
596249.214679 2.79764342733e-20
600237.143046 2.76083395935e-20
604225.071414 2.72402449137e-20
608212.999781 2.68721502338e-20
612200.928148 2.6504055554e-20
616188.856516 2.61359608741e-20
620176.784883 2.57678661943e-20
624164.713251 2.53997715145e-20
628152.641618 2.50316768346e-20
632140.569985 2.46635821548e-20
636128.498353 2.43720306968e-20
640116.42672 2.40870429281e-20
644104.355088 2.38020551595e-20
648092.283455 2.35170673908e-20
652080.211822 2.32320796222e-20
656068.14019 2.29470918535e-20
660056.068557 2.26621040849e-20
664043.996924 2.23771163162e-20
668031.925292 2.20921285476e-20
672019.853659 2.18071407789e-20
676007.782027 2.15221530103e-20
679995.710394 2.12371652416e-20
683983.638761 2.0952177473e-20
687971.567129 2.06671897043e-20
691959.495496 2.03822019357e-20
695947.423864 2.0097214167e-20
699935.352231 1.98122263984e-20
703923.280598 1.95272386297e-20
707911.208966 1.92422508611e-20
711899.137333 1.89952050572e-20
715887.065701 1.87768044109e-20
719874.994068 1.85584037645e-20
723862.922435 1.83400031182e-20
727850.850803 1.81216024718e-20
731838.77917 1.79032018255e-20
735826.707537 1.76848011792e-20
739814.635905 1.74664005328e-20
743802.564272 1.72479998865e-20
747790.49264 1.70295992401e-20
751778.421007 1.68111985938e-20
755766.349374 1.65927979474e-20
759754.277742 1.63743973011e-20
763742.206109 1.61559966547e-20
767730.134477 1.59375960084e-20
771718.062844 1.5719195362e-20
775705.991211 1.55007947157e-20
779693.919579 1.52823940694e-20
783681.847946 1.5063993423e-20
787669.776314 1.48455927767e-20
791657.704681 1.46271921303e-20
795645.633048 1.4408791484e-20
799633.561416 1.42402706156e-20
803621.489783 1.40800460924e-20
807609.41815 1.39198215692e-20
811597.346518 1.3759597046e-20
815585.274885 1.35993725228e-20
819573.203253 1.34391479996e-20
823561.13162 1.32789234763e-20
827549.059987 1.31186989531e-20
831536.988355 1.29584744299e-20
835524.916722 1.27982499067e-20
839512.84509 1.26380253835e-20
843500.773457 1.24778008603e-20
847488.701824 1.2317576337e-20
851476.630192 1.21573518138e-20
855464.558559 1.19971272906e-20
859452.486927 1.18369027674e-20
863440.415294 1.16766782442e-20
867428.343661 1.1516453721e-20
871416.272029 1.13562291977e-20
875404.200396 1.11960046745e-20
879392.128763 1.10357801513e-20
883380.057131 1.08755556281e-20
887367.985498 1.07153311049e-20
891355.913866 1.05551065817e-20
895343.842233 1.04177439814e-20
899331.7706 1.03036436306e-20
903319.698968 1.01895432797e-20
907307.627335 1.00754429289e-20
911295.555703 9.96134257803e-21
915283.48407 9.84724222718e-21
919271.412437 9.73314187634e-21
923259.340805 9.61904152549e-21
927247.269172 9.50494117465e-21
931235.19754 9.3908408238e-21
935223.125907 9.27674047296e-21
939211.054274 9.16264012211e-21
943198.982642 9.04853977127e-21
947186.911009 8.93443942042e-21
951174.839377 8.82033906958e-21
955162.767744 8.70623871873e-21
959150.696111 8.59213836789e-21
963138.624479 8.47803801704e-21
967126.552846 8.3639376662e-21
971114.481213 8.24983731535e-21
975102.409581 8.13573696451e-21
979090.337948 8.02163661366e-21
983078.266316 7.90753626281e-21
987066.194683 7.79343591197e-21
991054.12305 7.67933556112e-21
995042.051418 7.56523521028e-21
999029.979785 7.45113485943e-21
1003017.90815 7.34258965411e-21
1007005.83652 7.26291907371e-21
1010993.76489 7.18324849331e-21
1014981.69325 7.10357791291e-21
1018969.62162 7.0239073325e-21
1022957.54999 6.9442367521e-21
1026945.47836 6.8645661717e-21
1030933.40672 6.7848955913e-21
1034921.33509 6.7052250109e-21
1038909.26346 6.6255544305e-21
1042897.19183 6.54588385009e-21
1046885.12019 6.46621326969e-21
1050873.04856 6.38654268929e-21
1054860.97693 6.30687210889e-21
1058848.9053 6.22720152849e-21
1062836.83366 6.14753094809e-21
1066824.76203 6.06786036768e-21
1070812.6904 5.98818978728e-21
1074800.61877 5.90851920688e-21
1078788.54713 5.82884862648e-21
1082776.4755 5.74917804608e-21
1086764.40387 5.66950746568e-21
1090752.33224 5.58983688528e-21
1094740.2606 5.51016630487e-21
1098728.18897 5.43049572447e-21
1102716.11734 5.35082514407e-21
1106704.0457 5.27115456367e-21
1110691.97407 5.19148398327e-21
1114679.90244 5.11181340287e-21
1118667.83081 5.03214282246e-21
1122655.75917 4.95247224206e-21
1126643.68754 4.88652079292e-21
1130631.61591 4.83474918039e-21
1134619.54428 4.78297756786e-21
1138607.47264 4.73120595533e-21
1142595.40101 4.6794343428e-21
1146583.32938 4.62766273026e-21
1150571.25775 4.57589111773e-21
1154559.18611 4.5241195052e-21
1158547.11448 4.47234789267e-21
1162535.04285 4.42057628014e-21
1166522.97122 4.3688046676e-21
1170510.89958 4.31703305507e-21
1174498.82795 4.26526144254e-21
1178486.75632 4.21348983001e-21
1182474.68469 4.16171821747e-21
1186462.61305 4.10994660494e-21
1190450.54142 4.05817499241e-21
1194438.46979 4.00640337988e-21
1198426.39815 3.95463176735e-21
1202414.32652 3.90286015481e-21
1206402.25489 3.85108854228e-21
1210390.18326 3.79931692975e-21
1214378.11162 3.74754531722e-21
1218366.03999 3.69577370469e-21
1222353.96836 3.64400209215e-21
1226341.89673 3.59223047962e-21
1230329.82509 3.54045886709e-21
1234317.75346 3.48868725456e-21
1238305.68183 3.43691564202e-21
1242293.6102 3.38514402949e-21
1246281.53856 3.33337241696e-21
1250269.46693 3.28160080443e-21
1254257.3953 3.2298291919e-21
1258245.32367 3.17805757936e-21
1262233.25203 3.12789842565e-21
1266221.1804 3.09631236134e-21
1270209.10877 3.06472629702e-21
1274197.03714 3.03314023271e-21
1278184.9655 3.0015541684e-21
1282172.89387 2.96996810409e-21
1286160.82224 2.93838203977e-21
1290148.7506 2.90679597546e-21
1294136.67897 2.87520991115e-21
1298124.60734 2.84362384684e-21
1302112.53571 2.81203778252e-21
1306100.46407 2.78045171821e-21
1310088.39244 2.7488656539e-21
1314076.32081 2.71727958959e-21
1318064.24918 2.68569352527e-21
1322052.17754 2.65410746096e-21
1326040.10591 2.62252139665e-21
1330028.03428 2.59093533234e-21
1334015.96265 2.55934926802e-21
1338003.89101 2.52776320371e-21
1341991.81938 2.4961771394e-21
1345979.74775 2.46459107509e-21
1349967.67612 2.43300501077e-21
1353955.60448 2.40141894646e-21
1357943.53285 2.36983288215e-21
1361931.46122 2.33824681784e-21
1365919.38959 2.30666075352e-21
1369907.31795 2.27507468921e-21
1373895.24632 2.2434886249e-21
1377883.17469 2.21190256059e-21
1381871.10305 2.18031649627e-21
1385859.03142 2.14873043196e-21
1389846.95979 2.11714436765e-21
1393834.88816 2.08555830334e-21
1397822.81652 2.05397223902e-21
1401810.74489 2.02238617471e-21
1405798.67326 1.9908001104e-21
1409786.60163 1.95921404609e-21
1413774.52999 1.92762798177e-21
1417762.45836 1.90243995553e-21
1421750.38673 1.88449174435e-21
1425738.3151 1.86654353317e-21
1429726.24346 1.848595322e-21
1433714.17183 1.83064711082e-21
1437702.1002 1.81269889964e-21
1441690.02857 1.79475068847e-21
1445677.95693 1.77680247729e-21
1449665.8853 1.75885426612e-21
1453653.81367 1.74090605494e-21
1457641.74204 1.72295784376e-21
1461629.6704 1.70500963259e-21
1465617.59877 1.68706142141e-21
1469605.52714 1.66911321023e-21
1473593.4555 1.65116499906e-21
1477581.38387 1.63321678788e-21
1481569.31224 1.6152685767e-21
1485557.24061 1.59732036553e-21
1489545.16897 1.57937215435e-21
1493533.09734 1.56142394317e-21
1497521.02571 1.543475732e-21
1501508.95408 1.52552752082e-21
1505496.88244 1.50757930965e-21
1509484.81081 1.48963109847e-21
1513472.73918 1.47168288729e-21
1517460.66755 1.45373467612e-21
1521448.59591 1.43578646494e-21
1525436.52428 1.41783825376e-21
1529424.45265 1.39989004259e-21
1533412.38102 1.38194183141e-21
1537400.30938 1.36399362023e-21
1541388.23775 1.34604540906e-21
1545376.16612 1.32809719788e-21
1549364.09448 1.31014898671e-21
1553352.02285 1.29220077553e-21
1557339.95122 1.27425256435e-21
1561327.87959 1.25630435318e-21
1565315.80795 1.238356142e-21
1569303.73632 1.22040793082e-21
1573291.66469 1.20245971965e-21
1577279.59306 1.18451150847e-21
1581267.52142 1.16656329729e-21
1585255.44979 1.14861508612e-21
1589243.37816 1.13198521102e-21
1593231.30653 1.12299483226e-21
1597219.23489 1.11400445349e-21
1601207.16326 1.10501407472e-21
1605195.09163 1.09602369595e-21
1609183.02 1.08703331718e-21
1613170.94836 1.07804293841e-21
1617158.87673 1.06905255964e-21
1621146.8051 1.06006218088e-21
1625134.73347 1.05107180211e-21
1629122.66183 1.04208142334e-21
1633110.5902 1.03309104457e-21
1637098.51857 1.0241006658e-21
1641086.44693 1.01511028703e-21
1645074.3753 1.00611990826e-21
1649062.30367 9.97129529494e-22
1653050.23204 9.88139150726e-22
1657038.1604 9.79148771957e-22
1661026.08877 9.70158393188e-22
1665014.01714 9.6116801442e-22
1669001.94551 9.52177635651e-22
1672989.87387 9.43187256882e-22
1676977.80224 9.34196878114e-22
1680965.73061 9.25206499345e-22
1684953.65898 9.16216120576e-22
1688941.58734 9.07225741808e-22
1692929.51571 8.98235363039e-22
1696917.44408 8.8924498427e-22
1700905.37245 8.80254605502e-22
1704893.30081 8.71264226733e-22
1708881.22918 8.62273847964e-22
1712869.15755 8.53283469196e-22
1716857.08592 8.44293090427e-22
1720845.01428 8.35302711658e-22
1724832.94265 8.2631233289e-22
1728820.87102 8.17321954121e-22
1732808.79938 8.08331575352e-22
1736796.72775 7.99341196583e-22
1740784.65612 7.90350817815e-22
1744772.58449 7.81360439046e-22
1748760.51285 7.72370060277e-22
1752748.44122 7.63379681509e-22
1756736.36959 7.5438930274e-22
1760724.29796 7.45398923971e-22
1764712.22632 7.36408545203e-22
1768700.15469 7.27418166434e-22
1772688.08306 7.18427787665e-22
1776676.01143 7.09437408897e-22
1780663.93979 7.00447030128e-22
1784651.86816 6.94282789268e-22
1788639.79653 6.90534493304e-22
1792627.7249 6.8678619734e-22
1796615.65326 6.83037901376e-22
1800603.58163 6.79289605412e-22
1804591.51 6.75541309449e-22
1808579.43837 6.71793013485e-22
1812567.36673 6.68044717521e-22
1816555.2951 6.64296421557e-22
1820543.22347 6.60548125593e-22
1824531.15183 6.56799829629e-22
1828519.0802 6.53051533666e-22
1832507.00857 6.49303237702e-22
1836494.93694 6.45554941738e-22
1840482.8653 6.41806645774e-22
1844470.79367 6.3805834981e-22
1848458.72204 6.34310053846e-22
1852446.65041 6.30561757883e-22
1856434.57877 6.26813461919e-22
1860422.50714 6.23065165955e-22
1864410.43551 6.19316869991e-22
1868398.36388 6.15568574027e-22
1872386.29224 6.11820278063e-22
1876374.22061 6.080719821e-22
1880362.14898 6.04323686136e-22
1884350.07735 6.00575390172e-22
1888338.00571 5.96827094208e-22
1892325.93408 5.93078798244e-22
1896313.86245 5.89330502281e-22
1900301.79082 5.85582206317e-22
1904289.71918 5.81833910353e-22
1908277.64755 5.78085614389e-22
1912265.57592 5.74337318425e-22
1916253.50428 5.70589022461e-22
1920241.43265 5.66840726498e-22
1924229.36102 5.63092430534e-22
1928217.28939 5.5934413457e-22
1932205.21775 5.55595838606e-22
1936193.14612 5.51847542642e-22
1940181.07449 5.48099246678e-22
1944169.00286 5.44350950715e-22
1948156.93122 5.40602654751e-22
1952144.85959 5.36854358787e-22
1956132.78796 5.33106062823e-22
1960120.71633 5.29357766859e-22
1964108.64469 5.25609470895e-22
1968096.57306 5.21861174932e-22
1972084.50143 5.18112878968e-22
1976072.4298 5.14364583004e-22
1980060.35816 5.1061628704e-22
1984048.28653 5.06867991076e-22
1988036.2149 5.03119695112e-22
1992024.14327 4.99371399149e-22
1996012.07163 4.95623103185e-22
2000000.0 4.91874807221e-22
3510427.40349 1e-300
6161550.27758 1e-300
10814837.4712 1e-300
18982350.9116 1e-300
33318082.4114 1e-300
58480354.7643 1e-300
102645519.965 1e-300
180164823.065 1e-300
316227766.017 1e-300
