10000.0 1.02087935492e-16
11983.9679359 7.8416236106e-17
13967.9358717 6.18840129396e-17
15951.9038076 5.03269910129e-17
17935.8717435 4.18409475537e-17
19919.8396794 3.5328863116e-17
21903.8076152 3.0408476363e-17
23887.7755511 2.64371364939e-17
25871.743487 2.3116437755e-17
27855.7114228 2.0373810624e-17
29839.6793587 1.82131253235e-17
31823.6472946 1.62208296133e-17
33807.6152305 1.46996623013e-17
35791.5831663 1.32399335616e-17
37775.5511022 1.21116572065e-17
39759.5190381 1.09833808514e-17
41743.4869739 1.01437215766e-17
43727.4549098 9.31170761037e-18
45711.4228457 8.59421702663e-18
47695.3907816 7.98003322161e-18
49679.3587174 7.36584941658e-18
51663.3266533 6.87766137017e-18
53647.2945892 6.42531299996e-18
55631.2625251 5.97296462975e-18
57615.2304609 5.60483495437e-18
59599.1983968 5.27346800414e-18
61583.1663327 4.94210105391e-18
63567.1342685 4.63190895727e-18
65551.1022044 4.38966005235e-18
67535.0701403 4.14741114742e-18
69519.0380762 3.9051622425e-18
71503.006012 3.68652128659e-18
73486.9739479 3.51038699327e-18
75470.9418838 3.33425269995e-18
77454.9098196 3.15811840662e-18
79438.8777555 2.98213210013e-18
81422.8456914 2.8544925882e-18
83406.8136273 2.72685307626e-18
85390.7815631 2.59921356433e-18
87374.749499 2.47157405239e-18
89358.7174349 2.34807353863e-18
91342.6853707 2.25558303954e-18
93326.6533066 2.16309254045e-18
95310.6212425 2.07060204136e-18
97294.5891784 1.97811154227e-18
99278.5571142 1.88562104317e-18
101262.52505 1.80974906599e-18
103246.492986 1.74337338704e-18
105230.460922 1.67699770809e-18
107214.428858 1.61062202913e-18
109198.396794 1.54424635018e-18
111182.364729 1.47787067123e-18
113166.332665 1.42076096624e-18
115150.300601 1.3734455657e-18
117134.268537 1.32613016516e-18
119118.236473 1.27881476462e-18
121102.204409 1.23149936408e-18
123086.172345 1.18418396354e-18
125070.140281 1.136868563e-18
127054.108216 1.09746572791e-18
129038.076152 1.06366506706e-18
131022.044088 1.02986440622e-18
133006.012024 9.96063745372e-19
134989.97996 9.62263084526e-19
136973.947896 9.2846242368e-19
138957.915832 8.94661762834e-19
140941.883768 8.60861101988e-19
142925.851703 8.35463763316e-19
144909.819639 8.11633767654e-19
146893.787575 7.87803771993e-19
148877.755511 7.63973776331e-19
150861.723447 7.4014378067e-19
152845.691383 7.16313785008e-19
154829.659319 6.92483789347e-19
156813.627255 6.68653793686e-19
158797.59519 6.45937042248e-19
160781.563126 6.29271539584e-19
162765.531062 6.12606036921e-19
164749.498998 5.95940534258e-19
166733.466934 5.79275031595e-19
168717.43487 5.62609528931e-19
170701.402806 5.45944026268e-19
172685.370741 5.29278523605e-19
174669.338677 5.12613020942e-19
176653.306613 4.95947518278e-19
178637.274549 4.81348214601e-19
180621.242485 4.69747709627e-19
182605.210421 4.58147204654e-19
184589.178357 4.4654669968e-19
186573.146293 4.34946194707e-19
188557.114228 4.23345689733e-19
190541.082164 4.1174518476e-19
192525.0501 4.00144679786e-19
194509.018036 3.88544174812e-19
196492.985972 3.76943669839e-19
198476.953908 3.65343164865e-19
200460.921844 3.55447356817e-19
202444.88978 3.47465230968e-19
204428.857715 3.39483105119e-19
206412.825651 3.3150097927e-19
208396.793587 3.23518853421e-19
210380.761523 3.15536727572e-19
212364.729459 3.07554601723e-19
214348.697395 2.99572475874e-19
216332.665331 2.91590350025e-19
218316.633267 2.83608224176e-19
220300.601202 2.75626098328e-19
222284.569138 2.67643972479e-19
224268.537074 2.60175792041e-19
226252.50501 2.54765794088e-19
228236.472946 2.49355796136e-19
230220.440882 2.43945798184e-19
232204.408818 2.38535800232e-19
234188.376754 2.3312580228e-19
236172.344689 2.27715804327e-19
238156.312625 2.22305806375e-19
240140.280561 2.16895808423e-19
242124.248497 2.11485810471e-19
244108.216433 2.06075812518e-19
246092.184369 2.00665814566e-19
248076.152305 1.95255816614e-19
250060.12024 1.89845818662e-19
252044.088176 1.85201907912e-19
254028.056112 1.81568637162e-19
256012.024048 1.77935366412e-19
257995.991984 1.74302095662e-19
259979.95992 1.70668824912e-19
261963.927856 1.67035554161e-19
263947.895792 1.63402283411e-19
265931.863727 1.59769012661e-19
267915.831663 1.56135741911e-19
269899.799599 1.52502471161e-19
271883.767535 1.48869200411e-19
273867.735471 1.4523592966e-19
275851.703407 1.4160265891e-19
277835.671343 1.3796938816e-19
279819.639279 1.3433611741e-19
281803.607214 1.3070284666e-19
283787.57515 1.28288862335e-19
285771.543086 1.25896574235e-19
287755.511022 1.23504286135e-19
289739.478958 1.21111998036e-19
291723.446894 1.18719709936e-19
293707.41483 1.16327421836e-19
295691.382766 1.13935133737e-19
297675.350701 1.11542845637e-19
299659.318637 1.09150557538e-19
301643.286573 1.06758269438e-19
303627.254509 1.04365981338e-19
305611.222445 1.01973693239e-19
307595.190381 9.95814051389e-20
309579.158317 9.71891170393e-20
311563.126253 9.47968289396e-20
313547.094188 9.240454084e-20
315531.062124 9.00122527403e-20
317515.03006 8.81732515117e-20
319498.997996 8.66337048656e-20
321482.965932 8.50941582196e-20
323466.933868 8.35546115735e-20
325450.901804 8.20150649274e-20
327434.869739 8.04755182814e-20
329418.837675 7.89359716353e-20
331402.805611 7.73964249893e-20
333386.773547 7.58568783432e-20
335370.741483 7.43173316971e-20
337354.709419 7.27777850511e-20
339338.677355 7.1238238405e-20
341322.645291 6.9698691759e-20
343306.613226 6.81591451129e-20
345290.581162 6.66195984669e-20
347274.549098 6.50800518208e-20
349258.517034 6.35405051747e-20
351242.48497 6.20009585287e-20
353226.452906 6.04614118826e-20
355210.420842 5.90350328575e-20
357194.388778 5.80609850957e-20
359178.356713 5.70869373339e-20
361162.324649 5.61128895721e-20
363146.292585 5.51388418103e-20
365130.260521 5.41647940485e-20
367114.228457 5.31907462866e-20
369098.196393 5.22166985248e-20
371082.164329 5.1242650763e-20
373066.132265 5.02686030012e-20
375050.1002 4.92945552394e-20
377034.068136 4.83205074776e-20
379018.036072 4.73464597157e-20
381002.004008 4.63724119539e-20
382985.971944 4.53983641921e-20
384969.93988 4.44243164303e-20
386953.907816 4.34502686685e-20
388937.875752 4.24762209067e-20
390921.843687 4.15021731448e-20
392905.811623 4.0528125383e-20
394889.779559 3.95540776212e-20
396873.747495 3.85800298594e-20
398857.715431 3.77499502365e-20
400841.683367 3.71564635577e-20
402825.651303 3.65629768789e-20
404809.619238 3.59694902001e-20
406793.587174 3.53760035214e-20
408777.55511 3.47825168426e-20
410761.523046 3.41890301638e-20
412745.490982 3.3595543485e-20
414729.458918 3.30020568062e-20
416713.426854 3.24085701275e-20
418697.39479 3.18150834487e-20
420681.362725 3.12215967699e-20
422665.330661 3.06281100911e-20
424649.298597 3.00346234123e-20
426633.266533 2.94411367336e-20
428617.234469 2.88476500548e-20
430601.202405 2.8254163376e-20
432585.170341 2.76606766972e-20
434569.138277 2.70671900184e-20
436553.106212 2.64737033397e-20
438537.074148 2.58802166609e-20
440521.042084 2.52867299821e-20
442505.01002 2.46932433033e-20
444488.977956 2.40997566245e-20
446472.945892 2.35062699457e-20
448456.913828 2.31314885513e-20
450440.881764 2.27826863407e-20
452424.849699 2.24338841301e-20
454408.817635 2.20850819196e-20
456392.785571 2.1736279709e-20
458376.753507 2.13874774985e-20
460360.721443 2.10386752879e-20
462344.689379 2.06898730774e-20
464328.657315 2.03410708668e-20
466312.625251 1.99922686562e-20
468296.593186 1.96434664457e-20
470280.561122 1.92946642351e-20
472264.529058 1.89458620246e-20
474248.496994 1.8597059814e-20
476232.46493 1.82482576035e-20
478216.432866 1.78994553929e-20
480200.400802 1.75506531823e-20
482184.368737 1.72018509718e-20
484168.336673 1.68530487612e-20
486152.304609 1.65042465507e-20
488136.272545 1.61554443401e-20
490120.240481 1.58066421296e-20
492104.208417 1.5457839919e-20
494088.176353 1.51090377084e-20
496072.144289 1.47602354979e-20
498056.112224 1.44114332873e-20
500040.08016 1.40626310768e-20
502024.048096 1.37770244641e-20
504008.016032 1.35780500165e-20
505991.983968 1.33790755689e-20
507975.951904 1.31801011212e-20
509959.91984 1.29811266736e-20
511943.887776 1.2782152226e-20
513927.855711 1.25831777784e-20
515911.823647 1.23842033308e-20
517895.791583 1.21852288832e-20
519879.759519 1.19862544356e-20
521863.727455 1.1787279988e-20
523847.695391 1.15883055403e-20
525831.663327 1.13893310927e-20
527815.631263 1.11903566451e-20
529799.599198 1.09913821975e-20
531783.567134 1.07924077499e-20
533767.53507 1.05934333023e-20
535751.503006 1.03944588547e-20
537735.470942 1.01954844071e-20
539719.438878 9.99650995944e-21
541703.406814 9.79753551183e-21
543687.374749 9.59856106422e-21
545671.342685 9.3995866166e-21
547655.310621 9.20061216899e-21
549639.278557 9.00163772138e-21
551623.246493 8.80266327377e-21
553607.214429 8.60368882615e-21
555591.182365 8.40471437854e-21
557575.150301 8.20573993093e-21
559559.118236 8.00676548331e-21
561543.086172 7.8077910357e-21
563527.054108 7.66424293034e-21
565511.022044 7.55800813356e-21
567494.98998 7.45177333678e-21
569478.957916 7.34553854001e-21
571462.925852 7.23930374323e-21
573446.893788 7.13306894645e-21
575430.861723 7.02683414968e-21
577414.829659 6.9205993529e-21
579398.797595 6.81436455612e-21
581382.765531 6.70812975934e-21
583366.733467 6.60189496257e-21
585350.701403 6.49566016579e-21
587334.669339 6.38942536901e-21
589318.637275 6.28319057223e-21
591302.60521 6.17695577546e-21
593286.573146 6.07072097868e-21
595270.541082 5.9644861819e-21
597254.509018 5.85825138512e-21
599238.476954 5.75201658835e-21
601222.44489 5.64578179157e-21
603206.412826 5.53954699479e-21
605190.380762 5.43331219802e-21
607174.348697 5.32707740124e-21
609158.316633 5.22084260446e-21
611142.284569 5.11460780768e-21
613126.252505 5.00837301091e-21
615110.220441 4.90213821413e-21
617094.188377 4.79590341735e-21
619078.156313 4.68966862057e-21
621062.124248 4.5834338238e-21
623046.092184 4.47719902702e-21
625030.06012 4.37096423024e-21
627014.028056 4.26472943346e-21
628997.995992 4.15849463669e-21
630981.963928 4.05292286596e-21
632965.931864 4.00011828552e-21
634949.8998 3.94731370508e-21
636933.867735 3.89450912464e-21
638917.835671 3.8417045442e-21
640901.803607 3.78889996376e-21
642885.771543 3.73609538332e-21
644869.739479 3.68329080288e-21
646853.707415 3.63048622244e-21
648837.675351 3.577681642e-21
650821.643287 3.52487706156e-21
652805.611222 3.47207248112e-21
654789.579158 3.41926790068e-21
656773.547094 3.36646332023e-21
658757.51503 3.31365873979e-21
660741.482966 3.26085415935e-21
662725.450902 3.20804957891e-21
664709.418838 3.15524499847e-21
666693.386774 3.10244041803e-21
668677.354709 3.04963583759e-21
670661.322645 2.99683125715e-21
672645.290581 2.94402667671e-21
674629.258517 2.89122209627e-21
676613.226453 2.83841751583e-21
678597.194389 2.78561293539e-21
680581.162325 2.73280835495e-21
682565.130261 2.68000377451e-21
684549.098196 2.62719919407e-21
686533.066132 2.57439461363e-21
688517.034068 2.52159003319e-21
690501.002004 2.46878545275e-21
692484.96994 2.41598087231e-21
694468.937876 2.36317629187e-21
696452.905812 2.31037171143e-21
698436.873747 2.25756713099e-21
700420.841683 2.20476255055e-21
702404.809619 2.15195797011e-21
704388.777555 2.09915338967e-21
706372.745491 2.04634880923e-21
708356.713427 1.99944580143e-21
710340.681363 1.97513404983e-21
712324.649299 1.95082229823e-21
714308.617234 1.92651054663e-21
716292.58517 1.90219879503e-21
718276.553106 1.87788704343e-21
720260.521042 1.85357529183e-21
722244.488978 1.82926354023e-21
724228.456914 1.80495178863e-21
726212.42485 1.78064003703e-21
728196.392786 1.75632828543e-21
730180.360721 1.73201653383e-21
732164.328657 1.70770478223e-21
734148.296593 1.68339303063e-21
736132.264529 1.65908127903e-21
738116.232465 1.63476952743e-21
740100.200401 1.61045777583e-21
742084.168337 1.58614602423e-21
744068.136273 1.56183427263e-21
746052.104208 1.53752252103e-21
748036.072144 1.51321076943e-21
750020.04008 1.48889901783e-21
752004.008016 1.46458726623e-21
753987.975952 1.44027551463e-21
755971.943888 1.41596376304e-21
757955.911824 1.39165201144e-21
759939.87976 1.36734025984e-21
761923.847695 1.34302850824e-21
763907.815631 1.31871675664e-21
765891.783567 1.29440500504e-21
767875.751503 1.27009325344e-21
769859.719439 1.24578150184e-21
771843.687375 1.22146975024e-21
773827.655311 1.19715799864e-21
775811.623246 1.17284624704e-21
777795.591182 1.14853449544e-21
779779.559118 1.12422274384e-21
781763.527054 1.09991099224e-21
783747.49499 1.07559924064e-21
785731.462926 1.05128748904e-21
787715.430862 1.02697573744e-21
789699.398798 1.00266398584e-21
791683.366733 9.78352234239e-22
793667.334669 9.5404048264e-22
795651.302605 9.39261836643e-22
797635.270541 9.2924517611e-22
799619.238477 9.19228515577e-22
801603.206413 9.09211855044e-22
803587.174349 8.9919519451e-22
805571.142285 8.89178533977e-22
807555.11022 8.79161873444e-22
809539.078156 8.69145212911e-22
811523.046092 8.59128552378e-22
813507.014028 8.49111891845e-22
815490.981964 8.39095231312e-22
817474.9499 8.29078570779e-22
819458.917836 8.19061910246e-22
821442.885772 8.09045249713e-22
823426.853707 7.9902858918e-22
825410.821643 7.89011928647e-22
827394.789579 7.78995268114e-22
829378.757515 7.68978607581e-22
831362.725451 7.58961947048e-22
833346.693387 7.48945286514e-22
835330.661323 7.38928625981e-22
837314.629259 7.28911965448e-22
839298.597194 7.18895304915e-22
841282.56513 7.08878644382e-22
843266.533066 6.98861983849e-22
845250.501002 6.88845323316e-22
847234.468938 6.78828662783e-22
849218.436874 6.6881200225e-22
851202.40481 6.58795341717e-22
853186.372745 6.48778681184e-22
855170.340681 6.38762020651e-22
857154.308617 6.28745360118e-22
859138.276553 6.18728699585e-22
861122.244489 6.08712039052e-22
863106.212425 5.98695378518e-22
865090.180361 5.88678717985e-22
867074.148297 5.78662057452e-22
869058.116232 5.68645396919e-22
871042.084168 5.58628736386e-22
873026.052104 5.48612075853e-22
875010.02004 5.3859541532e-22
876993.987976 5.28578754787e-22
878977.955912 5.18562094254e-22
880961.923848 5.08545433721e-22
882945.891784 4.98528773188e-22
884929.859719 4.88512112655e-22
886913.827655 4.78495452122e-22
888897.795591 4.68478791589e-22
890881.763527 4.58462131056e-22
892865.731463 4.53706040092e-22
894849.699399 4.50152622354e-22
896833.667335 4.46599204616e-22
898817.635271 4.43045786878e-22
900801.603206 4.3949236914e-22
902785.571142 4.35938951402e-22
904769.539078 4.32385533664e-22
906753.507014 4.28832115926e-22
908737.47495 4.25278698188e-22
910721.442886 4.21725280451e-22
912705.410822 4.18171862713e-22
914689.378758 4.14618444975e-22
916673.346693 4.11065027237e-22
918657.314629 4.07511609499e-22
920641.282565 4.03958191761e-22
922625.250501 4.00404774023e-22
924609.218437 3.96851356285e-22
926593.186373 3.93297938547e-22
928577.154309 3.89744520809e-22
930561.122244 3.86191103071e-22
932545.09018 3.82637685333e-22
934529.058116 3.79084267595e-22
936513.026052 3.75530849857e-22
938496.993988 3.71977432119e-22
940480.961924 3.68424014381e-22
942464.92986 3.64870596643e-22
944448.897796 3.61317178905e-22
946432.865731 3.57763761167e-22
948416.833667 3.5421034343e-22
950400.801603 3.50656925692e-22
952384.769539 3.47103507954e-22
954368.737475 3.43550090216e-22
956352.705411 3.39996672478e-22
958336.673347 3.3644325474e-22
960320.641283 3.32889837002e-22
962304.609218 3.29336419264e-22
964288.577154 3.25783001526e-22
966272.54509 3.22229583788e-22
968256.513026 3.1867616605e-22
970240.480962 3.15122748312e-22
972224.448898 3.11569330574e-22
974208.416834 3.08015912836e-22
976192.38477 3.04462495098e-22
978176.352705 3.0090907736e-22
980160.320641 2.97355659622e-22
982144.288577 2.93802241884e-22
984128.256513 2.90248824147e-22
986112.224449 2.86695406409e-22
988096.192385 2.83141988671e-22
990080.160321 2.79588570933e-22
992064.128257 2.76035153195e-22
994048.096192 2.72481735457e-22
996032.064128 2.68928317719e-22
998016.032064 2.65374899981e-22
1000000.0 2.61821482243e-22
1895735.65241 1e-300
3593813.6638 1e-300
6812920.69058 1e-300
12915496.6501 1e-300
24484367.4682 1e-300
46415888.3361 1e-300
87992254.3569 1e-300
166810053.72 1e-300
316227766.017 1e-300
