50000.0 2.9771043993329673e-20
56100.92271509815 2.5725567596962032e-20
62946.27058970838 2.219774192025415e-20
70626.8772311377 1.9124821868161346e-20
79244.6596230557 1.644476140438692e-20
88913.97050194614 1.4116820006682258e-20
99763.11574844395 1.2100273365912978e-20
111936.05692841699 1.0354016776460339e-20
125594.32157547897 8.842323238059122e-21
140919.14656322275 7.536745526069078e-21
158113.88300841898 6.409295996928878e-21
177406.69461678766 5.4385555624587996e-21
199053.58527674866 4.604425402733624e-21
223341.7960754815 3.8885470046984225e-21
250593.61681363624 3.2749487884896896e-21
281170.66259517457 2.750110205214086e-21
315478.6722400965 2.300056653946224e-21
353972.89219206903 1.9167204859225344e-21
397164.1173621407 1.5913314619358874e-21
445625.46906687296 1.3160876449923214e-21
500000.0 1.0842079446059671e-21
561009.2271509818 8.898474943468008e-22
629462.7058970837 7.271777819070265e-22
706268.772311377 5.918147527290798e-22
792446.5962305567 4.795387638004917e-22
889139.7050194615 3.8664252448599555e-22
997631.1574844399 3.1004314344824227e-22
1119360.56928417 2.4723169099663315e-22
1255943.2157547898 1.9564474761299094e-22
1409191.4656322268 1.5375053105500066e-22
1581138.8300841895 1.1996181407364482e-22
1774066.9461678776 9.288839624353192e-23
1990535.8527674866 7.134428741391078e-23
2233417.960754815 5.433120000845547e-23
2505936.168136361 4.091428519499382e-23
2811706.6259517455 3.051126782889384e-23
3154786.7224009666 2.2529128300822924e-23
3539728.92192069 1.646203768605961e-23
3971641.173621407 1.1898945499191655e-23
4456254.690668727 8.511005192140694e-24
5000000.0 6.001446290248759e-24
5610092.271509818 4.183678581741786e-24
6294627.058970837 2.8822408484233467e-24
7062687.723113772 1.9648085197347253e-24
7924465.962305567 1.3271095571353656e-24
8891397.050194615 8.880158931713453e-25
9976311.574844398 5.876148299753492e-25
11193605.692841697 3.8710344194424657e-25
12559432.1575479 2.548703565704076e-25
14091914.656322269 1.6846737771380255e-25
15811388.300841898 1.123653196129814e-25
17740669.461678773 7.60670392797395e-26
19905358.52767486 5.284881697506866e-26
22334179.60754816 3.798054253971511e-26
25059361.681363612 2.8052436697098e-26
28117066.259517454 2.105124034138947e-26
31547867.224009663 1.6101201637705444e-26
35397289.2192069 1.2425440065811725e-26
39716411.73621407 9.36029825860765e-27
44562546.906687275 6.810215732472525e-27
50000000.0 5.1961813345933956e-27
61372432.53885792 1e-300
75331509.51473334 1e-300
92465559.71486612 1e-300
113496726.5153672 1e-300
139311403.8289119 1e-300
170997594.66766945 1e-300
209890766.86097074 1e-300
257630138.59408116 1e-300
316227766.01683795 1e-300
