100000.0 3.77399136838e-21
112201.84543 3.24425647356e-21
125892.541179 2.78526915665e-21
141253.754462 2.38830455403e-21
158489.319246 2.04481353943e-21
177827.941004 1.74862255358e-21
199526.231497 1.49357935844e-21
223872.113857 1.2742781114e-21
251188.643151 1.08593564813e-21
281838.293126 9.24312193684e-22
316227.766017 7.85598006746e-22
354813.389234 6.66874696611e-22
398107.170553 5.65368292373e-22
446683.592151 4.78692605688e-22
501187.233627 4.04725642529e-22
562341.32519 3.41556448325e-22
630957.34448 2.87550147723e-22
707945.784384 2.41459774438e-22
794328.234724 2.02131518111e-22
891250.938134 1.68594774721e-22
1000000.0 1.40030245792e-22
1122018.4543 1.15743736808e-22
1258925.41179 9.50861692078e-23
1412537.54462 7.78257081508e-23
1584893.19246 6.35407337529e-23
1778279.41004 5.17297887715e-23
1995262.31497 4.19502771837e-23
2238721.13857 3.38612947582e-23
2511886.43151 2.7144173256e-23
2818382.93126 2.16180318878e-23
3162277.66017 1.71021617902e-23
3548133.89234 1.34297936e-23
3981071.70553 1.04605619447e-23
4466835.92151 8.0802275905e-24
5011872.33627 6.17492630852e-24
5623413.2519 4.67041836856e-24
6309573.4448 3.49283918213e-24
7079457.84384 2.58092801125e-24
7943282.34724 1.88305352288e-24
8912509.38134 1.35562539808e-24
10000000.0 9.58973563758e-25
11220184.543 6.68643244204e-25
12589254.1179 4.58954425982e-25
14125375.4462 3.09951485881e-25
15848931.9246 2.06001288531e-25
17782794.1004 1.34893522265e-25
19952623.1497 8.67089250272e-26
22387211.3857 5.50248272624e-26
25118864.3151 3.45164472359e-26
28183829.3126 2.14275841033e-26
31622776.6017 1.32119721711e-26
35481338.9234 8.16046041992e-27
39810717.0553 5.09456508843e-27
44668359.2151 3.26815476289e-27
50118723.3627 2.17550438351e-27
56234132.519 1.50173630932e-27
63095734.448 1.07833464244e-27
70794578.4384 7.89191275878e-28
79432823.4724 5.70686190498e-28
89125093.8134 3.86065859732e-28
100000000.0 2.5611618053e-28
113646366.639 1e-300
129154966.501 1e-300
146779926.762 1e-300
166810053.72 1e-300
189573565.241 1e-300
215443469.003 1e-300
244843674.682 1e-300
278255940.221 1e-300
316227766.017 1e-300
