50000.0 7.494791379031665e-22
56100.92271509815 6.576692939592992e-22
62946.27058970838 5.758842387385221e-22
70626.8772311377 5.031289136804366e-22
79244.6596230557 4.383909584822321e-22
88913.97050194614 3.810552056446741e-22
99763.11574844395 3.3037872498634226e-22
111936.05692841699 2.857592500382528e-22
125594.32157547897 2.466153004435511e-22
140919.14656322275 2.1233823799306344e-22
158113.88300841898 1.8232085313904816e-22
177406.69461678766 1.5615447757463473e-22
199053.58527674866 1.3338890902216252e-22
223341.7960754815 1.1367475037523753e-22
250593.61681363624 9.666591181519859e-23
281170.66259517457 8.198524715879299e-23
315478.6722400965 6.935768190347572e-23
353972.89219206903 5.854767721047693e-23
397164.1173621407 4.932269669206556e-23
445625.46906687296 4.147583396052175e-23
500000.0 3.482005800383361e-23
561009.2271509818 2.9185924188938776e-23
629462.7058970837 2.4431459543876844e-23
706268.772311377 2.041488674142216e-23
792446.5962305567 1.704099150749264e-23
889139.7050194615 1.4218861602890525e-23
997631.1574844399 1.186648641248368e-23
1119360.56928417 9.912563757718056e-24
1255943.2157547898 8.271508754027402e-24
1409191.4656322268 6.905189696908775e-24
1581138.8300841895 5.770354637246068e-24
1774066.9461678776 4.830232436138055e-24
1990535.8527674866 4.052284609764672e-24
2233417.960754815 3.4071947415485925e-24
2505936.168136361 2.8710283061149295e-24
2811706.6259517455 2.4245893344616936e-24
3154786.7224009666 2.0532912054160963e-24
3539728.92192069 1.744625562146123e-24
3971641.173621407 1.4873675344399288e-24
4456254.690668727 1.2713380377197155e-24
5000000.0 1.0891649181996523e-24
5610092.271509818 9.35642997342312e-25
6294627.058970837 8.057357028045105e-25
7062687.723113772 6.954118033238544e-25
7924465.962305567 6.010465073042157e-25
8891397.050194615 5.191656298183144e-25
9976311.574844398 4.490523233529292e-25
11193605.692841697 3.8838601470576605e-25
12559432.1575479 3.353412132598497e-25
14091914.656322269 2.890254186665934e-25
15811388.300841898 2.4885672091735296e-25
17740669.461678773 2.1426262752197816e-25
19905358.52767486 1.834231038570275e-25
22334179.60754816 1.5638746396834538e-25
25059361.681363612 1.3296841748084377e-25
28117066.259517454 1.1275658229125239e-25
31547867.224009663 9.563853354734282e-26
35397289.2192069 8.13133692231316e-26
39716411.73621407 6.912694401219852e-26
44562546.906687275 5.864336917619884e-26
50000000.0 5.0334038900864103e-26
61372432.53885792 1e-300
75331509.51473334 1e-300
92465559.71486612 1e-300
113496726.5153672 1e-300
139311403.8289119 1e-300
170997594.66766945 1e-300
209890766.86097074 1e-300
257630138.59408116 1e-300
316227766.01683795 1e-300
