80000.0 2.05430875766e-22
89761.4763442 1.79924253403e-22
100714.032944 1.57259129998e-22
113003.00357 1.37157826052e-22
126791.455397 1.1925961284e-22
142262.352803 1.03469796611e-22
159620.985198 8.95606037814e-23
179097.691085 7.73351330997e-23
200950.914521 6.66146903939e-23
225470.634501 5.72326513315e-23
252982.212813 4.90300523187e-23
283850.711387 4.19129223076e-23
318485.736443 3.57466300538e-23
357346.873721 3.04090127203e-23
400949.786902 2.57987713073e-23
449873.060152 2.18363766265e-23
504765.875584 1.84304329537e-23
566356.627507 1.55220555032e-23
635462.587779 1.30467080229e-23
713000.750507 1.09459177029e-23
800000.0 9.16665315409e-24
897614.763442 7.66117627363e-24
1007140.32944 6.39462906872e-24
1130030.0357 5.32771600908e-24
1267914.55397 4.43561187426e-24
1422623.52803 3.69052729746e-24
1596209.85198 3.06825578111e-24
1790976.91085 2.55043755155e-24
2009509.14521 2.11740641929e-24
2254706.34501 1.75914694918e-24
2529822.12813 1.46413335125e-24
2838507.11387 1.22055162315e-24
3184857.36443 1.01865611697e-24
3573468.73721 8.51469773321e-25
4009497.86902 7.13462235348e-25
4498730.60152 5.99769744648e-25
5047658.75584 5.05824183767e-25
5663566.27507 4.27798466538e-25
6354625.87779 3.62793983396e-25
7130007.50507 3.08790582772e-25
8000000.0 2.64043429824e-25
8976147.63442 2.26311281106e-25
10071403.2944 1.94325372293e-25
11300300.357 1.67138406874e-25
12679145.5397 1.43972266478e-25
14226235.2803 1.24128983867e-25
15962098.5198 1.07214198455e-25
17909769.1085 9.25863728183e-26
20095091.4521 7.97265310762e-26
22547063.4501 6.85568599163e-26
25298221.2813 5.89746049564e-26
28385071.1387 5.0664266939e-26
31848573.6443 4.33240051747e-26
35734687.3721 3.68769680812e-26
40094978.6902 3.13420177861e-26
44987306.0152 2.66010893438e-26
50476587.5584 2.25471331005e-26
56635662.7507 1.89983517921e-26
63546258.7779 1.59189370537e-26
71300075.0507 1.31789021e-26
80000000.0 1.10707368199e-26
93199444.0601 1e-300
108576704.664 1e-300
126491106.407 1e-300
147361259.946 1e-300
171674843.787 1e-300
200000000.0 1e-300
232998610.15 1e-300
271441761.659 1e-300
316227766.017 1e-300
