10644.401677 1.98465905716e-17
16635.0942588 1.12809261756e-17
22625.7868406 7.52743998101e-18
28616.4794224 5.42008836218e-18
34607.1720042 4.07679430698e-18
40597.8645861 3.16962015156e-18
46588.5571679 2.52790055765e-18
52579.2497497 2.07170178425e-18
58569.9423315 1.73312144612e-18
64560.6349133 1.47135453396e-18
70551.3274951 1.26095022947e-18
76542.0200769 1.08589225664e-18
82532.7126587 9.48060682731e-19
88523.4052405 8.33724345944e-19
94514.0978223 7.31329749192e-19
100504.790404 6.53742469513e-19
106495.482986 5.77888950698e-19
112486.175568 5.22196716055e-19
118476.86815 4.66504481412e-19
124467.560731 4.2356364862e-19
130458.253313 3.83041923443e-19
136448.945895 3.47046445167e-19
142439.638477 3.17619980029e-19
148430.331059 2.88193514891e-19
154421.02364 2.64422863648e-19
160411.716222 2.43331813774e-19
166402.408804 2.22240763899e-19
172393.101386 2.04914776095e-19
178383.793968 1.89935115933e-19
184374.486549 1.74955455772e-19
190365.179131 1.60763846289e-19
196355.871713 1.50163662373e-19
202346.564295 1.39563478458e-19
208337.256877 1.28963294543e-19
214327.949459 1.19414332325e-19
220318.64204 1.12053270009e-19
226309.334622 1.04692207693e-19
232300.027204 9.73311453774e-20
238290.719786 8.99700830616e-20
244281.412368 8.49246076341e-20
250272.104949 7.9882131945e-20
256262.797531 7.48396562558e-20
262253.490113 6.97971805667e-20
268244.182695 6.49909247473e-20
274234.875277 6.15770813268e-20
280225.567858 5.81632379062e-20
286216.26044 5.47493944857e-20
292206.953022 5.13355510651e-20
298197.645604 4.79217076445e-20
304188.338186 4.53097584293e-20
310179.030767 4.30428858248e-20
316169.723349 4.07760132204e-20
322160.415931 3.8509140616e-20
328151.108513 3.62422680116e-20
334141.801095 3.39753954071e-20
340132.493677 3.2172728704e-20
346123.186258 3.06943302841e-20
352113.87884 2.92159318643e-20
358104.571422 2.77375334445e-20
364095.264004 2.62591350247e-20
370085.956586 2.47807366048e-20
376076.649167 2.3302338185e-20
382067.341749 2.22077006833e-20
388058.034331 2.12530246472e-20
394048.726913 2.02983486112e-20
400039.419495 1.93436725751e-20
406030.112076 1.8388996539e-20
412020.804658 1.74343205029e-20
418011.49724 1.64796444668e-20
424002.189822 1.55392375284e-20
429992.882404 1.49393659684e-20
435983.574985 1.43394944083e-20
441974.267567 1.37396228483e-20
447964.960149 1.31397512882e-20
453955.652731 1.25398797282e-20
459946.345313 1.19400081681e-20
465937.037895 1.13401366081e-20
471927.730476 1.0740265048e-20
477918.423058 1.02345749777e-20
483909.11564 9.8649504435e-21
489899.808222 9.49532590929e-21
495890.500804 9.12570137509e-21
501881.193385 8.75607684088e-21
507871.885967 8.38645230667e-21
513862.578549 8.01682777247e-21
519853.271131 7.64720323826e-21
525843.963713 7.27757870405e-21
531834.656294 6.90795416984e-21
537825.348876 6.64397058364e-21
543816.041458 6.42011563905e-21
549806.73404 6.19626069445e-21
555797.426622 5.97240574985e-21
561788.119203 5.74855080526e-21
567778.811785 5.52469586066e-21
573769.504367 5.30084091606e-21
579760.196949 5.07698597147e-21
585750.889531 4.85313102687e-21
591741.582113 4.62927608227e-21
597732.274694 4.40542113767e-21
603722.967276 4.25978414434e-21
609713.659858 4.12701684612e-21
615704.35244 3.99424954791e-21
621695.045022 3.8614822497e-21
627685.737603 3.72871495148e-21
633676.430185 3.59594765327e-21
639667.122767 3.46318035505e-21
645657.815349 3.33041305684e-21
651648.507931 3.19764575863e-21
657639.200512 3.06487846041e-21
663629.893094 2.9321111622e-21
669620.585676 2.79934386398e-21
675611.278258 2.70387352165e-21
681601.97084 2.62703566974e-21
687592.663421 2.55019781783e-21
693583.356003 2.47335996592e-21
699574.048585 2.39652211401e-21
705564.741167 2.3196842621e-21
711555.433749 2.24284641019e-21
717546.126331 2.16600855827e-21
723536.818912 2.08917070636e-21
729527.511494 2.01233285445e-21
735518.204076 1.93549500254e-21
741508.896658 1.85865715063e-21
747499.58924 1.78181929872e-21
753490.281821 1.70498144681e-21
759480.974403 1.66081861461e-21
765471.666985 1.61707366391e-21
771462.359567 1.57332871321e-21
777453.052149 1.5295837625e-21
783443.74473 1.4858388118e-21
789434.437312 1.4420938611e-21
795425.129894 1.3983489104e-21
801415.822476 1.3546039597e-21
807406.515058 1.310859009e-21
813397.207639 1.2671140583e-21
819387.900221 1.2233691076e-21
825378.592803 1.1796241569e-21
831369.285385 1.13587920619e-21
837359.977967 1.09213425549e-21
843350.670549 1.04838930479e-21
849341.36313 1.01713830586e-21
855332.055712 9.92953721559e-22
861322.748294 9.68769137257e-22
867313.440876 9.44584552954e-22
873304.133458 9.20399968652e-22
879294.826039 8.96215384349e-22
885285.518621 8.72030800046e-22
891276.211203 8.47846215744e-22
897266.903785 8.23661631441e-22
903257.596367 7.99477047139e-22
909248.288948 7.75292462836e-22
915238.98153 7.51107878533e-22
921229.674112 7.26923294231e-22
927220.366694 7.02738709928e-22
933211.059276 6.78554125626e-22
939201.751857 6.54369541323e-22
945192.444439 6.30184957021e-22
951183.137021 6.10606172856e-22
957173.829603 5.97459072584e-22
963164.522185 5.84311972312e-22
969155.214767 5.71164872041e-22
975145.907348 5.58017771769e-22
981136.59993 5.44870671497e-22
987127.292512 5.31723571226e-22
993117.985094 5.18576470954e-22
999108.677676 5.05429370682e-22
1005099.37026 4.92282270411e-22
1011090.06284 4.79135170139e-22
1017080.75542 4.65988069867e-22
1023071.448 4.52840969596e-22
1029062.14058 4.39693869324e-22
1035052.83317 4.26546769052e-22
1041043.52575 4.13399668781e-22
1047034.21833 4.00252568509e-22
1053024.91091 3.87105468237e-22
1059015.60349 3.73958367966e-22
1065006.29608 3.61387025271e-22
1070996.98866 3.54332512474e-22
1076987.68124 3.47277999678e-22
1082978.37382 3.40223486881e-22
1088969.0664 3.33168974085e-22
1094959.75898 3.26114461288e-22
1100950.45157 3.19059948492e-22
1106941.14415 3.12005435695e-22
1112931.83673 3.04950922899e-22
1118922.52931 2.97896410102e-22
1124913.22189 2.90841897306e-22
1130903.91448 2.83787384509e-22
1136894.60706 2.76732871713e-22
1142885.29964 2.69678358916e-22
1148875.99222 2.62623846119e-22
1154866.6848 2.55569333323e-22
1160857.37738 2.48514820526e-22
1166848.06997 2.4146030773e-22
1172838.76255 2.34405794933e-22
1178829.45513 2.27351282137e-22
1184820.14771 2.2029676934e-22
1190810.84029 2.13242256544e-22
1196801.53288 2.07605807668e-22
1202792.22546 2.03976743396e-22
1208782.91804 2.00347679124e-22
1214773.61062 1.96718614853e-22
1220764.3032 1.93089550581e-22
1226754.99578 1.89460486309e-22
1232745.68837 1.85831422037e-22
1238736.38095 1.82202357765e-22
1244727.07353 1.78573293493e-22
1250717.76611 1.74944229221e-22
1256708.45869 1.71315164949e-22
1262699.15128 1.67686100678e-22
1268689.84386 1.64057036406e-22
1274680.53644 1.60427972134e-22
1280671.22902 1.56798907862e-22
1286661.9216 1.5316984359e-22
1292652.61418 1.49540779318e-22
1298643.30677 1.45911715046e-22
1304633.99935 1.42282650774e-22
1310624.69193 1.38653586503e-22
1316615.38451 1.35024522231e-22
1322606.07709 1.31395457959e-22
1328596.76968 1.27766393687e-22
1334587.46226 1.24137329415e-22
1340578.15484 1.20665089358e-22
1346568.84742 1.18817451256e-22
1352559.54 1.16969813154e-22
1358550.23258 1.15122175052e-22
1364540.92517 1.1327453695e-22
1370531.61775 1.11426898848e-22
1376522.31033 1.09579260746e-22
1382513.00291 1.07731622644e-22
1388503.69549 1.05883984542e-22
1394494.38808 1.0403634644e-22
1400485.08066 1.02188708338e-22
1406475.77324 1.00341070236e-22
1412466.46582 9.84934321339e-23
1418457.1584 9.66457940319e-23
1424447.85098 9.47981559299e-23
1430438.54357 9.29505178279e-23
1436429.23615 9.1102879726e-23
1442419.92873 8.9255241624e-23
1448410.62131 8.7407603522e-23
1454401.31389 8.555996542e-23
1460392.00647 8.3712327318e-23
1466382.69906 8.18646892161e-23
1472373.39164 8.00170511141e-23
1478364.08422 7.81694130121e-23
1484354.7768 7.63217749101e-23
1490345.46938 7.44741368081e-23
1496336.16197 7.26264987061e-23
1502326.85455 7.07788606042e-23
1508317.54713 6.96713358418e-23
1514308.23971 6.8755980085e-23
1520298.93229 6.78406243283e-23
1526289.62487 6.69252685715e-23
1532280.31746 6.60099128148e-23
1538271.01004 6.5094557058e-23
1544261.70262 6.41792013012e-23
1550252.3952 6.32638455445e-23
1556243.08778 6.23484897877e-23
1562233.78037 6.1433134031e-23
1568224.47295 6.05177782742e-23
1574215.16553 5.96024225175e-23
1580205.85811 5.86870667607e-23
1586196.55069 5.77717110039e-23
1592187.24327 5.68563552472e-23
1598177.93586 5.59409994904e-23
1604168.62844 5.50256437337e-23
1610159.32102 5.41102879769e-23
1616150.0136 5.31949322202e-23
1622140.70618 5.22795764634e-23
1628131.39877 5.13642207067e-23
1634122.09135 5.04488649499e-23
1640112.78393 4.95335091931e-23
1646103.47651 4.86181534364e-23
1652094.16909 4.77027976796e-23
1658084.86167 4.67874419229e-23
1664075.55426 4.58720861661e-23
1670066.24684 4.49567304094e-23
1676056.93942 4.40413746526e-23
1682047.632 4.31260188958e-23
1688038.32458 4.22904854566e-23
1694029.01717 4.18465561608e-23
1700019.70975 4.14026268649e-23
1706010.40233 4.09586975691e-23
1712001.09491 4.05147682733e-23
1717991.78749 4.00708389775e-23
1723982.48007 3.96269096817e-23
1729973.17266 3.91829803859e-23
1735963.86524 3.87390510901e-23
1741954.55782 3.82951217943e-23
1747945.2504 3.78511924985e-23
1753935.94298 3.74072632027e-23
1759926.63557 3.69633339069e-23
1765917.32815 3.6519404611e-23
1771908.02073 3.60754753152e-23
1777898.71331 3.56315460194e-23
1783889.40589 3.51876167236e-23
1789880.09847 3.47436874278e-23
1795870.79106 3.4299758132e-23
1801861.48364 3.38558288362e-23
1807852.17622 3.34118995404e-23
1813842.8688 3.29679702446e-23
1819833.56138 3.25240409488e-23
1825824.25397 3.20801116529e-23
1831814.94655 3.16361823571e-23
1837805.63913 3.11922530613e-23
1843796.33171 3.07483237655e-23
1849787.02429 3.03043944697e-23
1855777.71687 2.98604651739e-23
1861768.40946 2.94165358781e-23
1867759.10204 2.89726065823e-23
1873749.79462 2.85286772865e-23
1879740.4872 2.80847479907e-23
1885731.17978 2.76408186949e-23
1891721.87237 2.7196889399e-23
1897712.56495 2.69295346177e-23
1903703.25753 2.67041357937e-23
1909693.95011 2.64787369696e-23
1915684.64269 2.62533381456e-23
1921675.33527 2.60279393216e-23
1927666.02786 2.58025404976e-23
1933656.72044 2.55771416736e-23
1939647.41302 2.53517428495e-23
1945638.1056 2.51263440255e-23
1951628.79818 2.49009452015e-23
1957619.49077 2.46755463775e-23
1963610.18335 2.44501475534e-23
1969600.87593 2.42247487294e-23
1975591.56851 2.39993499054e-23
1981582.26109 2.37739510814e-23
1987572.95367 2.35485522574e-23
1993563.64626 2.33231534333e-23
1999554.33884 2.30977546093e-23
2005545.03142 2.28723557853e-23
2011535.724 2.26469569613e-23
2017526.41658 2.24215581373e-23
2023517.10917 2.21961593132e-23
2029507.80175 2.19707604892e-23
2035498.49433 2.17453616652e-23
2041489.18691 2.15199628412e-23
2047479.87949 2.12945640172e-23
2053470.57207 2.10691651931e-23
2059461.26466 2.08437663691e-23
2065451.95724 2.06183675451e-23
2071442.64982 2.03929687211e-23
2077433.3424 2.01675698971e-23
2083424.03498 1.9942171073e-23
2089414.72756 1.9716772249e-23
2095405.42015 1.9491373425e-23
2101396.11273 1.9265974601e-23
2107386.80531 1.90405757769e-23
2113377.49789 1.88151769529e-23
2119368.19047 1.85897781289e-23
2125358.88306 1.83894037833e-23
2131349.57564 1.82625333921e-23
2137340.26822 1.81356630009e-23
2143330.9608 1.80087926098e-23
2149321.65338 1.78819222186e-23
2155312.34596 1.77550518275e-23
2161303.03855 1.76281814363e-23
2167293.73113 1.75013110452e-23
2173284.42371 1.7374440654e-23
2179275.11629 1.72475702629e-23
2185265.80887 1.71206998717e-23
2191256.50146 1.69938294805e-23
2197247.19404 1.68669590894e-23
2203237.88662 1.67400886982e-23
2209228.5792 1.66132183071e-23
2215219.27178 1.64863479159e-23
2221209.96436 1.63594775248e-23
2227200.65695 1.62326071336e-23
2233191.34953 1.61057367425e-23
2239182.04211 1.59788663513e-23
2245172.73469 1.58519959602e-23
2251163.42727 1.5725125569e-23
2257154.11986 1.55982551778e-23
2263144.81244 1.54713847867e-23
2269135.50502 1.53445143955e-23
2275126.1976 1.52176440044e-23
2281116.89018 1.50907736132e-23
2287107.58276 1.49639032221e-23
2293098.27535 1.48370328309e-23
2299088.96793 1.47101624398e-23
2305079.66051 1.45832920486e-23
2311070.35309 1.44564216574e-23
2317061.04567 1.43295512663e-23
2323051.73826 1.42026808751e-23
2329042.43084 1.4075810484e-23
2335033.12342 1.39489400928e-23
2341023.816 1.38220697017e-23
2347014.50858 1.36951993105e-23
2353005.20116 1.35683289194e-23
2358995.89375 1.34414585282e-23
2364986.58633 1.33145881371e-23
2370977.27891 1.31877177459e-23
2376967.97149 1.30608473547e-23
2382958.66407 1.29339769636e-23
2388949.35666 1.28489962951e-23
2394940.04924 1.27641985061e-23
2400930.74182 1.2679400717e-23
2406921.4344 1.2594602928e-23
2412912.12698 1.2509805139e-23
2418902.81956 1.242500735e-23
2424893.51215 1.23402095609e-23
2430884.20473 1.22554117719e-23
2436874.89731 1.21706139829e-23
2442865.58989 1.20858161939e-23
2448856.28247 1.20010184049e-23
2454846.97506 1.19162206158e-23
2460837.66764 1.18314228268e-23
2466828.36022 1.17466250378e-23
2472819.0528 1.16618272488e-23
2478809.74538 1.15770294597e-23
2484800.43796 1.14922316707e-23
2490791.13055 1.14074338817e-23
2496781.82313 1.13226360927e-23
2502772.51571 1.12378383037e-23
2508763.20829 1.11530405146e-23
2514753.90087 1.10682427256e-23
2520744.59346 1.09834449366e-23
2526735.28604 1.08986471476e-23
2532725.97862 1.08138493585e-23
2538716.6712 1.07290515695e-23
2544707.36378 1.06442537805e-23
2550698.05636 1.05594559915e-23
2556688.74895 1.04746582024e-23
2562679.44153 1.03898604134e-23
2568670.13411 1.03050626244e-23
2574660.82669 1.02202648354e-23
2580651.51927 1.01354670464e-23
2586642.21186 1.00506692573e-23
2592632.90444 9.96587146831e-24
2598623.59702 9.88107367929e-24
2604614.2896 9.79627589026e-24
2610604.98218 9.71147810124e-24
2616595.67476 9.62668031222e-24
2622586.36735 9.54188252319e-24
2628577.05993 9.45708473417e-24
2634567.75251 9.37228694515e-24
2640558.44509 9.28748915612e-24
2646549.13767 9.2026913671e-24
2652539.83026 9.11789357808e-24
2658530.52284 9.03309578906e-24
2664521.21542 8.94829800003e-24
2670511.908 8.86350021101e-24
2676502.60058 8.79751330646e-24
2682493.29316 8.75369696785e-24
2688483.98575 8.70988062925e-24
2694474.67833 8.66606429064e-24
2700465.37091 8.62224795204e-24
2706456.06349 8.57843161343e-24
2712446.75607 8.53461527483e-24
2718437.44865 8.49079893622e-24
2724428.14124 8.44698259762e-24
2730418.83382 8.40316625902e-24
2736409.5264 8.35934992041e-24
2742400.21898 8.31553358181e-24
2748390.91156 8.2717172432e-24
2754381.60415 8.2279009046e-24
2760372.29673 8.18408456599e-24
2766362.98931 8.14026822739e-24
2772353.68189 8.09645188878e-24
2778344.37447 8.05263555018e-24
2784335.06705 8.00881921158e-24
2790325.75964 7.96500287297e-24
2796316.45222 7.92118653437e-24
2802307.1448 7.87737019576e-24
2808297.83738 7.83355385716e-24
2814288.52996 7.78973751855e-24
2820279.22255 7.74592117995e-24
2826269.91513 7.70210484134e-24
2832260.60771 7.65828850274e-24
2838251.30029 7.61447216414e-24
2844241.99287 7.57065582553e-24
2850232.68545 7.52683948693e-24
2856223.37804 7.48302314832e-24
2862214.07062 7.43920680972e-24
2868204.7632 7.39539047111e-24
2874195.45578 7.35157413251e-24
2880186.14836 7.3077577939e-24
2886176.84095 7.2639414553e-24
2892167.53353 7.2201251167e-24
2898158.22611 7.17630877809e-24
2904148.91869 7.13249243949e-24
2910139.61127 7.08867610088e-24
2916130.30385 7.04485976228e-24
2922120.99644 7.00104342367e-24
2928111.68902 6.95722708507e-24
2934102.3816 6.91341074646e-24
2940093.07418 6.86959440786e-24
2946083.76676 6.82577806926e-24
2952074.45935 6.78196173065e-24
2958065.15193 6.73814539205e-24
2964055.84451 6.69432905344e-24
2970046.53709 6.65051271484e-24
2976037.22967 6.60669637623e-24
2982027.92225 6.56288003763e-24
2988018.61484 6.51906369902e-24
2994009.30742 6.47524736042e-24
3000000.0 6.43143102182e-24
5033679.49621 1e-300
8445976.42353 1e-300
14171446.1162 1e-300
23778172.5823 1e-300
39897233.2616 1e-300
66943295.0082 1e-300
112323697.164 1e-300
188467163.784 1e-300
316227766.017 1e-300
