80000.0 4.2390727034891885e-21
89761.47634415704 3.6977805048163264e-21
100714.0329435334 3.2223991301894456e-21
113003.00356982033 2.805147388509574e-21
126791.45539688913 2.438303462202626e-21
142262.35280311384 2.115770896571855e-21
159620.9851975103 1.833541101443042e-21
179097.6910854672 1.5867282633716143e-21
200950.91452076635 1.371078961942405e-21
225470.6345011564 1.1835560083365456e-21
252982.21281347034 1.0173908681461167e-21
283850.7113868603 8.731185875309001e-22
318485.7364427979 7.474827053133906e-22
357346.8737207704 6.3833535767817625e-22
400949.78690181795 5.437445743700274e-22
449873.0601522793 4.6163002305645185e-22
504765.8755841544 3.9032007036846853e-22
566356.6275073105 3.2892361446510504e-22
635462.5877794251 2.762168322995071e-22
713000.7505069968 2.3112078439547795e-22
800000.0 1.9267939474527076e-22
897614.7634415708 1.6004217947002473e-22
1007140.3294353341 1.3231723374276421e-22
1130030.0356982031 1.0899493708105742e-22
1267914.5539688906 8.94437796381649e-23
1422623.5280311385 7.309568490934251e-23
1596209.8519751038 5.947249349229951e-23
1790976.9108546718 4.8182769787679653e-23
2009509.1452076635 3.880249950713102e-23
2254706.345011563 3.10965530327843e-23
2529822.1281347033 2.479434970869803e-23
2838507.113868604 1.9664712779677794e-23
3184857.3644279786 1.551090735648415e-23
3573468.737207704 1.2165970464603784e-23
4009497.8690181775 9.47193154100879e-24
4498730.601522793 7.332347346560193e-24
5047658.755841547 5.639210822774179e-24
5663566.275073105 4.3087108541338664e-24
6354625.877794251 3.2712354586853894e-24
7130007.505069965 2.4675410754586638e-24
8000000.0 1.845960904567395e-24
8976147.634415708 1.372319618818402e-24
10071403.294353338 1.0139233561337411e-24
11300300.356982036 7.448121033849663e-25
12679145.539688908 5.443824890505702e-25
14226235.280311383 3.963400287645197e-25
15962098.519751038 2.8796769461728317e-25
17909769.108546715 2.095193616193882e-25
20095091.452076644 1.5325048313784066e-25
22547063.450115632 1.132198011034027e-25
25298221.281347036 8.495670842411602e-26
28385071.13868604 6.516942366595782e-26
31848573.644279774 5.193664233643195e-26
35734687.372077055 4.3068902373780465e-26
40094978.69018178 3.749504947264258e-26
44987306.01522793 3.4394770595284093e-26
50476587.55841546 3.43644093118373e-26
56635662.750731036 3.809500792767055e-26
63546258.777942516 5.175809817356734e-26
71300075.05069964 1.1121264343381903e-25
80000000.0 2.390614615105658e-25
93199444.06005707 1e-300
108576704.66379629 1e-300
126491106.40673521 1e-300
147361259.9456155 1e-300
171674843.78651142 1e-300
200000000.00000003 1e-300
232998610.1501426 1e-300
271441761.65949064 1e-300
316227766.01683795 1e-300
