10023.7446725 8.40501492698e-20
50083.8173285 3.85791969621e-20
90143.8899845 2.33764659537e-20
130203.96264 1.59983051902e-20
170264.035296 1.17316607974e-20
210324.107952 9.00426580727e-21
250384.180608 7.11993520012e-21
290444.253264 5.80899481116e-21
330504.32592 4.82981322571e-21
370564.398576 4.07579232768e-21
410624.471232 3.48261421567e-21
450684.543888 3.00270780196e-21
490744.616544 2.62870609659e-21
530804.6892 2.3183057589e-21
570864.761856 2.04637909322e-21
610924.834512 1.83137593161e-21
650984.907168 1.64072526993e-21
691044.979824 1.47837163962e-21
731105.05248 1.33803496656e-21
771165.125136 1.21674613068e-21
811225.197792 1.10715238649e-21
851285.270448 1.01707470879e-21
891345.343104 9.26997031096e-22
931405.41576 8.5890787655e-22
971465.488416 7.91987475132e-22
1011525.56107 7.29143920204e-22
1051585.63373 6.80070430844e-22
1091645.70638 6.30996941485e-22
1131705.77904 5.8425535093e-22
1171765.8517 5.48483061087e-22
1211825.92435 5.12710771245e-22
1251885.99701 4.76938481403e-22
1291946.06966 4.48446194706e-22
1332006.14232 4.22384995334e-22
1372066.21498 3.96323795962e-22
1412126.28763 3.7026259659e-22
1452186.36029 3.507948788e-22
1492246.43294 3.32011179592e-22
1532306.5056 3.13227480384e-22
1572366.57826 2.94443781176e-22
1612426.65091 2.78839943033e-22
1652486.72357 2.65415288538e-22
1692546.79622 2.51990634043e-22
1732606.86888 2.38565979547e-22
1772666.94154 2.25141325052e-22
1812727.01419 2.146021648e-22
1852787.08685 2.05001913334e-22
1892847.1595 1.95401661869e-22
1932907.23216 1.85801410403e-22
1972967.30481 1.76201158937e-22
2013027.37747 1.67526776726e-22
2053087.45013 1.60773636251e-22
2093147.52278 1.54020495776e-22
2133207.59544 1.47267355301e-22
2173267.66809 1.40514214826e-22
2213327.74075 1.33761074352e-22
2253387.81341 1.27480927712e-22
2293447.88606 1.22754133115e-22
2333507.95872 1.18027338518e-22
2373568.03137 1.13300543921e-22
2413628.10403 1.08573749324e-22
2453688.17669 1.03846954728e-22
2493748.24934 9.91201601306e-23
2533808.322 9.49735941717e-23
2573868.39465 9.17034189517e-23
2613928.46731 8.84332437318e-23
2653988.53997 8.51630685118e-23
2694048.61262 8.18928932919e-23
2734108.68528 7.86227180719e-23
2774168.75793 7.5352542852e-23
2814228.83059 7.2082367632e-23
2854288.90325 6.9566008853e-23
2894348.9759 6.73295206892e-23
2934409.04856 6.50930325255e-23
2974469.12121 6.28565443617e-23
3014529.19387 6.06200561979e-23
3054589.26653 5.83835680341e-23
3094649.33918 5.61470798703e-23
3134709.41184 5.39105917065e-23
3174769.48449 5.17652583152e-23
3214829.55715 5.0261580475e-23
3254889.62981 4.87579026347e-23
3294949.70246 4.72542247945e-23
3335009.77512 4.57505469542e-23
3375069.84777 4.42468691139e-23
3415129.92043 4.27431912737e-23
3455189.99309 4.12395134334e-23
3495250.06574 3.97358355932e-23
3535310.1384 3.82321577529e-23
3575370.21105 3.69605688954e-23
3615430.28371 3.59511395413e-23
3655490.35637 3.49417101871e-23
3695550.42902 3.3932280833e-23
3735610.50168 3.29228514788e-23
3775670.57433 3.19134221247e-23
3815730.64699 3.09039927705e-23
3855790.71965 2.98945634164e-23
3895850.7923 2.88851340622e-23
3935910.86496 2.78757047081e-23
3975970.93761 2.68662753539e-23
4016031.01027 2.60764955525e-23
4056091.08293 2.54120456476e-23
4096151.15558 2.47475957427e-23
4136211.22824 2.40831458378e-23
4176271.30089 2.34186959329e-23
4216331.37355 2.2754246028e-23
4256391.44621 2.20897961231e-23
4296451.51886 2.14253462182e-23
4336511.59152 2.07608963133e-23
4376571.66417 2.00964464084e-23
4416631.73683 1.94319965035e-23
4456691.80948 1.87675465986e-23
4496751.88214 1.8216842165e-23
4536811.9548 1.77883707713e-23
4576872.02745 1.73598993777e-23
4616932.10011 1.69314279841e-23
4656992.17276 1.65029565904e-23
4697052.24542 1.60744851968e-23
4737112.31808 1.56460138032e-23
4777172.39073 1.52175424096e-23
4817232.46339 1.47890710159e-23
4857292.53604 1.43605996223e-23
4897352.6087 1.39321282287e-23
4937412.68136 1.3503656835e-23
4977472.75401 1.30751854414e-23
5017532.82667 1.26467140478e-23
5057592.89932 1.23496658013e-23
5097652.97198 1.20768660568e-23
5137713.04464 1.18040663123e-23
5177773.11729 1.15312665678e-23
5217833.18995 1.12584668233e-23
5257893.2626 1.09856670787e-23
5297953.33526 1.07128673342e-23
5338013.40792 1.04400675897e-23
5378073.48057 1.01672678452e-23
5418133.55323 9.89446810069e-24
5458193.62588 9.62166835617e-24
5498253.69854 9.34886861166e-24
5538313.7712 9.07606886715e-24
5578373.84385 8.80326912263e-24
5618433.91651 8.53046937812e-24
5658493.98916 8.31384850653e-24
5698554.06182 8.14462555762e-24
5738614.13448 7.9754026087e-24
5778674.20713 7.80617965979e-24
5818734.27979 7.63695671087e-24
5858794.35244 7.46773376196e-24
5898854.4251 7.29851081304e-24
5938914.49776 7.12928786413e-24
5978974.57041 6.96006491521e-24
6019034.64307 6.7908419663e-24
6059094.71572 6.62161901738e-24
6099154.78838 6.45239606847e-24
6139214.86104 6.28317311955e-24
6179274.93369 6.11395017064e-24
6219335.00635 5.94472722172e-24
6259395.079 5.77550427281e-24
6299455.15166 5.60628132389e-24
6339515.22432 5.46171967645e-24
6379575.29697 5.35853548889e-24
6419635.36963 5.25535130134e-24
6459695.44228 5.15216711378e-24
6499755.51494 5.04898292622e-24
6539815.5876 4.94579873867e-24
6579875.66025 4.84261455111e-24
6619935.73291 4.73943036356e-24
6659995.80556 4.636246176e-24
6700055.87822 4.53306198844e-24
6740115.95087 4.42987780089e-24
6780176.02353 4.32669361333e-24
6820236.09619 4.22350942577e-24
6860296.16884 4.12032523822e-24
6900356.2415 4.01714105066e-24
6940416.31415 3.9139568631e-24
6980476.38681 3.81077267555e-24
7020536.45947 3.70758848799e-24
7060596.53212 3.60440430044e-24
7100656.60478 3.50570937377e-24
7140716.67743 3.44350205772e-24
7180776.75009 3.38129474167e-24
7220836.82275 3.31908742562e-24
7260896.8954 3.25688010956e-24
7300956.96806 3.19467279351e-24
7341017.04071 3.13246547746e-24
7381077.11337 3.07025816141e-24
7421137.18603 3.00805084535e-24
7461197.25868 2.9458435293e-24
7501257.33134 2.88363621325e-24
7541317.40399 2.8214288972e-24
7581377.47665 2.75922158114e-24
7621437.54931 2.69701426509e-24
7661497.62196 2.63480694904e-24
7701557.69462 2.57259963299e-24
7741617.76727 2.51039231693e-24
7781677.83993 2.44818500088e-24
7821737.91259 2.38597768483e-24
7861797.98524 2.32377036878e-24
7901858.0579 2.26156305272e-24
7941918.13055 2.19935573667e-24
7981978.20321 2.15025490294e-24
8022038.27587 2.11451857938e-24
8062098.34852 2.07878225583e-24
8102158.42118 2.04304593228e-24
8142218.49383 2.00730960872e-24
8182278.56649 1.97157328517e-24
8222338.63915 1.93583696161e-24
8262398.7118 1.90010063806e-24
8302458.78446 1.8643643145e-24
8342518.85711 1.82862799095e-24
8382578.92977 1.7928916674e-24
8422639.00243 1.75715534384e-24
8462699.07508 1.72141902029e-24
8502759.14774 1.68568269673e-24
8542819.22039 1.64994637318e-24
8582879.29305 1.61421004962e-24
8622939.36571 1.57847372607e-24
8662999.43836 1.54273740252e-24
8703059.51102 1.50700107896e-24
8743119.58367 1.47126475541e-24
8783179.65633 1.43552843185e-24
8823239.72899 1.3997921083e-24
8863299.80164 1.36405578474e-24
8903359.8743 1.32831946119e-24
8943419.94695 1.29643642567e-24
8983480.01961 1.27653528398e-24
9023540.09227 1.2566341423e-24
9063600.16492 1.23673300061e-24
9103660.23758 1.21683185893e-24
9143720.31023 1.19693071724e-24
9183780.38289 1.17702957556e-24
9223840.45554 1.15712843387e-24
9263900.5282 1.13722729218e-24
9303960.60086 1.1173261505e-24
9344020.67351 1.09742500881e-24
9384080.74617 1.07752386713e-24
9424140.81882 1.05762272544e-24
9464200.89148 1.03772158376e-24
9504260.96414 1.01782044207e-24
9544321.03679 9.97919300384e-25
9584381.10945 9.78018158698e-25
9624441.1821 9.58117017012e-25
9664501.25476 9.38215875326e-25
9704561.32742 9.1831473364e-25
9744621.40007 8.98413591954e-25
9784681.47273 8.78512450269e-25
9824741.54538 8.58611308583e-25
9864801.61804 8.38710166897e-25
9904861.6907 8.18809025211e-25
9944921.76335 7.98907883525e-25
9984981.83601 7.7900674184e-25
10025041.9087 7.59396109052e-25
10065101.9813 7.48466200435e-25
10105162.054 7.37536291818e-25
10145222.1266 7.266063832e-25
10185282.1993 7.15676474583e-25
10225342.2719 7.04746565966e-25
10265402.3446 6.93816657349e-25
10305462.4173 6.82886748732e-25
10345522.4899 6.71956840114e-25
10385582.5626 6.61026931497e-25
10425642.6352 6.5009702288e-25
10465702.7079 6.39167114263e-25
10505762.7805 6.28237205646e-25
10545822.8532 6.17307297028e-25
10585882.9258 6.06377388411e-25
10625942.9985 5.95447479794e-25
10666003.0712 5.84517571177e-25
10706063.1438 5.7358766256e-25
10746123.2165 5.62657753942e-25
10786183.2891 5.51727845325e-25
10826243.3618 5.40797936708e-25
10866303.4344 5.29868028091e-25
10906363.5071 5.18938119474e-25
10946423.5798 5.08008210856e-25
10986483.6524 4.97078302239e-25
11026543.7251 4.86148393622e-25
11066603.7977 4.75218485005e-25
11106663.8704 4.64288576388e-25
11146723.943 4.5335866777e-25
11186784.0157 4.42428759153e-25
11226844.0883 4.31498850536e-25
11266904.161 4.23169510569e-25
11306964.2337 4.17428403021e-25
11347024.3063 4.11687295472e-25
11387084.379 4.05946187923e-25
11427144.4516 4.00205080374e-25
11467204.5243 3.94463972825e-25
11507264.5969 3.88722865277e-25
11547324.6696 3.82981757728e-25
11587384.7422 3.77240650179e-25
11627444.8149 3.7149954263e-25
11667504.8876 3.65758435081e-25
11707564.9602 3.60017327533e-25
11747625.0329 3.54276219984e-25
11787685.1055 3.48535112435e-25
11827745.1782 3.42794004886e-25
11867805.2508 3.37052897337e-25
11907865.3235 3.31311789789e-25
11947925.3962 3.2557068224e-25
11987985.4688 3.19829574691e-25
12028045.5415 3.14088467142e-25
12068105.6141 3.08347359593e-25
12108165.6868 3.02606252045e-25
12148225.7594 2.96865144496e-25
12188285.8321 2.91124036947e-25
12228345.9047 2.85382929398e-25
12268405.9774 2.79641821849e-25
12308466.0501 2.73900714301e-25
12348526.1227 2.68159606752e-25
12388586.1954 2.62418499203e-25
12428646.268 2.56677391654e-25
12468706.3407 2.50936284105e-25
12508766.4133 2.45195176557e-25
12548826.486 2.39454069008e-25
12588886.5586 2.33712961459e-25
12628946.6313 2.28676697561e-25
12669006.704 2.2581689941e-25
12709066.7766 2.22957101259e-25
12749126.8493 2.20097303107e-25
12789186.9219 2.17237504956e-25
12829246.9946 2.14377706805e-25
12869307.0672 2.11517908654e-25
12909367.1399 2.08658110503e-25
12949427.2125 2.05798312352e-25
12989487.2852 2.02938514201e-25
13029547.3579 2.0007871605e-25
13069607.4305 1.97218917899e-25
13109667.5032 1.94359119748e-25
13149727.5758 1.91499321596e-25
13189787.6485 1.88639523445e-25
13229847.7211 1.85779725294e-25
13269907.7938 1.82919927143e-25
13309967.8665 1.80060128992e-25
13350027.9391 1.77200330841e-25
13390088.0118 1.7434053269e-25
13430148.0844 1.71480734539e-25
13470208.1571 1.68620936388e-25
13510268.2297 1.65761138237e-25
13550328.3024 1.62901340085e-25
13590388.375 1.60041541934e-25
13630448.4477 1.57181743783e-25
13670508.5204 1.54321945632e-25
13710568.593 1.51462147481e-25
13750628.6657 1.4860234933e-25
13790688.7383 1.45742551179e-25
13830748.811 1.42882753028e-25
13870808.8836 1.40022954877e-25
13910868.9563 1.37163156726e-25
13950929.0289 1.34303358574e-25
13990989.1016 1.31443560423e-25
14031049.1743 1.28583762272e-25
14071109.2469 1.25723964121e-25
14111169.3196 1.2286416597e-25
14151229.3922 1.20004367819e-25
14191289.4649 1.18306036739e-25
14231349.5375 1.16883465234e-25
14271409.6102 1.1546089373e-25
14311469.6829 1.14038322225e-25
14351529.7555 1.12615750721e-25
14391589.8282 1.11193179216e-25
14431649.9008 1.09770607712e-25
14471709.9735 1.08348036207e-25
14511770.0461 1.06925464703e-25
14551830.1188 1.05502893198e-25
14591890.1914 1.04080321694e-25
14631950.2641 1.02657750189e-25
14672010.3368 1.01235178685e-25
14712070.4094 9.981260718e-26
14752130.4821 9.83900356755e-26
14792190.5547 9.6967464171e-26
14832250.6274 9.55448926665e-26
14872310.7 9.41223211619e-26
14912370.7727 9.26997496574e-26
14952430.8453 9.12771781529e-26
14992490.918 8.98546066484e-26
15032550.9907 8.84320351439e-26
15072611.0633 8.70094636394e-26
15112671.136 8.55868921348e-26
15152731.2086 8.41643206303e-26
15192791.2813 8.27417491258e-26
15232851.3539 8.13191776213e-26
15272911.4266 7.98966061168e-26
15312971.4993 7.84740346123e-26
15353031.5719 7.70514631077e-26
15393091.6446 7.56288916032e-26
15433151.7172 7.42063200987e-26
15473211.7899 7.27837485942e-26
15513271.8625 7.13611770897e-26
15553331.9352 6.99386055852e-26
15593392.0078 6.85160340806e-26
15633452.0805 6.70934625761e-26
15673512.1532 6.56708910716e-26
15713572.2258 6.42483195671e-26
15753632.2985 6.28257480626e-26
15793692.3711 6.14031765581e-26
15833752.4438 5.99806050535e-26
15873812.5164 5.8558033549e-26
15913872.5891 5.76616022125e-26
15953932.6617 5.70108666059e-26
15993992.7344 5.63601309994e-26
16034052.8071 5.57093953929e-26
16074112.8797 5.50586597864e-26
16114172.9524 5.44079241798e-26
16154233.025 5.37571885733e-26
16194293.0977 5.31064529668e-26
16234353.1703 5.24557173603e-26
16274413.243 5.18049817537e-26
16314473.3157 5.11542461472e-26
16354533.3883 5.05035105407e-26
16394593.461 4.98527749341e-26
16434653.5336 4.92020393276e-26
16474713.6063 4.85513037211e-26
16514773.6789 4.79005681146e-26
16554833.7516 4.7249832508e-26
16594893.8242 4.65990969015e-26
16634953.8969 4.5948361295e-26
16675013.9696 4.52976256885e-26
16715074.0422 4.46468900819e-26
16755134.1149 4.39961544754e-26
16795194.1875 4.33454188689e-26
16835254.2602 4.26946832624e-26
16875314.3328 4.20439476558e-26
16915374.4055 4.13932120493e-26
16955434.4781 4.07424764428e-26
16995494.5508 4.00917408363e-26
17035554.6235 3.94410052297e-26
17075614.6961 3.87902696232e-26
17115674.7688 3.81395340167e-26
17155734.8414 3.74887984101e-26
17195794.9141 3.68380628036e-26
17235854.9867 3.61873271971e-26
17275915.0594 3.55365915906e-26
17315975.1321 3.4885855984e-26
17356035.2047 3.42351203775e-26
17396095.2774 3.3584384771e-26
17436155.35 3.29336491645e-26
17476215.4227 3.22829135579e-26
17516275.4953 3.16321779514e-26
17556335.568 3.09814423449e-26
17596395.6406 3.03307067384e-26
17636455.7133 2.96799711318e-26
17676515.786 2.90292355253e-26
17716575.8586 2.83784999188e-26
17756635.9313 2.77277643123e-26
17796696.0039 2.70770287057e-26
17836756.0766 2.65464034874e-26
17876816.1492 2.63056109834e-26
17916876.2219 2.60648184793e-26
17956936.2945 2.58240259753e-26
17996996.3672 2.55832334713e-26
18037056.4399 2.53424409673e-26
18077116.5125 2.51016484633e-26
18117176.5852 2.48608559593e-26
18157236.6578 2.46200634553e-26
18197296.7305 2.43792709513e-26
18237356.8031 2.41384784472e-26
18277416.8758 2.38976859432e-26
18317476.9484 2.36568934392e-26
18357537.0211 2.34161009352e-26
18397597.0938 2.31753084312e-26
18437657.1664 2.29345159272e-26
18477717.2391 2.26937234232e-26
18517777.3117 2.24529309192e-26
18557837.3844 2.22121384152e-26
18597897.457 2.19713459111e-26
18637957.5297 2.17305534071e-26
18678017.6024 2.14897609031e-26
18718077.675 2.12489683991e-26
18758137.7477 2.10081758951e-26
18798197.8203 2.07673833911e-26
18838257.893 2.05265908871e-26
18878317.9656 2.02857983831e-26
18918378.0383 2.00450058791e-26
18958438.1109 1.9804213375e-26
18998498.1836 1.9563420871e-26
19038558.2563 1.9322628367e-26
19078618.3289 1.9081835863e-26
19118678.4016 1.8841043359e-26
19158738.4742 1.8600250855e-26
19198798.5469 1.8359458351e-26
19238858.6195 1.8118665847e-26
19278918.6922 1.78778733429e-26
19318978.7648 1.76370808389e-26
19359038.8375 1.73962883349e-26
19399098.9102 1.71554958309e-26
19439158.9828 1.69147033269e-26
19479219.0555 1.66739108229e-26
19519279.1281 1.64331183189e-26
19559339.2008 1.61923258149e-26
19599399.2734 1.59515333109e-26
19639459.3461 1.57107408068e-26
19679519.4188 1.54699483028e-26
19719579.4914 1.52291557988e-26
19759639.5641 1.49883632948e-26
19799699.6367 1.47475707908e-26
19839759.7094 1.45067782868e-26
19879819.782 1.42659857828e-26
19919879.8547 1.40251932788e-26
19959939.9273 1.37844007748e-26
20000000.0 1.35436082707e-26
27179964.4921 1e-300
36937523.4896 1e-300
50198028.8437 1e-300
68219032.0772 1e-300
92709543.4772 1e-300
125992104.989 1e-300
171223046.995 1e-300
232691816.878 1e-300
316227766.017 1e-300
