200.0 1.1168418554727274e-13
224.4036908603926 1.0472805954545917e-13
251.7850823588335 9.764169966186266e-14
282.5075089245508 9.050236066638519e-14
316.9786384922228 8.331107306088342e-14
355.65588200778456 7.624596230919219e-14
399.0524629937758 6.938873517453312e-14
447.74422771366795 6.281217942237471e-14
502.3772863019159 5.6568434302750253e-14
563.676586252891 5.068394445291436e-14
632.4555320336759 4.514021195092938e-14
709.6267784671506 4.0036353537068595e-14
796.2143411069947 3.535675757039602e-14
893.367184301926 3.109805546819353e-14
1002.3744672545449 2.7251416024485004e-14
1124.682650380698 2.3794576942936713e-14
1261.914688960386 2.0685272650394474e-14
1415.891568768276 1.7921142240556668e-14
1588.6564694485628 1.5476629953863453e-14
1782.5018762674918 1.3323744449149101e-14
2000.0 1.1434408797199075e-14
2244.0369086039273 9.781831874006783e-15
2517.850823588335 8.33836256606275e-15
2825.075089245508 7.084863733038611e-15
3169.7863849222267 6.0008838727159115e-15
3556.558820077846 5.067153890582339e-15
3990.52462993776 4.265650626594121e-15
4477.44227713668 3.579699731085016e-15
5023.772863019159 2.9924893347611554e-15
5636.765862528908 2.493218136631492e-15
6324.555320336758 2.0704269385637846e-15
7096.2677846715105 1.7133473196129038e-15
7962.143411069947 1.4127365200533398e-15
8933.67184301926 1.1609910499039721e-15
10023.744672545445 9.487905815414694e-16
11246.826503806982 7.722176531862265e-16
12619.146889603866 6.256720693469447e-16
14158.91568768276 5.04399328726991e-16
15886.564694485627 4.0439882884692274e-16
17825.01876267491 3.223109442374166e-16
20000.0 2.54852261701717e-16
22440.36908603927 2.0011558622483885e-16
25178.508235883346 1.5590761521096486e-16
28250.750892455093 1.203851839942402e-16
31697.86384922227 9.201515299060175e-17
35565.58820077846 6.952648614561816e-17
39905.24629937759 5.173920461992842e-17
44774.422771366786 3.79273226346226e-17
50237.7286301916 2.73160482852595e-17
56367.65862528908 1.9299865451345303e-17
63245.553203367585 1.3343799944566866e-17
70962.6778467151 8.978534699944289e-18
79621.43411069944 5.806607556473103e-18
89336.71843019263 3.610532466214778e-18
100237.44672545444 2.1420780722215192e-18
112468.26503806982 1.2128167055253277e-18
126191.46889603866 6.373584121158164e-19
141589.1568768276 3.105718963383499e-19
158865.6469448563 1.3977404193755236e-19
178250.18762674913 6.337439271143168e-20
200000.0 3.7343793029897454e-20
453389.1337035321 1e-300
1027808.5328021944 1e-300
2329986.101501426 1e-300
5281951.900505007 1e-300
11973897.982168451 1e-300
27144176.165949065 1e-300
61534372.58487855 1e-300
139495079.3962423 1e-300
316227766.01683795 1e-300
