100000.0 3.60919497319751e-21
112201.8454301963 3.089768948353198e-21
125892.54117941676 2.6407702150836814e-21
141253.7544622754 2.2534584164645097e-21
158489.3192461114 1.9190753674957574e-21
177827.94100389228 1.631414583497355e-21
199526.2314968879 1.3845886808541494e-21
223872.11385683398 1.1731331167635733e-21
251188.64315095794 9.922381428785869e-22
281838.2931264455 8.377976327590318e-22
316227.76601683797 7.059844302064117e-22
354813.3892335753 5.938180303495151e-22
398107.17055349733 4.986053353473498e-22
446683.592150963 4.179243181962276e-22
501187.2336272725 3.4965638455956123e-22
562341.3251903491 2.919802515937923e-22
630957.344480193 2.4325400523941757e-22
707945.7843841381 2.0229713909996352e-22
794328.2347242814 1.6792594600767353e-22
891250.9381337459 1.391323221632844e-22
1000000.0 1.150575904108872e-22
1122018.4543019636 9.497022067771268e-23
1258925.4117941675 7.82011958470519e-23
1412537.544622754 6.424322835053833e-23
1584893.1924611134 5.2678812227304355e-23
1778279.410038923 4.3115778058263353e-23
1995262.3149688798 3.521550872875279e-23
2238721.13856834 2.869871929845325e-23
2511886.4315095795 2.3312526117585635e-23
2818382.9312644536 1.8895304691345714e-23
3162277.660168379 1.5277153676452372e-23
3548133.8923357553 1.2318479953878596e-23
3981071.705534973 9.904932031309795e-24
4466835.92150963 7.942649491626496e-24
5011872.336272722 6.340500385130091e-24
5623413.251903491 5.0408137617840406e-24
6309573.444801933 3.9920165478070025e-24
7079457.84384138 3.1480248028056852e-24
7943282.347242814 2.470492683156346e-24
8912509.381337455 1.9285991602781247e-24
10000000.0 1.4928393915856256e-24
11220184.543019636 1.1470084218925178e-24
12589254.117941674 8.743755911839554e-25
14125375.446227545 6.605757806400617e-25
15848931.924611134 4.939098541471033e-25
17782794.10038923 3.650469376154853e-25
19952623.149688795 2.6520849210461636e-25
22387211.385683395 1.8961387970992223e-25
25118864.3150958 1.331134820903964e-25
28183829.312644538 9.156190200898261e-26
31622776.601683795 6.156352918464806e-26
35481338.92335755 4.034519937261619e-26
39810717.05534972 2.5457842959938896e-26
44668359.21509632 1.5494648476677193e-26
50118723.362727225 9.096303125374514e-27
56234132.51903491 5.178878133407899e-27
63095734.448019326 2.8377184167988785e-27
70794578.4384138 1.5355968383220155e-27
79432823.47242814 8.529603783148597e-28
89125093.81337455 4.97101985804453e-28
100000000.0 3.483864691414183e-28
113646366.63857242 1e-300
129154966.50148827 1e-300
146779926.76220676 1e-300
166810053.72000557 1e-300
189573565.24063793 1e-300
215443469.00318867 1e-300
244843674.68222293 1e-300
278255940.2207126 1e-300
316227766.01683795 1e-300
