400.0 2.563633562434607e-16
448.8073817207852 2.317206211745944e-16
503.570164717667 2.0895582024326719e-16
565.0150178491016 1.8837838683060425e-16
633.9572769844456 1.6915285602879206e-16
711.3117640155691 1.5151961926855122e-16
798.1049259875516 1.353896828289089e-16
895.4884554273359 1.2077550517699099e-16
1004.7545726038318 1.0759611396684719e-16
1127.353172505782 9.559206498707577e-17
1264.9110640673518 8.472087151025002e-17
1419.2535569343013 7.481800096201881e-17
1592.4286822139893 6.59699456407074e-17
1786.734368603852 5.806570690546605e-17
2004.7489345090898 5.1000511375023246e-17
2249.365300761396 4.4772594726638994e-17
2523.829377920772 3.918614186214338e-17
2831.783137536552 3.423704180574792e-17
3177.3129388971256 2.9868080364484855e-17
3565.0037525349835 2.6027547378522112e-17
4000.0 2.2663824807194136e-17
4488.0738172078545 1.972447230332627e-17
5035.70164717667 1.713514973987487e-17
5650.150178491016 1.48566835301668e-17
6339.572769844453 1.28885695640494e-17
7113.117640155692 1.1190680775602704e-17
7981.04925987552 9.716762713422532e-18
8954.88455427336 8.431001662509905e-18
10047.545726038317 7.32039828685673e-18
11273.531725057815 6.3491968805389374e-18
12649.110640673516 5.50357889306889e-18
14192.535569343021 4.775130142268145e-18
15924.286822139895 4.151491115858743e-18
17867.34368603852 3.612825724815188e-18
20047.48934509089 3.1482372073030805e-18
22493.653007613964 2.738308754810872e-18
25238.293779207732 2.381860934134449e-18
28317.83137536552 2.0736922058536573e-18
31773.129388971254 1.806839655405595e-18
35650.03752534982 1.5740211061649103e-18
40000.0 1.3709418601770033e-18
44880.73817207854 1.193778171646098e-18
50357.01647176669 1.0397644190238068e-18
56501.501784910186 9.058991154133021e-19
63395.72769844454 7.891389853287868e-19
71131.17640155692 6.865181601746007e-19
79810.49259875518 5.950445893248453e-19
89548.84554273357 5.146921225997722e-19
100475.4572603832 4.44304688593459e-19
112735.31725057815 3.8280590357609486e-19
126491.10640673517 3.290594466428588e-19
141925.3556934302 2.818360088991377e-19
159242.86822139888 2.4008409943868456e-19
178673.43686038526 2.0394761533953591e-19
200474.8934509089 1.726147521375726e-19
224936.53007613964 1.4536916078444682e-19
252382.9377920773 1.219463784934061e-19
283178.3137536552 1.0181067480221508e-19
317731.2938897126 8.446331102105218e-20
356500.37525349826 6.931665132554447e-20
400000.0 5.835291825791527e-20
839563.0674438832 1e-300
1762165.3605394554 1e-300
3698622.3885946455 1e-300
7763066.894712855 1e-300
16293960.63724296 1e-300
34199518.9335339 1e-300
71781632.55235718 1e-300
150663019.0294667 1e-300
316227766.01683795 1e-300
