10071.4032944 3.98875683186e-18
26083.2842497 1.13998246248e-18
42095.165205 5.75121617533e-19
58107.0461603 3.54431080947e-19
74118.9271156 2.43815261814e-19
90130.808071 1.78200301406e-19
106142.689026 1.37692138672e-19
122154.569982 1.09357151108e-19
138166.450937 8.90583458119e-20
154178.331892 7.40957118203e-20
170190.212848 6.26973212009e-20
186202.093803 5.36729075128e-20
202213.974758 4.62629723641e-20
218225.855714 4.06791431449e-20
234237.736669 3.59007353863e-20
250249.617624 3.17878953605e-20
266261.49858 2.85763974444e-20
282273.379535 2.55503766057e-20
298285.26049 2.32504236604e-20
314297.141445 2.10298116081e-20
330309.022401 1.92499663371e-20
346320.903356 1.76262700032e-20
362332.784311 1.61377288679e-20
378344.665267 1.49480733997e-20
394356.546222 1.37584179316e-20
410368.427177 1.27600855842e-20
426380.308133 1.18956833314e-20
442392.189088 1.10312810786e-20
458404.070043 1.02933213126e-20
474415.950999 9.66623938574e-21
490427.831954 9.03915745884e-21
506439.712909 8.43010310498e-21
522451.593865 7.97547243657e-21
538463.47482 7.52084176817e-21
554475.355775 7.06621109976e-21
570487.236731 6.64421063796e-21
586499.117686 6.31606760261e-21
602510.998641 5.98792456726e-21
618522.879597 5.65978153191e-21
634534.760552 5.33163849656e-21
650546.641507 5.09048332857e-21
666558.522463 4.85467882516e-21
682570.403418 4.61887432174e-21
698582.284373 4.38306981833e-21
714594.165329 4.15389838573e-21
730606.046284 3.98474817654e-21
746617.927239 3.81559796734e-21
762629.808194 3.64644775815e-21
778641.68915 3.47729754896e-21
794653.570105 3.30814733976e-21
810665.45106 3.17146100096e-21
826677.332016 3.05104831118e-21
842689.212971 2.93063562139e-21
858701.093926 2.81022293161e-21
874712.974882 2.68981024182e-21
890724.855837 2.56939755204e-21
906736.736792 2.46893452157e-21
922748.617748 2.38353964622e-21
938760.498703 2.29814477086e-21
954772.379658 2.21274989551e-21
970784.260614 2.12735502016e-21
986796.141569 2.0419601448e-21
1002808.02252 1.95656526945e-21
1018819.90348 1.88942113905e-21
1034831.78443 1.8290467614e-21
1050843.66539 1.76867238376e-21
1066855.54635 1.70829800611e-21
1082867.4273 1.64792362846e-21
1098879.30826 1.58754925081e-21
1114891.18921 1.52717487316e-21
1130903.07017 1.46779058828e-21
1146914.95112 1.4255749983e-21
1162926.83208 1.38335940832e-21
1178938.71303 1.34114381834e-21
1194950.59399 1.29892822837e-21
1210962.47494 1.25671263839e-21
1226974.3559 1.21449704841e-21
1242986.23685 1.17228145843e-21
1258998.11781 1.13006586845e-21
1275009.99876 1.09355387363e-21
1291021.87972 1.06420925782e-21
1307033.76068 1.03486464201e-21
1323045.64163 1.00552002621e-21
1339057.52259 9.76175410399e-22
1355069.40354 9.46830794591e-22
1371081.2845 9.17486178784e-22
1387093.16545 8.88141562976e-22
1403105.04641 8.58796947168e-22
1419116.92736 8.29452331361e-22
1435128.80832 8.07156640941e-22
1451140.68927 7.86837536884e-22
1467152.57023 7.66518432827e-22
1483164.45118 7.4619932877e-22
1499176.33214 7.25880224712e-22
1515188.21309 7.05561120655e-22
1531200.09405 6.85242016598e-22
1547211.97501 6.64922912541e-22
1563223.85596 6.44603808484e-22
1579235.73692 6.24284704427e-22
1595247.61787 6.0396560037e-22
1611259.49883 5.89765259199e-22
1627271.37978 5.75956135337e-22
1643283.26074 5.62147011474e-22
1659295.14169 5.48337887611e-22
1675307.02265 5.34528763749e-22
1691318.9036 5.20719639886e-22
1707330.78456 5.06910516023e-22
1723342.66551 4.93101392161e-22
1739354.54647 4.79292268298e-22
1755366.42742 4.65483144435e-22
1771378.30838 4.51674020573e-22
1787390.18934 4.3786489671e-22
1803402.07029 4.27571249639e-22
1819413.95125 4.18292401319e-22
1835425.8322 4.09013552998e-22
1851437.71316 3.99734704678e-22
1867449.59411 3.90455856357e-22
1883461.47507 3.81177008037e-22
1899473.35602 3.71898159716e-22
1915485.23698 3.62619311395e-22
1931497.11793 3.53340463075e-22
1947508.99889 3.44061614754e-22
1963520.87984 3.34782766434e-22
1979532.7608 3.25503918113e-22
1995544.64175 3.16225069792e-22
2011556.52271 3.07341122659e-22
2027568.40366 3.01150669512e-22
2043580.28462 2.94960216365e-22
2059592.16558 2.88769763219e-22
2075604.04653 2.82579310072e-22
2091615.92749 2.76388856925e-22
2107627.80844 2.70198403778e-22
2123639.6894 2.64007950632e-22
2139651.57035 2.57817497485e-22
2155663.45131 2.51627044338e-22
2171675.33226 2.45436591191e-22
2187687.21322 2.39246138045e-22
2203699.09417 2.33055684898e-22
2219710.97513 2.26865231751e-22
2235722.85608 2.20674778604e-22
2251734.73704 2.14484325458e-22
2267746.61799 2.10063638388e-22
2283758.49895 2.06046244331e-22
2299770.37991 2.02028850275e-22
2315782.26086 1.98011456218e-22
2331794.14182 1.93994062161e-22
2347806.02277 1.89976668105e-22
2363817.90373 1.85959274048e-22
2379829.78468 1.81941879991e-22
2395841.66564 1.77924485935e-22
2411853.54659 1.73907091878e-22
2427865.42755 1.69889697821e-22
2443877.3085 1.65872303765e-22
2459889.18946 1.61854909708e-22
2475901.07041 1.57837515651e-22
2491912.95137 1.53820121595e-22
2507924.83232 1.49802727538e-22
2523936.71328 1.45785333482e-22
2539948.59424 1.42694057672e-22
2555960.47519 1.40141033808e-22
2571972.35615 1.37588009945e-22
2587984.2371 1.35034986081e-22
2603996.11806 1.32481962218e-22
2620007.99901 1.29928938354e-22
2636019.87997 1.27375914491e-22
2652031.76092 1.24822890627e-22
2668043.64188 1.22269866764e-22
2684055.52283 1.197168429e-22
2700067.40379 1.17163819036e-22
2716079.28474 1.14610795173e-22
2732091.1657 1.12057771309e-22
2748103.04665 1.09504747446e-22
2764114.92761 1.06951723582e-22
2780126.80857 1.04398699719e-22
2796138.68952 1.01845675855e-22
2812150.57048 9.92926519918e-23
2828162.45143 9.67396281283e-23
2844174.33239 9.45225700942e-23
2860186.21334 9.29187675903e-23
2876198.0943 9.13149650864e-23
2892209.97525 8.97111625825e-23
2908221.85621 8.81073600786e-23
2924233.73716 8.65035575747e-23
2940245.61812 8.48997550708e-23
2956257.49907 8.32959525669e-23
2972269.38003 8.1692150063e-23
2988281.26098 8.00883475591e-23
3004293.14194 7.84845450552e-23
3020305.02289 7.68807425513e-23
3036316.90385 7.52769400474e-23
3052328.78481 7.36731375435e-23
3068340.66576 7.20693350397e-23
3084352.54672 7.04655325358e-23
3100364.42767 6.88617300319e-23
3116376.30863 6.7257927528e-23
3132388.18958 6.56541250241e-23
3148400.07054 6.40503225202e-23
3164411.95149 6.24465200163e-23
3180423.83245 6.08427175124e-23
3196435.7134 5.96992103748e-23
3212447.59436 5.87319575746e-23
3228459.47531 5.77647047744e-23
3244471.35627 5.67974519743e-23
3260483.23722 5.58301991741e-23
3276495.11818 5.48629463739e-23
3292506.99914 5.38956935737e-23
3308518.88009 5.29284407736e-23
3324530.76105 5.19611879734e-23
3340542.642 5.09939351732e-23
3356554.52296 5.0026682373e-23
3372566.40391 4.90594295729e-23
3388578.28487 4.80921767727e-23
3404590.16582 4.71249239725e-23
3420602.04678 4.61576711723e-23
3436613.92773 4.51904183722e-23
3452625.80869 4.4223165572e-23
3468637.68964 4.32559127718e-23
3484649.5706 4.22886599717e-23
3500661.45155 4.13214071715e-23
3516673.33251 4.03541543713e-23
3532685.21347 3.93869015711e-23
3548697.09442 3.8419648771e-23
3564708.97538 3.74523959708e-23
3580720.85633 3.66693028017e-23
3596732.73729 3.61086542008e-23
3612744.61824 3.55480055999e-23
3628756.4992 3.4987356999e-23
3644768.38015 3.44267083981e-23
3660780.26111 3.38660597972e-23
3676792.14206 3.33054111963e-23
3692804.02302 3.27447625954e-23
3708815.90397 3.21841139946e-23
3724827.78493 3.16234653937e-23
3740839.66588 3.10628167928e-23
3756851.54684 3.05021681919e-23
3772863.4278 2.9941519591e-23
3788875.30875 2.93808709901e-23
3804887.18971 2.88202223892e-23
3820899.07066 2.82595737883e-23
3836910.95162 2.76989251874e-23
3852922.83257 2.71382765866e-23
3868934.71353 2.65776279857e-23
3884946.59448 2.60169793848e-23
3900958.47544 2.54563307839e-23
3916970.35639 2.4895682183e-23
3932982.23735 2.43350335821e-23
3948994.1183 2.37743849812e-23
3965005.99926 2.32137363803e-23
3981017.88021 2.26530877795e-23
3997029.76117 2.20924391786e-23
4013041.64212 2.15866074851e-23
4029053.52308 2.12736389046e-23
4045065.40404 2.09606703242e-23
4061077.28499 2.06477017437e-23
4077089.16595 2.03347331633e-23
4093101.0469 2.00217645828e-23
4109112.92786 1.97087960024e-23
4125124.80881 1.93958274219e-23
4141136.68977 1.90828588414e-23
4157148.57072 1.8769890261e-23
4173160.45168 1.84569216805e-23
4189172.33263 1.81439531001e-23
4205184.21359 1.78309845196e-23
4221196.09454 1.75180159392e-23
4237207.9755 1.72050473587e-23
4253219.85645 1.68920787783e-23
4269231.73741 1.65791101978e-23
4285243.61837 1.62661416174e-23
4301255.49932 1.59531730369e-23
4317267.38028 1.56402044565e-23
4333279.26123 1.5327235876e-23
4349291.14219 1.50142672956e-23
4365303.02314 1.47012987151e-23
4381314.9041 1.43883301347e-23
4397326.78505 1.40753615542e-23
4413338.66601 1.37623929738e-23
4429350.54696 1.34494243933e-23
4445362.42792 1.31364558128e-23
4461374.30887 1.28234872324e-23
4477386.18983 1.25105186519e-23
4493398.07078 1.21975500715e-23
4509409.95174 1.19831555554e-23
4525421.8327 1.18179821265e-23
4541433.71365 1.16528086977e-23
4557445.59461 1.14876352688e-23
4573457.47556 1.13224618399e-23
4589469.35652 1.1157288411e-23
4605481.23747 1.09921149821e-23
4621493.11843 1.08269415533e-23
4637504.99938 1.06617681244e-23
4653516.88034 1.04965946955e-23
4669528.76129 1.03314212666e-23
4685540.64225 1.01662478377e-23
4701552.5232 1.00010744089e-23
4717564.40416 9.83590097998e-24
4733576.28511 9.6707275511e-24
4749588.16607 9.50555412222e-24
4765600.04702 9.34038069335e-24
4781611.92798 9.17520726447e-24
4797623.80894 9.01003383559e-24
4813635.68989 8.84486040671e-24
4829647.57085 8.67968697783e-24
4845659.4518 8.51451354895e-24
4861671.33276 8.34934012007e-24
4877683.21371 8.18416669119e-24
4893695.09467 8.01899326231e-24
4909706.97562 7.85381983344e-24
4925718.85658 7.68864640456e-24
4941730.73753 7.52347297568e-24
4957742.61849 7.3582995468e-24
4973754.49944 7.19312611792e-24
4989766.3804 7.02795268904e-24
5005778.26135 6.86277926016e-24
5021790.14231 6.69760583128e-24
5037802.02327 6.5324324024e-24
5053813.90422 6.39942438935e-24
5069825.78518 6.31792543546e-24
5085837.66613 6.23642648157e-24
5101849.54709 6.15492752767e-24
5117861.42804 6.07342857378e-24
5133873.309 5.99192961989e-24
5149885.18995 5.91043066599e-24
5165897.07091 5.8289317121e-24
5181908.95186 5.74743275821e-24
5197920.83282 5.66593380431e-24
5213932.71377 5.58443485042e-24
5229944.59473 5.50293589653e-24
5245956.47568 5.42143694263e-24
5261968.35664 5.33993798874e-24
5277980.2376 5.25843903485e-24
5293992.11855 5.17694008096e-24
5310003.99951 5.09544112706e-24
5326015.88046 5.01394217317e-24
5342027.76142 4.93244321928e-24
5358039.64237 4.85094426538e-24
5374051.52333 4.76944531149e-24
5390063.40428 4.6879463576e-24
5406075.28524 4.6064474037e-24
5422087.16619 4.52494844981e-24
5438099.04715 4.44344949592e-24
5454110.9281 4.36195054203e-24
5470122.80906 4.28045158813e-24
5486134.69001 4.19895263424e-24
5502146.57097 4.11745368035e-24
5518158.45193 4.03595472645e-24
5534170.33288 3.95445577256e-24
5550182.21384 3.87295681867e-24
5566194.09479 3.79145786477e-24
5582205.97575 3.70995891088e-24
5598217.8567 3.62845995699e-24
5614229.73766 3.5469610031e-24
5630241.61861 3.4654620492e-24
5646253.49957 3.38396309531e-24
5662265.38052 3.30246414142e-24
5678277.26148 3.26139846918e-24
5694289.14243 3.2239083176e-24
5710301.02339 3.18641816602e-24
5726312.90434 3.14892801444e-24
5742324.7853 3.11143786287e-24
5758336.66625 3.07394771129e-24
5774348.54721 3.03645755971e-24
5790360.42817 2.99896740813e-24
5806372.30912 2.96147725655e-24
5822384.19008 2.92398710497e-24
5838396.07103 2.88649695339e-24
5854407.95199 2.84900680181e-24
5870419.83294 2.81151665023e-24
5886431.7139 2.77402649865e-24
5902443.59485 2.73653634707e-24
5918455.47581 2.6990461955e-24
5934467.35676 2.66155604392e-24
5950479.23772 2.62406589234e-24
5966491.11867 2.58657574076e-24
5982502.99963 2.54908558918e-24
5998514.88058 2.5115954376e-24
6014526.76154 2.47410528602e-24
6030538.6425 2.43661513444e-24
6046550.52345 2.39912498286e-24
6062562.40441 2.36163483128e-24
6078574.28536 2.3241446797e-24
6094586.16632 2.28665452812e-24
6110598.04727 2.24916437655e-24
6126609.92823 2.21167422497e-24
6142621.80918 2.17418407339e-24
6158633.69014 2.13669392181e-24
6174645.57109 2.09920377023e-24
6190657.45205 2.06171361865e-24
6206669.333 2.02422346707e-24
6222681.21396 1.98673331549e-24
6238693.09491 1.94924316391e-24
6254704.97587 1.91175301233e-24
6270716.85683 1.87426286075e-24
6286728.73778 1.83677270918e-24
6302740.61874 1.7992825576e-24
6318752.49969 1.76179240602e-24
6334764.38065 1.72430225444e-24
6350776.2616 1.68681210286e-24
6366788.14256 1.66551964648e-24
6382800.02351 1.64935410609e-24
6398811.90447 1.6331885657e-24
6414823.78542 1.61702302531e-24
6430835.66638 1.60085748492e-24
6446847.54733 1.58469194454e-24
6462859.42829 1.56852640415e-24
6478871.30924 1.55236086376e-24
6494883.1902 1.53619532337e-24
6510895.07116 1.52002978298e-24
6526906.95211 1.50386424259e-24
6542918.83307 1.4876987022e-24
6558930.71402 1.47153316182e-24
6574942.59498 1.45536762143e-24
6590954.47593 1.43920208104e-24
6606966.35689 1.42303654065e-24
6622978.23784 1.40687100026e-24
6638990.1188 1.39070545987e-24
6655001.99975 1.37453991948e-24
6671013.88071 1.3583743791e-24
6687025.76166 1.34220883871e-24
6703037.64262 1.32604329832e-24
6719049.52357 1.30987775793e-24
6735061.40453 1.29371221754e-24
6751073.28548 1.27754667715e-24
6767085.16644 1.26138113676e-24
6783097.0474 1.24521559638e-24
6799108.92835 1.22905005599e-24
6815120.80931 1.2128845156e-24
6831132.69026 1.19671897521e-24
6847144.57122 1.18055343482e-24
6863156.45217 1.16438789443e-24
6879168.33313 1.14822235405e-24
6895180.21408 1.13205681366e-24
6911192.09504 1.11589127327e-24
6927203.97599 1.09972573288e-24
6943215.85695 1.08356019249e-24
6959227.7379 1.0673946521e-24
6975239.61886 1.05122911171e-24
6991251.49981 1.03506357133e-24
7007263.38077 1.01889803094e-24
7023275.26173 1.00273249055e-24
7039287.14268 9.8656695016e-25
7055299.02364 9.70401409772e-25
7071310.90459 9.54235869383e-25
7087322.78555 9.38070328995e-25
7103334.6665 9.21904788606e-25
7119346.54746 9.05739248218e-25
7135358.42841 8.92918782113e-25
7151370.30937 8.86762903197e-25
7167382.19032 8.8060702428e-25
7183394.07128 8.74451145364e-25
7199405.95223 8.68295266447e-25
7215417.83319 8.62139387531e-25
7231429.71414 8.55983508614e-25
7247441.5951 8.49827629698e-25
7263453.47606 8.43671750781e-25
7279465.35701 8.37515871865e-25
7295477.23797 8.31359992948e-25
7311489.11892 8.25204114032e-25
7327500.99988 8.19048235115e-25
7343512.88083 8.12892356199e-25
7359524.76179 8.06736477282e-25
7375536.64274 8.00580598366e-25
7391548.5237 7.94424719449e-25
7407560.40465 7.88268840533e-25
7423572.28561 7.82112961616e-25
7439584.16656 7.759570827e-25
7455596.04752 7.69801203783e-25
7471607.92847 7.63645324867e-25
7487619.80943 7.5748944595e-25
7503631.69039 7.51333567034e-25
7519643.57134 7.45177688117e-25
7535655.4523 7.39021809201e-25
7551667.33325 7.32865930284e-25
7567679.21421 7.26710051368e-25
7583691.09516 7.20554172451e-25
7599702.97612 7.14398293535e-25
7615714.85707 7.08242414619e-25
7631726.73803 7.02086535702e-25
7647738.61898 6.95930656786e-25
7663750.49994 6.89774777869e-25
7679762.38089 6.83618898953e-25
7695774.26185 6.77463020036e-25
7711786.1428 6.7130714112e-25
7727798.02376 6.65151262203e-25
7743809.90471 6.58995383287e-25
7759821.78567 6.5283950437e-25
7775833.66663 6.46683625454e-25
7791845.54758 6.40527746537e-25
7807857.42854 6.34371867621e-25
7823869.30949 6.28215988704e-25
7839881.19045 6.22060109788e-25
7855893.0714 6.15904230871e-25
7871904.95236 6.09748351955e-25
7887916.83331 6.03592473038e-25
7903928.71427 5.97436594122e-25
7919940.59522 5.91280715205e-25
7935952.47618 5.85124836289e-25
7951964.35713 5.78968957372e-25
7967976.23809 5.72813078456e-25
7983988.11904 5.66657199539e-25
8000000.0 5.60501320623e-25
12037171.0755 1e-300
18111685.9377 1e-300
27251682.7623 1e-300
41004145.9383 1e-300
61696739.9331 1e-300
92831776.6723 1e-300
139678997.131 1e-300
210167498.016 1e-300
316227766.017 1e-300
