300.0 2.666356619317417e-14
336.60553629058893 2.5137679997353746e-14
377.67762353825026 2.3597887708103242e-14
423.76126338682616 2.206029846338914e-14
475.46795773833423 2.050286511150444e-14
533.4838230116768 1.8964200088730762e-14
598.5786944906637 1.7461497647380643e-14
671.616341570502 1.6004284292374305e-14
753.5659294528738 1.460130817689931e-14
845.5148793793364 1.3264613325198994e-14
948.6832980505137 1.1981636113556987e-14
1064.440167700726 1.0768493273609257e-14
1194.321511660492 9.63099097511673e-15
1340.050776452889 8.571880258707121e-15
1503.5617008818174 7.591847368184067e-15
1687.0239755710472 6.6902251123865e-15
1892.8720334405791 5.857459426529323e-15
2123.837353152414 5.100278730392538e-15
2382.984704172844 4.417050171609831e-15
2673.7528144012376 3.805128464197596e-15
3000.0 3.260772795014495e-15
3366.0553629058904 2.7793056600278458e-15
3776.7762353825024 2.354517444083048e-15
4237.6126338682625 1.985825639132295e-15
4754.679577383341 1.6673026047872805e-15
5334.8382301167685 1.3933076803273465e-15
5985.786944906639 1.1585696329629652e-15
6716.163415705019 9.582406470875205e-16
7535.659294528738 7.875109921496361e-16
8455.148793793362 6.434132801366119e-16
9486.832980505138 5.225165446814678e-16
10644.401677007265 4.217336664829835e-16
11943.21511660492 3.383037249897004e-16
13400.50776452889 2.6976333082155476e-16
15035.617008818166 2.132646954052439e-16
16870.23975571047 1.6736704175400544e-16
18928.7203344058 1.303069134480187e-16
21238.37353152414 1.0064348675353649e-16
23829.84704172844 7.710602111024808e-17
26737.528144012365 5.855642579446251e-17
30000.0 4.3954508835842765e-17
33660.55362905891 3.2659444797258685e-17
37767.76235382502 2.3998223808997232e-17
42376.12633868263 1.742564744752715e-17
47546.7957738334 1.2492585660538354e-17
53348.38230116769 8.830233907964105e-18
59857.86944906639 6.132926149732439e-18
67161.63415705018 4.181206766524394e-18
75356.5929452874 2.798076926518601e-18
84551.48793793362 1.8358582550553596e-18
94868.32980505138 1.1789887563752972e-18
106444.01677007263 7.3991098060272995e-19
119432.15116604917 4.48847181046301e-19
134005.07764528893 2.650331758574856e-19
150356.17008818168 1.5145902038907863e-19
168702.3975571047 8.40412650229881e-20
189287.20334405798 4.4562981488117455e-20
212383.73531524139 2.2714307912061042e-20
238298.47041728444 1.0802844363731539e-20
267375.2814401237 4.612495337294283e-21
300000.0 2.4069841906615997e-21
650124.7067126234 1e-300
1408873.7809272478 1e-300
3053145.512068098 1e-300
6616417.768614112 1e-300
14338322.20436146 1e-300
31072325.05953855 1e-300
67336287.38737263 1e-300
145923280.29610842 1e-300
316227766.01683795 1e-300
