100237.446725 7.05603559509e-19
112468.265038 5.56661262276e-19
126191.468896 4.36304755263e-19
141589.156877 3.39666181474e-19
158865.646945 2.6467147348e-19
178250.187627 2.03152537181e-19
200000.0 1.54358493834e-19
224403.69086 1.14096992485e-19
251785.082359 8.5870413641e-20
282507.508925 6.40848537518e-20
316978.638492 4.59368690204e-20
355655.882008 3.35624902626e-20
399052.462994 2.37752039236e-20
447744.227714 1.69383703854e-20
502377.286302 1.18107686729e-20
563676.586253 8.29257037491e-21
632455.532034 5.7410687796e-21
709626.778467 4.01476014797e-21
796214.341107 2.8381869791e-21
893367.184302 2.11640191657e-21
1002374.46725 1.5469629597e-21
1124682.65038 1.24376084825e-21
1261914.68896 1.10206038845e-21
1415891.56877 1.16218342538e-21
1588656.46945 1.44981390186e-21
1782501.87627 1.18700412134e-21
2000000.0 1.45614859627e-23
3510427.40349 1e-300
6161550.27758 1e-300
10814837.4712 1e-300
18982350.9116 1e-300
33318082.4114 1e-300
58480354.7643 1e-300
102645519.965 1e-300
180164823.065 1e-300
316227766.017 1e-300
