106696.764602 5.01516064373e-21
119715.738898 4.34617149972e-21
134323.268314 3.76113366133e-21
150713.185891 3.24996494683e-21
169102.975876 2.80546609383e-21
189736.65961 2.41159316894e-21
212888.03354 2.0696144297e-21
238864.302332 1.77181085704e-21
268010.155291 1.5130912182e-21
300712.340176 1.28887602814e-21
337404.795114 1.09423412873e-21
378574.406688 9.25203129762e-22
424767.47063 7.79670789843e-22
476596.940835 6.5473619508e-22
534750.56288 5.47841859308e-22
600000.0 4.56721528285e-22
673211.072581 3.79359240225e-22
755355.247077 3.13640850353e-22
847522.526774 2.58358369377e-22
950935.915477 2.12014885068e-22
1066967.64602 1.73263845711e-22
1197157.38898 1.40971836426e-22
1343232.68314 1.14211009867e-22
1507131.85891 9.1976295128e-23
1691029.75876 7.37103479296e-23
1897366.5961 5.87717919021e-23
2128880.3354 4.66126525148e-23
2388643.02332 3.67665952154e-23
2680101.55291 2.88378559161e-23
3007123.40176 2.2451985875e-23
3374047.95114 1.73803788956e-23
3785744.06688 1.33670182466e-23
4247674.7063 1.02132405431e-23
4765969.40835 7.75403960577e-24
5347505.6288 5.84898625294e-24
6000000.0 4.37561103305e-24
6732110.72581 3.25290576313e-24
7553552.47077 2.40337388121e-24
8475225.26774 1.76548054136e-24
9509359.15477 1.29038812219e-24
10669676.4602 9.39472660775e-25
11971573.8898 6.82590090945e-25
13432326.8314 4.96638486802e-25
15071318.5891 3.63260404475e-25
16910297.5876 2.68372861875e-25
18973665.961 2.01378864413e-25
21288803.354 1.54475670912e-25
23886430.2332 1.23109078131e-25
26801015.5291 1.02089250071e-25
30071234.0176 8.88771543055e-26
33740479.5114 8.15283451147e-26
37857440.6688 8.14563776281e-26
42476747.063 9.02992780508e-26
47659694.0835 1.22685862337e-25
53475056.288 2.63615154806e-25
60000000.0 5.66664205062e-25
72169993.637 1e-300
86808466.3595 1e-300
104416107.747 1e-300
125595163.862 1e-300
151070036.279 1e-300
181712059.283 1e-300
218569302.704 1e-300
262902419.757 1e-300
316227766.017 1e-300
