100475.45726 1.63323684394e-20
112735.317251 1.39448364558e-20
126491.106407 1.18882519283e-20
141925.355693 1.01230872389e-20
159242.868221 8.60921521161e-21
178673.43686 7.31115370969e-21
200474.893451 6.19884976141e-21
224936.530076 5.24745878146e-21
252382.937792 4.43182190383e-21
283178.313754 3.7332019696e-21
317731.29389 3.13518165081e-21
356500.375253 2.62331240662e-21
400000.0 2.18535949748e-21
448807.381721 1.81118977762e-21
503570.164718 1.49122647207e-21
565015.017849 1.22319255111e-21
633957.276984 1.00107497701e-21
711311.764016 8.17242944671e-22
798104.925988 6.64722587769e-22
895488.455427 5.38000112533e-22
1004754.5726 4.32345632307e-22
1127353.17251 3.45266892007e-22
1264911.06407 2.73854208793e-22
1419253.55693 2.15618194018e-22
1592428.68221 1.68424556171e-22
1786734.3686 1.30442726336e-22
2004748.93451 9.98913749264e-23
2249365.30076 7.57039401303e-23
2523829.37792 5.67295790929e-23
2831783.13754 4.19956040787e-23
3177312.9389 3.06938898902e-23
3565003.75253 2.2152176349e-23
4000000.0 1.56958279883e-23
4488073.81721 1.09486184192e-23
5035701.64718 7.52379999263e-24
5650150.17849 5.0897179057e-24
6339572.76984 3.386907477e-24
7113117.64016 2.21848059542e-24
7981049.25988 1.42506562663e-24
8954884.55427 9.02750167279e-25
10047545.726 5.63420016143e-25
11273531.7251 3.47322839404e-25
12649110.6407 2.12482588454e-25
14192535.5693 1.29715872192e-25
15924286.8221 7.96147934869e-26
17867343.686 4.98983317144e-26
20047489.3451 3.243509956e-26
22493653.0076 2.18419069985e-26
25238293.7792 1.54746528769e-26
28317831.3754 1.12367445171e-26
31773129.389 8.09057045668e-27
35650037.5253 5.48488201382e-27
40000000.0 3.74329383692e-27
50330483.6082 1e-300
63328939.5059 1e-300
79684403.7932 1e-300
100263864.474 1e-300
126158219.685 1e-300
158740105.197 1e-300
199736656.564 1e-300
251321062.979 1e-300
316227766.017 1e-300
