200.0 1.4233678127838767e-13
224.4036908603926 1.344051079701948e-13
251.7850823588335 1.2629903124565079e-13
282.5075089245508 1.1808855586843263e-13
316.9786384922228 1.0979251754453306e-13
355.65588200778456 1.0160406791541205e-13
399.0524629937758 9.359493883558882e-14
447.74422771366795 8.582364535613126e-14
502.3772863019159 7.833118922213567e-14
563.676586252891 7.113994359994734e-14
632.4555320336759 6.41350277494371e-14
709.6267784671506 5.748434249903702e-14
796.2143411069947 5.123531112179016e-14
893.367184301926 4.540908496401344e-14
1002.3744672545449 4.00101446107783e-14
1124.682650380698 3.503335584131142e-14
1261.914688960386 3.042585558327643e-14
1415.891568768276 2.6242521176883464e-14
1588.6564694485628 2.2500587757260738e-14
1782.5018762674918 1.9203211348334693e-14
2000.0 1.6330749296930444e-14
2244.0369086039273 1.3841963606003972e-14
2517.850823588335 1.1653150150676884e-14
2825.075089245508 9.748129220107208e-15
3169.7863849222267 8.100640617649841e-15
3556.558820077846 6.684526545873443e-15
3990.52462993776 5.4752794218139385e-15
4477.44227713668 4.4504959162622784e-15
5023.772863019159 3.579406817312133e-15
5636.765862528908 2.853807041314584e-15
6324.555320336758 2.254209821165856e-15
7096.2677846715105 1.7631029222076869e-15
7962.143411069947 1.364652848981299e-15
8933.67184301926 1.044586114204909e-15
10023.744672545445 7.882131175514803e-16
11246.826503806982 5.877259995318517e-16
12619.146889603866 4.3282367763922037e-16
14158.91568768276 3.146726212445034e-16
15886.564694485627 2.2572989486686206e-16
17825.01876267491 1.5964898453163607e-16
20000.0 1.1104436189336045e-16
22440.36908603927 7.60887376771633e-17
25178.508235883346 5.132995218142953e-17
28250.750892455093 3.404537976279423e-17
31697.86384922227 2.2175884917008864e-17
35565.58820077846 1.4185252920011893e-17
39905.24629937759 8.862915847387466e-18
44774.422771366786 5.404193077744197e-18
50237.7286301916 3.209506363054064e-18
56367.65862528908 1.8531245922546137e-18
63245.553203367585 1.0398402550932878e-18
70962.6778467151 5.6841827752526485e-19
79621.43411069944 2.9704399554085456e-19
89336.71843019263 1.480893512656503e-19
100237.44672545444 6.910346551649449e-20
112468.26503806982 3.001028446407115e-20
126191.46889603866 1.1611127324609408e-20
141589.1568768276 4.002002733460881e-21
158865.6469448563 1.3467279953107234e-21
178250.18762674913 4.801090356926642e-22
200000.0 2.398820038378829e-22
453389.1337035321 1e-300
1027808.5328021944 1e-300
2329986.101501426 1e-300
5281951.900505007 1e-300
11973897.982168451 1e-300
27144176.165949065 1e-300
61534372.58487855 1e-300
139495079.3962423 1e-300
316227766.01683795 1e-300
