10669.6764602 3.13384404991e-20
22672.3424393 1.51347098738e-20
34675.0084183 1.00030273872e-20
46677.6743973 7.44739296552e-21
58680.3403764 5.91672137857e-21
70683.0063554 4.91404214332e-21
82685.6723345 4.18451946246e-21
94688.3383135 3.63872506282e-21
106691.004293 3.21386290652e-21
118693.670272 2.88563714706e-21
130696.336251 2.6202039768e-21
142699.00223 2.39518525267e-21
154701.668209 2.20009025263e-21
166704.334188 2.03503924791e-21
178707.000167 1.89982507603e-21
190709.666146 1.77397158694e-21
202712.332125 1.66975580939e-21
214714.998104 1.5686772355e-21
226717.664083 1.48507204258e-21
238720.330062 1.40146684966e-21
250722.996041 1.33533032679e-21
262725.66202 1.26940588495e-21
274728.327999 1.21132621175e-21
286730.993978 1.15941720859e-21
298733.659957 1.10750820543e-21
310736.325936 1.06450089085e-21
322738.991915 1.02325072114e-21
334741.657894 9.82000551423e-22
346744.323873 9.47184813108e-22
358746.989852 9.14203832646e-22
370749.655831 8.81222852184e-22
382752.32181 8.50646260075e-22
394754.987789 8.24572808711e-22
406757.653768 7.98499357348e-22
418760.319748 7.72425905984e-22
430762.985727 7.49351973344e-22
442765.651706 7.29283380737e-22
454768.317685 7.09214788131e-22
466770.983664 6.89146195525e-22
478773.649643 6.69751375101e-22
490776.315622 6.53398053195e-22
502778.981601 6.37044731289e-22
514781.64758 6.20691409384e-22
526784.313559 6.04338087478e-22
538786.979538 5.89036115252e-22
550789.645517 5.75809080869e-22
562792.311496 5.62582046486e-22
574794.977475 5.49355012104e-22
586797.643454 5.36127977721e-22
598800.309433 5.22900943339e-22
610802.975412 5.123015502e-22
622805.641391 5.01993961523e-22
634808.30737 4.91686372845e-22
646810.973349 4.81378784168e-22
658813.639328 4.7107119549e-22
670816.305307 4.60763606813e-22
682818.971286 4.52116139189e-22
694821.637265 4.43882456483e-22
706824.303244 4.35648773777e-22
718826.969223 4.27415091071e-22
730829.635202 4.19181408365e-22
742832.301182 4.10947725659e-22
754834.967161 4.02714042953e-22
766837.63314 3.96123611122e-22
778840.299119 3.89607636849e-22
790842.965098 3.83091662576e-22
802845.631077 3.76575688303e-22
814848.297056 3.70059714031e-22
826850.963035 3.63543739758e-22
838853.629014 3.57027765485e-22
850856.294993 3.50902128895e-22
862858.960972 3.45791499122e-22
874861.626951 3.40680869348e-22
886864.29293 3.35570239575e-22
898866.958909 3.30459609801e-22
910869.624888 3.25348980028e-22
922872.290867 3.20238350254e-22
934874.956846 3.15127720481e-22
946877.622825 3.10017090707e-22
958880.288804 3.05612113723e-22
970882.954783 3.0156761143e-22
982885.620762 2.97523109137e-22
994888.286741 2.93478606844e-22
1006890.95272 2.89434104551e-22
1018893.6187 2.85389602258e-22
1030896.28468 2.81345099965e-22
1042898.95066 2.77300597672e-22
1054901.61664 2.73256095379e-22
1066904.28262 2.69211593087e-22
1078906.94859 2.66008066894e-22
1090909.61457 2.62809003869e-22
1102912.28055 2.59609940844e-22
1114914.94653 2.56410877819e-22
1126917.61251 2.53211814794e-22
1138920.27849 2.50012751769e-22
1150922.94447 2.46813688744e-22
1162925.61045 2.43614625719e-22
1174928.27643 2.40415562694e-22
1186930.94241 2.37216499669e-22
1198933.60838 2.34119370224e-22
1210936.27436 2.3160911552e-22
1222938.94034 2.29098860816e-22
1234941.60632 2.26588606112e-22
1246944.2723 2.24078351408e-22
1258946.93828 2.21568096705e-22
1270949.60426 2.19057842001e-22
1282952.27024 2.16547587297e-22
1294954.93622 2.14037332593e-22
1306957.6022 2.11527077889e-22
1318960.26818 2.09016823185e-22
1330962.93415 2.06506568481e-22
1342965.60013 2.03996313778e-22
1354968.26611 2.02008892631e-22
1366970.93209 2.00033370335e-22
1378973.59807 1.98057848039e-22
1390976.26405 1.96082325744e-22
1402978.93003 1.94106803448e-22
1414981.59601 1.92131281152e-22
1426984.26199 1.90155758857e-22
1438986.92797 1.88180236561e-22
1450989.59394 1.86204714266e-22
1462992.25992 1.8422919197e-22
1474994.9259 1.82253669674e-22
1486997.59188 1.80278147379e-22
1499000.25786 1.78302625083e-22
1511002.92384 1.76450798713e-22
1523005.58982 1.74858809346e-22
1535008.2558 1.7326681998e-22
1547010.92178 1.71674830613e-22
1559013.58776 1.70082841247e-22
1571016.25374 1.6849085188e-22
1583018.91971 1.66898862514e-22
1595021.58569 1.65306873147e-22
1607024.25167 1.63714883781e-22
1619026.91765 1.62122894414e-22
1631029.58363 1.60530905048e-22
1643032.24961 1.58938915681e-22
1655034.91559 1.57346926315e-22
1667037.58157 1.55754936948e-22
1679040.24755 1.54162947582e-22
1691042.91353 1.52571336247e-22
1703045.5795 1.51324270708e-22
1715048.24548 1.50077205168e-22
1727050.91146 1.48830139628e-22
1739053.57744 1.47583074088e-22
1751056.24342 1.46336008549e-22
1763058.9094 1.45088943009e-22
1775061.57538 1.43841877469e-22
1787064.24136 1.42594811929e-22
1799066.90734 1.4134774639e-22
1811069.57332 1.4010068085e-22
1823072.23929 1.3885361531e-22
1835074.90527 1.3760654977e-22
1847077.57125 1.36359484231e-22
1859080.23723 1.35112418691e-22
1871082.90321 1.33865353151e-22
1883085.56919 1.32618287611e-22
1895088.23517 1.31371222071e-22
1907090.90115 1.30347042416e-22
1919093.56713 1.2937508392e-22
1931096.23311 1.28403125424e-22
1943098.89909 1.27431166928e-22
1955101.56506 1.26459208432e-22
1967104.23104 1.25487249937e-22
1979106.89702 1.24515291441e-22
1991109.563 1.23543332945e-22
2003112.22898 1.22571374449e-22
2015114.89496 1.21599415953e-22
2027117.56094 1.20627457458e-22
2039120.22692 1.19655498962e-22
2051122.8929 1.18683540466e-22
2063125.55888 1.1771158197e-22
2075128.22485 1.16739623474e-22
2087130.89083 1.15767664978e-22
2099133.55681 1.14795706483e-22
2111136.22279 1.13823747987e-22
2123138.88877 1.12851789491e-22
2135141.55475 1.11990522757e-22
2147144.22073 1.1123075875e-22
2159146.88671 1.10470994744e-22
2171149.55269 1.09711230737e-22
2183152.21867 1.0895146673e-22
2195154.88465 1.08191702724e-22
2207157.55062 1.07431938717e-22
2219160.2166 1.0667217471e-22
2231162.88258 1.05912410704e-22
2243165.54856 1.05152646697e-22
2255168.21454 1.0439288269e-22
2267170.88052 1.03633118684e-22
2279173.5465 1.02873354677e-22
2291176.21248 1.0211359067e-22
2303178.87846 1.01353826664e-22
2315181.54444 1.00594062657e-22
2327184.21041 9.98342986502e-23
2339186.87639 9.90745346436e-23
2351189.54237 9.83147706369e-23
2363192.20835 9.75550066302e-23
2375194.87433 9.67952426236e-23
2387197.54031 9.60354786169e-23
2399200.20629 9.54270000853e-23
2411202.87227 9.4839235468e-23
2423205.53825 9.42514708507e-23
2435208.20423 9.36637062335e-23
2447210.8702 9.30759416162e-23
2459213.53618 9.2488176999e-23
2471216.20216 9.19004123817e-23
2483218.86814 9.13126477645e-23
2495221.53412 9.07248831472e-23
2507224.2001 9.013711853e-23
2519226.86608 8.95493539127e-23
2531229.53206 8.89615892954e-23
2543232.19804 8.83738246782e-23
2555234.86402 8.77860600609e-23
2567237.53 8.71982954437e-23
2579240.19597 8.66105308264e-23
2591242.86195 8.60227662092e-23
2603245.52793 8.54350015919e-23
2615248.19391 8.48472369747e-23
2627250.85989 8.42594723574e-23
2639253.52587 8.36717077401e-23
2651256.19185 8.30839431229e-23
2663258.85783 8.24961785056e-23
2675261.52381 8.19084138884e-23
2687264.18979 8.1399896537e-23
2699266.85576 8.09449291673e-23
2711269.52174 8.04899617975e-23
2723272.18772 8.00349944277e-23
2735274.8537 7.95800270579e-23
2747277.51968 7.91250596882e-23
2759280.18566 7.86700923184e-23
2771282.85164 7.82151249486e-23
2783285.51762 7.77601575789e-23
2795288.1836 7.73051902091e-23
2807290.84958 7.68502228393e-23
2819293.51556 7.63952554696e-23
2831296.18153 7.59402880998e-23
2843298.84751 7.548532073e-23
2855301.51349 7.50303533603e-23
2867304.17947 7.45753859905e-23
2879306.84545 7.41204186207e-23
2891309.51143 7.3665451251e-23
2903312.17741 7.32104838812e-23
2915314.84339 7.27555165114e-23
2927317.50937 7.23005491417e-23
2939320.17535 7.18455817719e-23
2951322.84132 7.13906144021e-23
2963325.5073 7.09356470324e-23
2975328.17328 7.04806796626e-23
2987330.83926 7.00257122928e-23
2999333.50524 6.9570744923e-23
3011336.17122 6.91504150745e-23
3023338.8372 6.87941339968e-23
3035341.50318 6.84378529191e-23
3047344.16916 6.80815718414e-23
3059346.83514 6.77252907637e-23
3071349.50111 6.7369009686e-23
3083352.16709 6.70127286084e-23
3095354.83307 6.66564475307e-23
3107357.49905 6.6300166453e-23
3119360.16503 6.59438853753e-23
3131362.83101 6.55876042976e-23
3143365.49699 6.52313232199e-23
3155368.16297 6.48750421423e-23
3167370.82895 6.45187610646e-23
3179373.49493 6.41624799869e-23
3191376.16091 6.38061989092e-23
3203378.82688 6.34499178315e-23
3215381.49286 6.30936367538e-23
3227384.15884 6.27373556762e-23
3239386.82482 6.23810745985e-23
3251389.4908 6.20247935208e-23
3263392.15678 6.16685124431e-23
3275394.82276 6.13122313654e-23
3287397.48874 6.09559502877e-23
3299400.15472 6.05996692101e-23
3311402.8207 6.02433881324e-23
3323405.48667 5.98871070547e-23
3335408.15265 5.9530825977e-23
3347410.81863 5.91745448993e-23
3359413.48461 5.88182638216e-23
3371416.15059 5.8461982744e-23
3383418.81657 5.81735881239e-23
3395421.48255 5.79042593647e-23
3407424.14853 5.76349306055e-23
3419426.81451 5.73656018463e-23
3431429.48049 5.70962730871e-23
3443432.14646 5.68269443279e-23
3455434.81244 5.65576155687e-23
3467437.47842 5.62882868095e-23
3479440.1444 5.60189580503e-23
3491442.81038 5.57496292911e-23
3503445.47636 5.54803005319e-23
3515448.14234 5.52109717727e-23
3527450.80832 5.49416430135e-23
3539453.4743 5.46723142543e-23
3551456.14028 5.44029854952e-23
3563458.80626 5.4133656736e-23
3575461.47223 5.38643279768e-23
3587464.13821 5.35949992176e-23
3599466.80419 5.33256704584e-23
3611469.47017 5.30563416992e-23
3623472.13615 5.278701294e-23
3635474.80213 5.25176841808e-23
3647477.46811 5.22483554216e-23
3659480.13409 5.19790266624e-23
3671482.80007 5.17096979032e-23
3683485.46605 5.1440369144e-23
3695488.13202 5.11710403848e-23
3707490.798 5.09017116256e-23
3719493.46398 5.06323828664e-23
3731496.12996 5.03630541072e-23
3743498.79594 5.0093725348e-23
3755501.46192 4.98243965888e-23
3767504.1279 4.95550678296e-23
3779506.79388 4.92857390705e-23
3791509.45986 4.9045986693e-23
3803512.12584 4.88382314348e-23
3815514.79182 4.86304761767e-23
3827517.45779 4.84227209185e-23
3839520.12377 4.82149656604e-23
3851522.78975 4.80072104023e-23
3863525.45573 4.77994551441e-23
3875528.12171 4.7591699886e-23
3887530.78769 4.73839446278e-23
3899533.45367 4.71761893697e-23
3911536.11965 4.69684341116e-23
3923538.78563 4.67606788534e-23
3935541.45161 4.65529235953e-23
3947544.11758 4.63451683371e-23
3959546.78356 4.6137413079e-23
3971549.44954 4.59296578209e-23
3983552.11552 4.57219025627e-23
3995554.7815 4.55141473046e-23
4007557.44748 4.53063920464e-23
4019560.11346 4.50986367883e-23
4031562.77944 4.48908815302e-23
4043565.44542 4.4683126272e-23
4055568.1114 4.44753710139e-23
4067570.77737 4.42676157557e-23
4079573.44335 4.40598604976e-23
4091576.10933 4.38521052394e-23
4103578.77531 4.36443499813e-23
4115581.44129 4.34365947232e-23
4127584.10727 4.3228839465e-23
4139586.77325 4.30210842069e-23
4151589.43923 4.28133289487e-23
4163592.10521 4.26055736906e-23
4175594.77119 4.23978184325e-23
4187597.43717 4.21900631743e-23
4199600.10314 4.19823079162e-23
4211602.76912 4.1774552658e-23
4223605.4351 4.15667973999e-23
4235608.10108 4.13590421418e-23
4247610.76706 4.11512868836e-23
4259613.43304 4.0993203449e-23
4271616.09902 4.08353860376e-23
4283618.765 4.06775686263e-23
4295621.43098 4.05197512149e-23
4307624.09696 4.03619338035e-23
4319626.76293 4.02041163922e-23
4331629.42891 4.00462989808e-23
4343632.09489 3.98884815694e-23
4355634.76087 3.97306641581e-23
4367637.42685 3.95728467467e-23
4379640.09283 3.94150293353e-23
4391642.75881 3.92572119239e-23
4403645.42479 3.90993945126e-23
4415648.09077 3.89415771012e-23
4427650.75675 3.87837596898e-23
4439653.42273 3.86259422785e-23
4451656.0887 3.84681248671e-23
4463658.75468 3.83103074557e-23
4475661.42066 3.81524900444e-23
4487664.08664 3.7994672633e-23
4499666.75262 3.78368552216e-23
4511669.4186 3.76790378103e-23
4523672.08458 3.75212203989e-23
4535674.75056 3.73634029875e-23
4547677.41654 3.72055855761e-23
4559680.08252 3.70477681648e-23
4571682.74849 3.68899507534e-23
4583685.41447 3.6732133342e-23
4595688.08045 3.65743159307e-23
4607690.74643 3.64164985193e-23
4619693.41241 3.62586811079e-23
4631696.07839 3.61008636966e-23
4643698.74437 3.59430462852e-23
4655701.41035 3.57852288738e-23
4667704.07633 3.56274114625e-23
4679706.74231 3.54695940511e-23
4691709.40828 3.53117766397e-23
4703712.07426 3.51539592283e-23
4715714.74024 3.4996141817e-23
4727717.40622 3.48383244056e-23
4739720.0722 3.46805069942e-23
4751722.73818 3.45226895829e-23
4763725.40416 3.43648721715e-23
4775728.07014 3.42384155456e-23
4787730.73612 3.41191703319e-23
4799733.4021 3.39999251183e-23
4811736.06808 3.38806799047e-23
4823738.73405 3.37614346911e-23
4835741.40003 3.36421894775e-23
4847744.06601 3.35229442638e-23
4859746.73199 3.34036990502e-23
4871749.39797 3.32844538366e-23
4883752.06395 3.3165208623e-23
4895754.72993 3.30459634093e-23
4907757.39591 3.29267181957e-23
4919760.06189 3.28074729821e-23
4931762.72787 3.26882277685e-23
4943765.39384 3.25689825549e-23
4955768.05982 3.24497373412e-23
4967770.7258 3.23304921276e-23
4979773.39178 3.2211246914e-23
4991776.05776 3.20920017004e-23
5003778.72374 3.19727564867e-23
5015781.38972 3.18535112731e-23
5027784.0557 3.17342660595e-23
5039786.72168 3.16150208459e-23
5051789.38766 3.14957756323e-23
5063792.05364 3.13765304186e-23
5075794.71961 3.1257285205e-23
5087797.38559 3.11380399914e-23
5099800.05157 3.10187947778e-23
5111802.71755 3.08995495642e-23
5123805.38353 3.07803043505e-23
5135808.04951 3.06610591369e-23
5147810.71549 3.05418139233e-23
5159813.38147 3.04225687097e-23
5171816.04745 3.0303323496e-23
5183818.71343 3.01840782824e-23
5195821.3794 3.00648330688e-23
5207824.04538 2.99455878552e-23
5219826.71136 2.98263426416e-23
5231829.37734 2.97070974279e-23
5243832.04332 2.95878522143e-23
5255834.7093 2.94686070007e-23
5267837.37528 2.93493617871e-23
5279840.04126 2.92301165734e-23
5291842.70724 2.91108713598e-23
5303845.37322 2.89916261462e-23
5315848.03919 2.88723809326e-23
5327850.70517 2.8753135719e-23
5339853.37115 2.86338905053e-23
5351856.03713 2.85285112561e-23
5363858.70311 2.84475218859e-23
5375861.36909 2.83665325156e-23
5387864.03507 2.82855431453e-23
5399866.70105 2.8204553775e-23
5411869.36703 2.81235644048e-23
5423872.03301 2.80425750345e-23
5435874.69899 2.79615856642e-23
5447877.36496 2.78805962939e-23
5459880.03094 2.77996069237e-23
5471882.69692 2.77186175534e-23
5483885.3629 2.76376281831e-23
5495888.02888 2.75566388128e-23
5507890.69486 2.74756494426e-23
5519893.36084 2.73946600723e-23
5531896.02682 2.7313670702e-23
5543898.6928 2.72326813318e-23
5555901.35878 2.71516919615e-23
5567904.02475 2.70707025912e-23
5579906.69073 2.69897132209e-23
5591909.35671 2.69087238507e-23
5603912.02269 2.68277344804e-23
5615914.68867 2.67467451101e-23
5627917.35465 2.66657557398e-23
5639920.02063 2.65847663696e-23
5651922.68661 2.65037769993e-23
5663925.35259 2.6422787629e-23
5675928.01857 2.63417982587e-23
5687930.68455 2.62608088885e-23
5699933.35052 2.61798195182e-23
5711936.0165 2.60988301479e-23
5723938.68248 2.60178407776e-23
5735941.34846 2.59368514074e-23
5747944.01444 2.58558620371e-23
5759946.68042 2.57748726668e-23
5771949.3464 2.56938832965e-23
5783952.01238 2.56128939263e-23
5795954.67836 2.5531904556e-23
5807957.34434 2.54509151857e-23
5819960.01031 2.53699258154e-23
5831962.67629 2.52889364452e-23
5843965.34227 2.52079470749e-23
5855968.00825 2.51269577046e-23
5867970.67423 2.50459683343e-23
5879973.34021 2.49649789641e-23
5891976.00619 2.48839895938e-23
5903978.67217 2.48030002235e-23
5915981.33815 2.47220108533e-23
5927984.00413 2.4641021483e-23
5939986.6701 2.45600321127e-23
5951989.33608 2.44790427424e-23
5963992.00206 2.43980533722e-23
5975994.66804 2.43170640019e-23
5987997.33402 2.42360746316e-23
6000000.0 2.41550852613e-23
9321113.11061 1e-300
14480524.9368 1e-300
22495768.4728 1e-300
34947600.4075 1e-300
54291756.057 1e-300
84343266.5302 1e-300
131028854.574 1e-300
203555795.707 1e-300
316227766.017 1e-300
