10669.6764602 3.15107395377e-20
22672.3424393 1.53931526262e-20
34675.0084183 1.02487111501e-20
46677.6743973 7.6828246158e-21
58680.3403764 6.16960516375e-21
70683.0063554 5.1534148891e-21
82685.6723345 4.41943581517e-21
94688.3383135 3.87256669966e-21
106691.004293 3.44407833514e-21
118693.670272 3.1024177856e-21
130696.336251 2.82752490343e-21
142699.00223 2.59746720912e-21
154701.668209 2.39712065848e-21
166704.334188 2.22286679405e-21
178707.000167 2.07621188292e-21
190709.666146 1.93884450322e-21
202712.332125 1.82862132527e-21
214714.998104 1.72194260695e-21
226717.664083 1.63500557573e-21
238720.330062 1.54806854451e-21
250722.996041 1.47920412498e-21
262725.66202 1.41055911874e-21
274728.327999 1.34925432986e-21
286730.993978 1.2937233326e-21
298733.659957 1.23819233533e-21
310736.325936 1.1916727121e-21
322738.991915 1.14693188504e-21
334741.657894 1.10219105797e-21
346744.323873 1.06467698405e-21
358746.989852 1.02922359604e-21
370749.655831 9.93770208021e-22
382752.32181 9.60840085776e-22
394754.987789 9.32635747907e-22
406757.653768 9.04431410037e-22
418760.319748 8.76227072167e-22
430762.985727 8.50781338547e-22
442765.651706 8.28099562933e-22
454768.317685 8.05417787318e-22
466770.983664 7.82736011704e-22
478773.649643 7.60868590264e-22
490776.315622 7.42677273408e-22
502778.981601 7.24485956552e-22
514781.64758 7.06294639697e-22
526784.313559 6.88103322841e-22
538786.979538 6.71228761065e-22
550789.645517 6.56952939742e-22
562792.311496 6.42677118419e-22
574794.977475 6.28401297096e-22
586797.643454 6.14125475773e-22
598800.309433 5.9984965445e-22
610802.975412 5.88171272089e-22
622805.641391 5.76781340168e-22
634808.30737 5.65391408247e-22
646810.973349 5.54001476326e-22
658813.639328 5.42611544405e-22
670816.305307 5.31221612484e-22
682818.971286 5.21625363829e-22
694821.637265 5.12476190452e-22
706824.303244 5.03327017076e-22
718826.969223 4.94177843699e-22
730829.635202 4.85028670322e-22
742832.301182 4.75879496946e-22
754834.967161 4.66730323569e-22
766837.63314 4.59392065788e-22
778840.299119 4.52135862644e-22
790842.965098 4.448796595e-22
802845.631077 4.37623456356e-22
814848.297056 4.30367253212e-22
826850.963035 4.23111050067e-22
838853.629014 4.15854846923e-22
850856.294993 4.09034423208e-22
862858.960972 4.03347169848e-22
874861.626951 3.97659916488e-22
886864.29293 3.91972663128e-22
898866.958909 3.86285409768e-22
910869.624888 3.80598156409e-22
922872.290867 3.74910903049e-22
934874.956846 3.69223649689e-22
946877.622825 3.63536396329e-22
958880.288804 3.58580555088e-22
970882.954783 3.53998347399e-22
982885.620762 3.4941613971e-22
994888.286741 3.44833932021e-22
1006890.95272 3.40251724332e-22
1018893.6187 3.35669516643e-22
1030896.28468 3.31087308954e-22
1042898.95066 3.26505101265e-22
1054901.61664 3.21922893576e-22
1066904.28262 3.17340685887e-22
1078906.94859 3.13661419275e-22
1090909.61457 3.09986944688e-22
1102912.28055 3.06312470101e-22
1114914.94653 3.02637995513e-22
1126917.61251 2.98963520926e-22
1138920.27849 2.95289046339e-22
1150922.94447 2.91614571751e-22
1162925.61045 2.87940097164e-22
1174928.27643 2.84265622577e-22
1186930.94241 2.80591147989e-22
1198933.60838 2.77026310376e-22
1210936.27436 2.74092699207e-22
1222938.94034 2.71159088037e-22
1234941.60632 2.68225476867e-22
1246944.2723 2.65291865698e-22
1258946.93828 2.62358254528e-22
1270949.60426 2.59424643359e-22
1282952.27024 2.56491032189e-22
1294954.93622 2.5355742102e-22
1306957.6022 2.5062380985e-22
1318960.26818 2.4769019868e-22
1330962.93415 2.44756587511e-22
1342965.60013 2.41822976341e-22
1354968.26611 2.39511539495e-22
1366970.93209 2.37214262337e-22
1378973.59807 2.34916985178e-22
1390976.26405 2.3261970802e-22
1402978.93003 2.30322430862e-22
1414981.59601 2.28025153703e-22
1426984.26199 2.25727876545e-22
1438986.92797 2.23430599387e-22
1450989.59394 2.21133322228e-22
1462992.25992 2.1883604507e-22
1474994.9259 2.16538767911e-22
1486997.59188 2.14241490753e-22
1499000.25786 2.11944213595e-22
1511002.92384 2.0980016895e-22
1523005.58982 2.07978006186e-22
1535008.2558 2.06155843422e-22
1547010.92178 2.04333680659e-22
1559013.58776 2.02511517895e-22
1571016.25374 2.00689355131e-22
1583018.91971 1.98867192368e-22
1595021.58569 1.97045029604e-22
1607024.25167 1.9522286684e-22
1619026.91765 1.93400704077e-22
1631029.58363 1.91578541313e-22
1643032.24961 1.89756378549e-22
1655034.91559 1.87934215786e-22
1667037.58157 1.86112053022e-22
1679040.24755 1.84289890258e-22
1691042.91353 1.82468154143e-22
1703045.5795 1.81035274023e-22
1715048.24548 1.79602393902e-22
1727050.91146 1.78169513781e-22
1739053.57744 1.7673663366e-22
1751056.24342 1.75303753539e-22
1763058.9094 1.73870873418e-22
1775061.57538 1.72437993297e-22
1787064.24136 1.71005113177e-22
1799066.90734 1.69572233056e-22
1811069.57332 1.68139352935e-22
1823072.23929 1.66706472814e-22
1835074.90527 1.65273592693e-22
1847077.57125 1.63840712572e-22
1859080.23723 1.62407832451e-22
1871082.90321 1.6097495233e-22
1883085.56919 1.5954207221e-22
1895088.23517 1.58109192089e-22
1907090.90115 1.5692924637e-22
1919093.56713 1.55808562045e-22
1931096.23311 1.54687877719e-22
1943098.89909 1.53567193394e-22
1955101.56506 1.52446509068e-22
1967104.23104 1.51325824743e-22
1979106.89702 1.50205140417e-22
1991109.563 1.49084456091e-22
2003112.22898 1.47963771766e-22
2015114.89496 1.4684308744e-22
2027117.56094 1.45722403115e-22
2039120.22692 1.44601718789e-22
2051122.8929 1.43481034464e-22
2063125.55888 1.42360350138e-22
2075128.22485 1.41239665812e-22
2087130.89083 1.40118981487e-22
2099133.55681 1.38998297161e-22
2111136.22279 1.37877612836e-22
2123138.88877 1.3675692851e-22
2135141.55475 1.35756127281e-22
2147144.22073 1.34865257099e-22
2159146.88671 1.33974386917e-22
2171149.55269 1.33083516735e-22
2183152.21867 1.32192646553e-22
2195154.88465 1.31301776372e-22
2207157.55062 1.3041090619e-22
2219160.2166 1.29520036008e-22
2231162.88258 1.28629165826e-22
2243165.54856 1.27738295644e-22
2255168.21454 1.26847425462e-22
2267170.88052 1.2595655528e-22
2279173.5465 1.25065685098e-22
2291176.21248 1.24174814917e-22
2303178.87846 1.23283944735e-22
2315181.54444 1.22393074553e-22
2327184.21041 1.21502204371e-22
2339186.87639 1.20611334189e-22
2351189.54237 1.19720464007e-22
2363192.20835 1.18829593825e-22
2375194.87433 1.17938723643e-22
2387197.54031 1.17047853461e-22
2399200.20629 1.16328182644e-22
2411202.87227 1.15631952339e-22
2423205.53825 1.14935722034e-22
2435208.20423 1.14239491729e-22
2447210.8702 1.13543261424e-22
2459213.53618 1.12847031119e-22
2471216.20216 1.12150800813e-22
2483218.86814 1.11454570508e-22
2495221.53412 1.10758340203e-22
2507224.2001 1.10062109898e-22
2519226.86608 1.09365879593e-22
2531229.53206 1.08669649288e-22
2543232.19804 1.07973418983e-22
2555234.86402 1.07277188677e-22
2567237.53 1.06580958372e-22
2579240.19597 1.05884728067e-22
2591242.86195 1.05188497762e-22
2603245.52793 1.04492267457e-22
2615248.19391 1.03796037152e-22
2627250.85989 1.03099806846e-22
2639253.52587 1.02403576541e-22
2651256.19185 1.01707346236e-22
2663258.85783 1.01011115931e-22
2675261.52381 1.00314885626e-22
2687264.18979 9.97099197846e-23
2699266.85576 9.91666243404e-23
2711269.52174 9.86233288963e-23
2723272.18772 9.80800334521e-23
2735274.8537 9.7536738008e-23
2747277.51968 9.69934425639e-23
2759280.18566 9.64501471197e-23
2771282.85164 9.59068516756e-23
2783285.51762 9.53635562314e-23
2795288.1836 9.48202607873e-23
2807290.84958 9.42769653432e-23
2819293.51556 9.3733669899e-23
2831296.18153 9.31903744549e-23
2843298.84751 9.26470790107e-23
2855301.51349 9.21037835666e-23
2867304.17947 9.15604881224e-23
2879306.84545 9.10171926783e-23
2891309.51143 9.04738972342e-23
2903312.17741 8.993060179e-23
2915314.84339 8.93873063459e-23
2927317.50937 8.88440109017e-23
2939320.17535 8.83007154576e-23
2951322.84132 8.77574200135e-23
2963325.5073 8.72141245693e-23
2975328.17328 8.66708291252e-23
2987330.83926 8.6127533681e-23
2999333.50524 8.55842382369e-23
3011336.17122 8.50848506444e-23
3023338.8372 8.4666653733e-23
3035341.50318 8.42484568216e-23
3047344.16916 8.38302599102e-23
3059346.83514 8.34120629988e-23
3071349.50111 8.29938660874e-23
3083352.16709 8.2575669176e-23
3095354.83307 8.21574722646e-23
3107357.49905 8.17392753532e-23
3119360.16503 8.13210784418e-23
3131362.83101 8.09028815304e-23
3143365.49699 8.04846846189e-23
3155368.16297 8.00664877075e-23
3167370.82895 7.96482907961e-23
3179373.49493 7.92300938847e-23
3191376.16091 7.88118969733e-23
3203378.82688 7.83937000619e-23
3215381.49286 7.79755031505e-23
3227384.15884 7.75573062391e-23
3239386.82482 7.71391093277e-23
3251389.4908 7.67209124163e-23
3263392.15678 7.63027155049e-23
3275394.82276 7.58845185935e-23
3287397.48874 7.5466321682e-23
3299400.15472 7.50481247706e-23
3311402.8207 7.46299278592e-23
3323405.48667 7.42117309478e-23
3335408.15265 7.37935340364e-23
3347410.81863 7.3375337125e-23
3359413.48461 7.29571402136e-23
3371416.15059 7.25389433022e-23
3383418.81657 7.22005588445e-23
3395421.48255 7.18845896547e-23
3407424.14853 7.15686204649e-23
3419426.81451 7.12526512752e-23
3431429.48049 7.09366820854e-23
3443432.14646 7.06207128957e-23
3455434.81244 7.03047437059e-23
3467437.47842 6.99887745161e-23
3479440.1444 6.96728053264e-23
3491442.81038 6.93568361366e-23
3503445.47636 6.90408669469e-23
3515448.14234 6.87248977571e-23
3527450.80832 6.84089285673e-23
3539453.4743 6.80929593776e-23
3551456.14028 6.77769901878e-23
3563458.80626 6.74610209981e-23
3575461.47223 6.71450518083e-23
3587464.13821 6.68290826185e-23
3599466.80419 6.65131134288e-23
3611469.47017 6.6197144239e-23
3623472.13615 6.58811750493e-23
3635474.80213 6.55652058595e-23
3647477.46811 6.52492366697e-23
3659480.13409 6.493326748e-23
3671482.80007 6.46172982902e-23
3683485.46605 6.43013291005e-23
3695488.13202 6.39853599107e-23
3707490.798 6.36693907209e-23
3719493.46398 6.33534215312e-23
3731496.12996 6.30374523414e-23
3743498.79594 6.27214831517e-23
3755501.46192 6.24055139619e-23
3767504.1279 6.20895447721e-23
3779506.79388 6.17735755824e-23
3791509.45986 6.14940747231e-23
3803512.12584 6.1254027017e-23
3815514.79182 6.1013979311e-23
3827517.45779 6.0773931605e-23
3839520.12377 6.05338838989e-23
3851522.78975 6.02938361929e-23
3863525.45573 6.00537884869e-23
3875528.12171 5.98137407809e-23
3887530.78769 5.95736930748e-23
3899533.45367 5.93336453688e-23
3911536.11965 5.90935976628e-23
3923538.78563 5.88535499568e-23
3935541.45161 5.86135022507e-23
3947544.11758 5.83734545447e-23
3959546.78356 5.81334068387e-23
3971549.44954 5.78933591326e-23
3983552.11552 5.76533114266e-23
3995554.7815 5.74132637206e-23
4007557.44748 5.71732160146e-23
4019560.11346 5.69331683085e-23
4031562.77944 5.66931206025e-23
4043565.44542 5.64530728965e-23
4055568.1114 5.62130251904e-23
4067570.77737 5.59729774844e-23
4079573.44335 5.57329297784e-23
4091576.10933 5.54928820724e-23
4103578.77531 5.52528343663e-23
4115581.44129 5.50127866603e-23
4127584.10727 5.47727389543e-23
4139586.77325 5.45326912483e-23
4151589.43923 5.42926435422e-23
4163592.10521 5.40525958362e-23
4175594.77119 5.38125481302e-23
4187597.43717 5.35725004241e-23
4199600.10314 5.33324527181e-23
4211602.76912 5.30924050121e-23
4223605.4351 5.28523573061e-23
4235608.10108 5.26123096e-23
4247610.76706 5.2372261894e-23
4259613.43304 5.2188857777e-23
4271616.09902 5.20057570213e-23
4283618.765 5.18226562656e-23
4295621.43098 5.16395555099e-23
4307624.09696 5.14564547542e-23
4319626.76293 5.12733539985e-23
4331629.42891 5.10902532428e-23
4343632.09489 5.09071524871e-23
4355634.76087 5.07240517314e-23
4367637.42685 5.05409509757e-23
4379640.09283 5.035785022e-23
4391642.75881 5.01747494643e-23
4403645.42479 4.99916487086e-23
4415648.09077 4.9808547953e-23
4427650.75675 4.96254471973e-23
4439653.42273 4.94423464416e-23
4451656.0887 4.92592456859e-23
4463658.75468 4.90761449302e-23
4475661.42066 4.88930441745e-23
4487664.08664 4.87099434188e-23
4499666.75262 4.85268426631e-23
4511669.4186 4.83437419074e-23
4523672.08458 4.81606411517e-23
4535674.75056 4.7977540396e-23
4547677.41654 4.77944396403e-23
4559680.08252 4.76113388846e-23
4571682.74849 4.74282381289e-23
4583685.41447 4.72451373733e-23
4595688.08045 4.70620366176e-23
4607690.74643 4.68789358619e-23
4619693.41241 4.66958351062e-23
4631696.07839 4.65127343505e-23
4643698.74437 4.63296335948e-23
4655701.41035 4.61465328391e-23
4667704.07633 4.59634320834e-23
4679706.74231 4.57803313277e-23
4691709.40828 4.5597230572e-23
4703712.07426 4.54141298163e-23
4715714.74024 4.52310290606e-23
4727717.40622 4.50479283049e-23
4739720.0722 4.48648275492e-23
4751722.73818 4.46817267936e-23
4763725.40416 4.44986260379e-23
4775728.07014 4.4352846169e-23
4787730.73612 4.42156482377e-23
4799733.4021 4.40784503063e-23
4811736.06808 4.3941252375e-23
4823738.73405 4.38040544437e-23
4835741.40003 4.36668565124e-23
4847744.06601 4.35296585811e-23
4859746.73199 4.33924606498e-23
4871749.39797 4.32552627185e-23
4883752.06395 4.31180647871e-23
4895754.72993 4.29808668558e-23
4907757.39591 4.28436689245e-23
4919760.06189 4.27064709932e-23
4931762.72787 4.25692730619e-23
4943765.39384 4.24320751306e-23
4955768.05982 4.22948771993e-23
4967770.7258 4.21576792679e-23
4979773.39178 4.20204813366e-23
4991776.05776 4.18832834053e-23
5003778.72374 4.1746085474e-23
5015781.38972 4.16088875427e-23
5027784.0557 4.14716896114e-23
5039786.72168 4.13344916801e-23
5051789.38766 4.11972937487e-23
5063792.05364 4.10600958174e-23
5075794.71961 4.09228978861e-23
5087797.38559 4.07856999548e-23
5099800.05157 4.06485020235e-23
5111802.71755 4.05113040922e-23
5123805.38353 4.03741061609e-23
5135808.04951 4.02369082295e-23
5147810.71549 4.00997102982e-23
5159813.38147 3.99625123669e-23
5171816.04745 3.98253144356e-23
5183818.71343 3.96881165043e-23
5195821.3794 3.9550918573e-23
5207824.04538 3.94137206416e-23
5219826.71136 3.92765227103e-23
5231829.37734 3.9139324779e-23
5243832.04332 3.90021268477e-23
5255834.7093 3.88649289164e-23
5267837.37528 3.87277309851e-23
5279840.04126 3.85905330538e-23
5291842.70724 3.84533351224e-23
5303845.37322 3.83161371911e-23
5315848.03919 3.81789392598e-23
5327850.70517 3.80417413285e-23
5339853.37115 3.79045433972e-23
5351856.03713 3.77825114209e-23
5363858.70311 3.76871559739e-23
5375861.36909 3.7591800527e-23
5387864.03507 3.749644508e-23
5399866.70105 3.7401089633e-23
5411869.36703 3.73057341861e-23
5423872.03301 3.72103787391e-23
5435874.69899 3.71150232922e-23
5447877.36496 3.70196678452e-23
5459880.03094 3.69243123982e-23
5471882.69692 3.68289569513e-23
5483885.3629 3.67336015043e-23
5495888.02888 3.66382460573e-23
5507890.69486 3.65428906104e-23
5519893.36084 3.64475351634e-23
5531896.02682 3.63521797164e-23
5543898.6928 3.62568242695e-23
5555901.35878 3.61614688225e-23
5567904.02475 3.60661133756e-23
5579906.69073 3.59707579286e-23
5591909.35671 3.58754024816e-23
5603912.02269 3.57800470347e-23
5615914.68867 3.56846915877e-23
5627917.35465 3.55893361407e-23
5639920.02063 3.54939806938e-23
5651922.68661 3.53986252468e-23
5663925.35259 3.53032697998e-23
5675928.01857 3.52079143529e-23
5687930.68455 3.51125589059e-23
5699933.35052 3.5017203459e-23
5711936.0165 3.4921848012e-23
5723938.68248 3.4826492565e-23
5735941.34846 3.47311371181e-23
5747944.01444 3.46357816711e-23
5759946.68042 3.45404262241e-23
5771949.3464 3.44450707772e-23
5783952.01238 3.43497153302e-23
5795954.67836 3.42543598832e-23
5807957.34434 3.41590044363e-23
5819960.01031 3.40636489893e-23
5831962.67629 3.39682935424e-23
5843965.34227 3.38729380954e-23
5855968.00825 3.37775826484e-23
5867970.67423 3.36822272015e-23
5879973.34021 3.35868717545e-23
5891976.00619 3.34915163075e-23
5903978.67217 3.33961608606e-23
5915981.33815 3.33008054136e-23
5927984.00413 3.32054499666e-23
5939986.6701 3.31100945197e-23
5951989.33608 3.30147390727e-23
5963992.00206 3.29193836258e-23
5975994.66804 3.28240281788e-23
5987997.33402 3.27286727318e-23
6000000.0 3.26333172849e-23
9321113.11061 1e-300
14480524.9368 1e-300
22495768.4728 1e-300
34947600.4075 1e-300
54291756.057 1e-300
84343266.5302 1e-300
131028854.574 1e-300
203555795.707 1e-300
316227766.017 1e-300
