100015.44967365984 1.3492226000952955e-18
100220.64210588987 1.3412526405540927e-18
100426.25551242297 1.33326632978528e-18
100632.29075693335 1.3252636342425482e-18
100838.74870486687 1.3172445203107767e-18
101045.63022344501 1.309968605853361e-18
101252.93618166842 1.3043783630880722e-18
101460.6674503208 1.2987766513396011e-18
101668.82490197173 1.293163447078108e-18
101877.4094109816 1.2875387267254633e-18
102086.42185350446 1.2819024666551693e-18
102295.86310749181 1.2762546431922567e-18
102505.73405269641 1.2705952326131842e-18
102716.03557067615 1.2649242111457339e-18
102926.76854479687 1.2592415549689316e-18
103137.93386023736 1.2535472402129182e-18
103349.5324039923 1.247841242958865e-18
103561.56506487602 1.2421235392388747e-18
103774.03273352647 1.2363941050358751e-18
103986.93630240875 1.2306529162835207e-18
104200.27666581921 1.224899948866086e-18
104414.0547198883 1.219135178618386e-18
104628.27136258558 1.2133585813256427e-18
104842.92749372273 1.2075701327234028e-18
105058.02401495745 1.201769808497433e-18
105273.56182979733 1.1959575842836157e-18
105489.54184360376 1.1901334356678433e-18
105705.96496359498 1.1842973381859355e-18
105922.83209885108 1.1784492673235057e-18
106140.14416031711 1.1725891985158784e-18
106357.90206080691 1.1667171071479803e-18
106576.1067150071 1.1608329685542387e-18
106794.75903948088 1.154936758018477e-18
107013.85995267211 1.1490284507738034e-18
107233.41037490824 1.143108022002533e-18
107453.41122840559 1.137175446836047e-18
107673.86343727222 1.131230700354711e-18
107894.76792751212 1.1252737575877669e-18
108116.12562702909 1.119304593513225e-18
108337.93746563088 1.113323183057754e-18
108560.20437503206 1.1073295010966019e-18
108782.9272888595 1.1013235224534504e-18
109006.1071426552 1.0953052219003374e-18
109229.74487388061 1.0892745741575402e-18
109453.84142192038 1.0832315538934752e-18
109678.3977280865 1.0771761357245858e-18
109903.41473562235 1.071108294215233e-18
110128.89338970576 1.0650280038776135e-18
110354.83463745443 1.0589352391716125e-18
110581.23942792893 1.0528299745047244e-18
110808.10871213695 1.0467121842319375e-18
111035.44344303718 1.0405818426556265e-18
111263.24457554378 1.0344389240254386e-18
111491.51306652922 1.0282834025382101e-18
111720.24987482984 1.0221152523378205e-18
111949.45596124885 1.015934447515109e-18
112179.13228856075 1.0097409621077593e-18
112409.27982151517 1.0035347701001906e-18
112639.89952684131 9.973158454234426e-19
112870.99237325105 9.910841619550894e-19
113102.55933144431 9.848396935190947e-19
113334.60137411233 9.788472897715933e-19
113567.11947594213 9.745439550330156e-19
113800.1146136195 9.702317915412429e-19
114033.58776583563 9.65910781183123e-19
114267.53991328774 9.615809058083768e-19
114501.97203868692 9.57242147229454e-19
114736.88512675845 9.528944872215256e-19
114972.28016424991 9.48537907522336e-19
115208.15813993178 9.441723898321897e-19
115444.52004460311 9.397979158138481e-19
115681.36687109713 9.354144670924246e-19
115918.69961428209 9.310220252553697e-19
116156.51927106916 9.26620571852324e-19
116394.82684041344 9.222100883951009e-19
116633.6233233194 9.177905563575838e-19
116872.9097228467 9.133619571756213e-19
117112.68704411088 9.089242722470103e-19
117352.95629429158 9.044774829313489e-19
117593.71848263276 9.000215705500278e-19
117834.97462045102 8.955565163860796e-19
118076.72572113624 8.910823016841651e-19
118318.97280015735 8.865989076504669e-19
118561.71687506817 8.821063154525816e-19
118804.95896550814 8.776045062195057e-19
119048.70009321054 8.730934610414851e-19
119292.94128200292 8.685731609700042e-19
119537.68355781525 8.640435870176383e-19
119782.92794868092 8.595047201580334e-19
120028.6754847423 8.549565413258022e-19
120274.92719825682 8.503990314164144e-19
120521.6841235976 8.458321712861825e-19
120768.94729726198 8.412559417521061e-19
121016.71775787175 8.366703235918654e-19
121264.9965461815 8.320752975436678e-19
121513.78470507961 8.274708443062304e-19
121763.083279594 8.228569445386716e-19
122012.89331689815 8.182335788604017e-19
122263.21586631183 8.136007278511077e-19
122514.05197930966 8.089583720505968e-19
122765.40270952201 8.043064919587774e-19
123017.26911274079 7.996450680355533e-19
123269.65224692557 7.9497408070071095e-19
123522.55317220438 7.902935103339041e-19
123775.97295088226 7.856033372744945e-19
124029.91264744164 7.809035418215459e-19
124284.37332855085 7.7619410423366715e-19
124539.35606306519 7.714750047289916e-19
124794.86192203268 7.667462234850703e-19
125050.89197870038 7.620077406387554e-19
125307.44730851507 7.572595362861884e-19
125564.52898913207 7.525015904826359e-19
125822.13810041553 7.477338832424843e-19
126080.27572444706 7.429563945390802e-19
126338.94294552687 7.381691043047097e-19
126598.14085017955 7.333719924304911e-19
126857.87052716054 7.285650387662556e-19
127118.13306745677 7.237482231205339e-19
127378.9295642956 7.204129653049814e-19
127640.2611131457 7.171319805377536e-19
127902.12881172312 7.138442644780506e-19
128164.5337599977 7.105498033158895e-19
128427.47706019378 7.072485832129817e-19
128690.9598167992 7.0394059030262145e-19
128954.98313656563 7.006258106896805e-19
129219.54812851749 6.973042304504967e-19
129484.65590395287 6.939758356328621e-19
129750.30757644986 6.906406122559435e-19
130016.50426187275 6.872985463102052e-19
130283.24707837294 6.839496237573964e-19
130550.53714639806 6.805938305304378e-19
130818.3755886923 6.772311525334178e-19
131086.7635303054 6.738615756414775e-19
131355.70209859373 6.704850857008002e-19
131625.1924232264 6.671016685285311e-19
131895.23563619194 6.637113099126974e-19
132165.83287179895 6.60313995612196e-19
132436.98526668554 6.56909711356679e-19
132708.69395981941 6.534984428465499e-19
132980.9600925073 6.500801757528461e-19
133253.78480839566 6.466548957172296e-19
133527.16925347742 6.432225883519037e-19
133801.1145760982 6.397832392395329e-19
134075.62192695733 6.363368339332318e-19
134350.6924591172 6.328833579564466e-19
134626.3273280042 6.29422796802945e-19
134902.52769141516 6.259551359367329e-19
135179.29470952385 6.224803607919742e-19
135456.62954488216 6.189984567729758e-19
135734.5333624292 6.155094092540735e-19
136013.00732949196 6.120132035796241e-19
136292.05261579444 6.085098250638893e-19
136571.67039345886 6.049992589910221e-19
136851.86183701214 6.01481490614984e-19
137132.6281233926 5.979565051594628e-19
137413.97043195082 5.944242878178602e-19
137695.8899444593 5.908848237531703e-19
137978.38784511283 5.873380980979772e-19
138261.46532053783 5.837840959543344e-19
138545.1235597936 5.802228023937521e-19
138829.36375437898 5.766542024571122e-19
139114.18709823894 5.730782811545853e-19
139399.59478776564 5.694950234656185e-19
139685.58802180813 5.659044143388123e-19
139972.16800167318 5.623064386919104e-19
140259.3359311324 5.587010814117132e-19
140547.09301642855 5.550883273539927e-19
140835.44046627695 5.514681613434805e-19
141124.37949187504 5.478405681737452e-19
141413.9113069028 5.442055326071869e-19
141704.03712753256 5.405630393749148e-19
141994.75817242995 5.369130731767346e-19
142286.07566276094 5.332556186810616e-19
142577.9908221985 5.29590660524835e-19
142870.50487692383 5.268673339617435e-19
143163.61905563605 5.243963109194057e-19
143457.33458955275 5.219202183080231e-19
143751.65271241992 5.19439045726821e-19
144046.57466051285 5.169527827537003e-19
144342.10167264324 5.144614189451811e-19
144638.23499016612 5.119649438363417e-19
144934.9758569809 5.094633469408109e-19
145232.3255195413 5.0695661775068285e-19
145530.28522685607 5.044447457365152e-19
145828.85623049864 5.019277203472416e-19
146128.03978460847 4.99405531010165e-19
146427.837145898 4.96878167130897e-19
146728.24957365976 4.943456180932991e-19
147029.27832976743 4.918078732594719e-19
147330.92467868605 4.892649219696718e-19
147633.18988747284 4.867167535423007e-19
147936.07522578476 4.841633572738454e-19
148239.58196588533 4.816047224388189e-19
148543.71138264574 4.790408382897496e-19
148848.46475355525 4.764716940570957e-19
149153.84335872158 4.738972789492413e-19
149459.84848088116 4.713175821524103e-19
149766.4814054002 4.687325928306554e-19
150073.74342028206 4.66142300125799e-19
150381.63581617438 4.635466931573708e-19
150690.15988637027 4.60945761022599e-19
150999.31692681857 4.583394927963224e-19
151309.10823612448 4.557278775309875e-19
151619.53511555993 4.531109042565588e-19
151930.5988690646 4.504885619805106e-19
152242.30080325343 4.478608396877652e-19
152554.64222742384 4.4522772634063e-19
152867.62445355693 4.425892108787889e-19
153181.24879632794 4.39945282219213e-19
153495.5165731075 4.372959292561513e-19
153810.42910396896 4.346411408610681e-19
154125.98771169572 4.319809058825805e-19
154442.19372178262 4.293152131464486e-19
154759.0484624463 4.2664405145548604e-19
155076.553264626 4.239674095895555e-19
155394.70946199395 4.21285276305479e-19
155713.51839095668 4.1859764033702793e-19
156032.9813906625 4.159044903948601e-19
156353.09980300895 4.1320581516645574e-19
156673.87497264426 4.105016033161075e-19
156995.30824697771 4.077918434848305e-19
157317.40097618054 4.050765242903569e-19
157640.15451319638 4.0235563432704594e-19
157963.5702137429 3.9962916216587173e-19
158287.64943631893 3.968970963543623e-19
158612.39354221246 3.9415942541653247e-19
158937.80389550168 3.914161378528747e-19
159263.88186306597 3.886672221402671e-19
159590.62881458638 3.859126667319691e-19
159918.0461225566 3.831524600575283e-19
160246.13516228428 3.809481460052091e-19
160574.89731189847 3.7909515409394244e-19
160904.33395235776 3.772383605708369e-19
161234.44646745117 3.753777576364851e-19
161565.23624380937 3.7351333747546354e-19
161896.70467090595 3.7164509225632563e-19
162228.85314106508 3.6977301413155766e-19
162561.6830494694 3.678970952375347e-19
162895.19579416135 3.660173276945141e-19
163229.39277605416 3.641337036065714e-19
163564.27539893257 3.6224621506159846e-19
163899.84506946406 3.603548541312391e-19
164236.10319719996 3.584596128708828e-19
164573.0511945834 3.5656048331961967e-19
164910.69047695745 3.5465745750019627e-19
165249.0224625661 3.527505274190074e-19
165588.04857256575 3.508396850660335e-19
165927.7702310258 3.4892492241483654e-19
166268.18886493985 3.4700623142249617e-19
166609.30590422722 3.450836040296028e-19
166951.1227817409 3.4315703216021165e-19
167293.64093327543 3.4122650772179836e-19
167636.86179756845 3.392920226052506e-19
167980.78681631194 3.3735356868480467e-19
168325.41743415364 3.3541113781803693e-19
168670.75509870524 3.3346472184581884e-19
169016.8012605503 3.3151431259227113e-19
169363.55737324568 3.295599018647562e-19
169711.0248933332 3.2760148145381284e-19
170059.2052803401 3.256390431331528e-19
170408.09999679078 3.236725786595952e-19
170757.71050820805 3.21702079773059e-19
171108.03828312148 3.1972753819651684e-19
171459.08479307554 3.177489456359482e-19
171810.85151263085 3.1576629378033227e-19
172163.33991937616 3.1377957430158195e-19
172516.55149392888 3.117887788545392e-19
172870.48771994674 3.097938990769099e-19
173225.15008412936 3.0779492658925493e-19
173580.54007622635 3.057918529949446e-19
173936.659189046 3.0378466988011027e-19
174293.5089184563 3.017733688136374e-19
174651.09076339702 2.99757941347098e-19
175009.40622588107 2.9773837901474345e-19
175368.45681100286 2.95714673333457e-19
175728.24402694686 2.936868158027048e-19
176088.7693849889 2.916547979045304e-19
176450.03439950803 2.8961861110348517e-19
176812.04058798766 2.8757824684662554e-19
177174.78947102703 2.8553369656344424e-19
177538.28257234313 2.8348495166586297e-19
177902.5214187789 2.8143200354818395e-19
178267.50754031193 2.79374843587042e-19
178633.24247005588 2.77313463141396e-19
178999.72774427265 2.7524785355246075e-19
179366.96490237303 2.731780061437031e-19
179734.955486929 2.7141784558744657e-19
180103.70104367498 2.700569652093478e-19
180473.20312151685 2.686932928390578e-19
180843.4632725403 2.6732682274849957e-19
181214.48305201237 2.6595754919785483e-19
181586.26401839382 2.64585466435519e-19
181958.8077333398 2.6321056869809825e-19
182332.11576171246 2.618328502103633e-19
182706.18967158208 2.604523051852449e-19
183081.03103423596 2.590689278238008e-19
183456.64142418743 2.576827123151837e-19
183833.02241917705 2.562936528366353e-19
184210.17560018523 2.5490174355344058e-19
184588.1025514338 2.535069786189219e-19
184966.80486039468 2.52109352174407e-19
185346.28411779902 2.507088583491953e-19
185726.5419176384 2.4930549126055305e-19
186107.5798571777 2.478992450136663e-19
186489.39953695587 2.464901137016382e-19
186872.00256079828 2.450780914054426e-19
187255.39053581876 2.436631721939178e-19
187639.56507242806 2.422453501237337e-19
188024.52778434329 2.408246192393586e-19
188410.2802885892 2.3940097357305355e-19
188796.82420551102 2.3797440714482483e-19
189184.16115877533 2.3654491396242126e-19
189572.29277538287 2.351124880212873e-19
189961.22068566995 2.336771233045559e-19
190350.94652331786 2.322388137830164e-19
190741.47192536172 2.3079755341508006e-19
191132.79853219225 2.2935333614677425e-19
191524.9279875686 2.2790615591169474e-19
191917.86193861996 2.2645600663099997e-19
192311.60203585477 2.250028822133771e-19
192706.1499331701 2.2354677655500736e-19
193101.5072878529 2.220876835395613e-19
193497.67576059353 2.206255970381491e-19
193894.65701548607 2.19160510909319e-19
194292.452720042 2.1769241899900744e-19
194691.06454519148 2.1622131514053387e-19
195090.49416529265 2.1474719315456624e-19
195490.74325814133 2.1327004684908612e-19
195891.81350497217 2.1178987001938325e-19
196293.70659047234 2.1030665644800592e-19
196696.4242027821 2.0882039990475858e-19
197099.96803350837 2.073310941466516e-19
197504.33977772604 2.0583873291789657e-19
197909.5411339878 2.043433099498703e-19
198315.57380433337 2.0284481896107997e-19
198722.4394942913 2.0134325365715773e-19
199130.13991289225 1.9983860773080988e-19
199538.6767726701 1.9833087486181497e-19
199948.0517896754 1.9682004871697256e-19
200358.26668347674 1.9530612295009833e-19
200769.32317717085 1.937890912019879e-19
201181.2229973918 1.9226894710038122e-19
201593.96787431292 1.908889260731246e-19
202007.55954166033 1.8990573161625472e-19
202421.9997367147 1.889205200304052e-19
202837.29020032092 1.8793328717722115e-19
203253.43267689782 1.869440289098518e-19
203670.42891443986 1.8595274107294641e-19
204088.28066453093 1.849594195026214e-19
204506.98968234524 1.8396406002645803e-19
204926.5577266612 1.8296665846346993e-19
205346.98655986311 1.8196721062409863e-19
205768.27794795088 1.8096571231019052e-19
206190.4336605502 1.7996215931497286e-19
206613.45547091385 1.7895654742305045e-19
207037.34515593608 1.7794887241037166e-19
207462.10449615328 1.7693913004422675e-19
207887.73527575805 1.7592731608321408e-19
208314.23928260108 1.7491342627723638e-19
208741.61830820094 1.73897456367477e-19
209169.8741477542 1.7287940208637568e-19
209599.00860013714 1.7185925915762474e-19
210029.02346792002 1.7083702329613533e-19
210459.92055736863 1.698126902080333e-19
210891.7016784547 1.6878625559063508e-19
211324.36864486564 1.6775771513242368e-19
211757.92327400658 1.6672706451304464e-19
212192.3673870146 1.6569429940327176e-19
212627.7028087596 1.6465941546500508e-19
213063.93136785895 1.6362240835123623e-19
213501.05489667886 1.6258327370604502e-19
213939.07523134496 1.6154200716457427e-19
214377.99421175246 1.6049860435300576e-19
214817.81368156782 1.5945306088855607e-19
215258.53548824353 1.5840537237944212e-19
215700.1614830187 1.5735553442487851e-19
216142.6935209341 1.5630354261504294e-19
216586.13346083357 1.5524939253107222e-19
217030.48316537464 1.5419307974503743e-19
217475.74450103895 1.5313459981991875e-19
217921.91933813383 1.52073948309602e-19
218369.00955080724 1.5101112075884283e-19
218817.01701704875 1.4994611270326482e-19
219265.94361870427 1.4887891966932393e-19
219715.79124147794 1.478095371743048e-19
220166.56177494247 1.4673796072629506e-19
220618.25711255008 1.4566418582416022e-19
221070.879151634 1.4458820795753996e-19
221524.42979342345 1.435100226068119e-19
221978.9109430458 1.4242962524308757e-19
222434.32450953682 1.4134701132818685e-19
222890.6724058516 1.4026217631461292e-19
223347.95654886632 1.3917511564554757e-19
223806.17885939335 1.380858247548154e-19
224265.3412621823 1.3699429906688153e-19
224725.44568593518 1.359005339968152e-19
225186.49406330817 1.3480452495028573e-19
225648.48833092258 1.3370626732353678e-19
226111.4304293756 1.3264207766648773e-19
226575.32230324222 1.3194383358745672e-19
227040.16590109034 1.312441569857358e-19
227505.9631754821 1.3054304492235368e-19
227972.71608298918 1.298404944523037e-19
228440.42658419462 1.2913650262454162e-19
228909.09664370373 1.2843106648196883e-19
229378.7282301552 1.2772418306141558e-19
229849.32331622296 1.2701584939363853e-19
230320.88387863172 1.2630606250329708e-19
230793.411898159 1.2559481940895032e-19
231266.90935964597 1.2488211712304104e-19
231741.3782520087 1.2416795265187817e-19
232216.8205682401 1.2345232299563457e-19
232693.2383054257 1.2273522514832275e-19
233170.63346474423 1.2201665609779423e-19
233649.00805148418 1.2129661282571451e-19
234128.36407504498 1.2057509230756154e-19
234608.7035489488 1.1985209151260765e-19
235090.02849085143 1.1912760740390328e-19
235572.34092254442 1.184016369382738e-19
236055.64286997088 1.1767417706629563e-19
236539.93636322676 1.1694522473229466e-19
237025.2234365767 1.1621477687432177e-19
237511.50612845586 1.1548283042415065e-19
237998.78648148166 1.1474938230725985e-19
238487.06654246495 1.1401442944281597e-19
238976.34836241204 1.1327796874367082e-19
239466.6339965409 1.125399971163366e-19
239957.92550428212 1.1180051146098502e-19
240450.22494929537 1.11059508671422e-19
240943.53439947122 1.103169856350854e-19
241437.85592694263 1.0957293923302719e-19
241933.1916080969 1.08827366339896e-19
242429.5435235771 1.0808026382393468e-19
242926.91375829914 1.0733162854695461e-19
243425.30440145318 1.0658145736433363e-19
243924.71754651572 1.058297471249979e-19
244425.1552912612 1.0507649467140428e-19
244926.61973776383 1.0432169683953771e-19
245429.1129924145 1.0356535045888577e-19
245932.63716592162 1.0280745235243735e-19
246437.19437332783 1.0204799933665737e-19
246942.7867340121 1.0128698822148397e-19
247449.41637170155 1.0052441581031039e-19
247957.08541448327 9.976027889996738e-20
248465.7959948063 9.899457428071993e-20
248975.55024949895 9.822729873624173e-20
249486.35031976903 9.745844904361429e-20
249998.1983512216 9.668802197330049e-20
250511.09649386047 9.591601428914225e-20
251025.04690210044 9.514242274834212e-20
251540.0517347794 9.436724410144504e-20
252056.1131551603 9.35904750923356e-20
252573.2333309482 9.281211245821192e-20
253091.4144342926 9.20321529295826e-20
253610.65864179903 9.125059323024886e-20
254130.96813454208 9.073863525568685e-20
254652.34509806658 9.025061006090866e-20
255174.79172240561 8.976158363005017e-20
255698.310202081 8.927155390897005e-20
256222.90273612118 8.87805188393086e-20
256748.5715280629 8.828847635848636e-20
257275.31878596375 8.779542439969221e-20
257803.14672241456 8.730136089187165e-20
258332.05755454116 8.680628375972531e-20
258862.05350402265 8.631019092369198e-20
259393.13679709143 8.58130802999482e-20
259925.30966455172 8.531494980039124e-20
260458.57434178147 8.481579733263722e-20
260992.93306874443 8.431562080000978e-20
261528.3880900033 8.381441810152782e-20
262064.94165472127 8.33121871319041e-20
262602.5960166805 8.280892578152775e-20
263141.35343428346 8.230463193646321e-20
263681.2161705662 8.179930347843771e-20
264222.1864932108 8.12929382848297e-20
264764.2666745476 8.078553422866683e-20
265307.45899157267 8.027708917860907e-20
265851.76572594984 7.976760099894766e-20
266397.1891640282 7.925706754958818e-20
266943.731596844 7.874548668604873e-20
267491.395320134 7.823285625944764e-20
268040.1826343483 7.771917411649159e-20
268590.09584465204 7.720443809947358e-20
269141.137260944 7.668864604625586e-20
269693.3091978579 7.617179579026873e-20
270246.61397478025 7.565388516049363e-20
270801.05391585286 7.513491198146093e-20
271356.63134998566 7.461487407323779e-20
271913.3486108702 7.409376925141585e-20
272471.208036981 7.357159532710941e-20
273030.21197159495 7.304835010693792e-20
273590.36276279186 7.252403139302493e-20
274151.6627634734 7.199863698298078e-20
274714.11433136504 7.147216466990034e-20
275277.7198290295 7.094461224235088e-20
275842.48162387987 7.041597748435945e-20
276408.40208818146 6.988625817541121e-20
276975.4835990715 6.935545209043119e-20
277543.72853856056 6.882355699978284e-20
278113.1392935461 6.829057066925512e-20
278683.7182558262 6.775649086005016e-20
279255.4678221011 6.722131532878119e-20
279828.3903939929 6.66850418274546e-20
280402.4883780463 6.614766810346918e-20
280977.7641857478 6.560919189959775e-20
281554.2202335279 6.506961095398568e-20
282131.8589427746 6.452892300013766e-20
282710.68273984734 6.398712576690535e-20
283290.6940560787 6.344421697848508e-20
283871.89532779384 6.290019435440005e-20
284454.288996312 6.235505560949885e-20
285037.8775079656 6.196663797006705e-20
285622.66331410233 6.163248452044911e-20
286208.6488710993 6.129764551915668e-20
286795.8366403765 6.096211955970556e-20
287384.2290883991 6.062590523272868e-20
287973.82868669723 6.028900112596483e-20
288564.63791186817 5.995140582425741e-20
289156.65924559 5.961311790954644e-20
289749.89517463604 5.927413596086061e-20
290344.34819087654 5.893445855431613e-20
290940.020791299 5.859408426310515e-20
291536.9154780088 5.825301165749532e-20
292135.0347582496 5.791123930481833e-20
292734.3811444053 5.756876576946866e-20
293334.9571540142 5.72255896128954e-20
293936.76530978334 5.688170939359433e-20
294539.80813959026 5.653712366710657e-20
295144.08817650384 5.619183098600702e-20
295749.6079587848 5.584582989990377e-20
296356.37002990633 5.549911895542647e-20
296964.37693855603 5.515169669622524e-20
297573.63123865065 5.480356166296218e-20
298184.13548935 5.445471239330343e-20
298795.89225505956 5.410514742191773e-20
299408.90410545067 5.375486528046476e-20
300023.17361546203 5.340386449759451e-20
300638.70336531964 5.305214359893562e-20
301255.49594053975 5.269970110709385e-20
301873.55393194273 5.2346535541644127e-20
302492.8799356685 5.199264541912182e-20
303113.4765531777 5.1638029253021794e-20
303735.3463912736 5.128268555378622e-20
304358.4920621035 5.092661282880351e-20
304982.91618317424 5.056980958239978e-20
305608.6213773659 5.021227431583053e-20
306235.6102729353 4.9854005527279175e-20
306863.8855035359 4.949500171184522e-20
307493.44970821985 4.9135261361543516e-20
308124.3055314582 4.877478296529227e-20
308756.45562314376 4.841356500891174e-20
309389.9026386062 4.8051605975115626e-20
310024.6492386262 4.7688904343502616e-20
310660.6980894385 4.732545859055498e-20
311298.05186275294 4.696126718962653e-20
311936.7132357555 4.6596328610941753e-20
312576.6848911301 4.623064132158388e-20
313217.96951706026 4.5864203785493256e-20
313860.56980724476 4.549701446345897e-20
314504.48846091254 4.5129071813109933e-20
315149.7281828255 4.476037428891369e-20
315796.29168329935 4.4390920342164095e-20
316444.1816782066 4.402070842097976e-20
317093.4008889918 4.3649736970295517e-20
317743.9520426865 4.327800443185355e-20
318395.83787191217 4.290550924420212e-20
319049.0611149013 4.253224984268306e-20
319703.6245154995 4.2243535031430976e-20
320359.53082318633 4.201933317229863e-20
321016.78279307863 4.179467133898294e-20
321675.38318594557 4.1569548587797934e-20
322335.3347682243 4.134396397312019e-20
322996.64031202224 4.1117916547388136e-20
323659.30259513954 4.0891405361094267e-20
324323.32440106984 4.0664429462784906e-20
324988.70851902285 4.0436987899052564e-20
325655.4577439266 4.0209079714535076e-20
326323.57487644313 3.99807039519103e-20
326993.06272298464 3.9751859651890584e-20
327663.9240957152 3.952254585322213e-20
328336.1618125741 3.929276159267709e-20
329009.77869727626 3.906250590505337e-20
329684.7775793353 3.883177782316678e-20
330361.1612940658 3.8600576377850244e-20
331038.9326825994 3.836890059794831e-20
331718.0945919006 3.813674951031174e-20
332398.64987476915 3.7904122139796603e-20
333080.6013898633 3.7671017509256546e-20
333763.9520017021 3.743743463954183e-20
334448.70458068117 3.720337254949392e-20
335134.86200308957 3.696883025593991e-20
335822.4271511115 3.6733806773691693e-20
336511.40291284997 3.649830111553809e-20
337201.79218232766 3.626231229224439e-20
337893.59785951034 3.60258393125445e-20
338586.82285030896 3.578888118314005e-20
339281.47006659646 3.5551436908694786e-20
339977.5424262239 3.531350549182903e-20
340675.042853023 3.507508593311879e-20
341373.9742768297 3.483617723108767e-20
342074.3396334852 3.459677838220663e-20
342776.14186485944 3.435688838088579e-20
343479.38391885377 3.411650621947369e-20
344184.0687494175 3.3875630888251564e-20
344890.1993165645 3.3634261375427627e-20
345597.77858637564 3.339239666713622e-20
346306.8095310228 3.315003574742974e-20
347017.2951287714 3.2907177598277666e-20
347729.23836399714 3.2663821199560866e-20
348442.64222720236 3.2419965529065956e-20
349157.5097150195 3.217560956248421e-20
349873.84383023443 3.1930752273403557e-20
350591.6475817878 3.168539263330801e-20
351310.9239847992 3.143952961156958e-20
352031.6760605697 3.119316217544729e-20
352753.9068365991 3.0946289290081296e-20
353477.6193466025 3.069890991848732e-20
354202.8166305134 3.045102302155543e-20
354929.5017345077 3.0202627558041925e-20
355657.67771100515 2.995372248456885e-20
356387.3476186936 2.970430675561571e-20
357118.5145225319 2.945437932351841e-20
357851.18149376684 2.9203939138463544e-20
358585.3516099507 2.8994381405699143e-20
359321.02795494377 2.884832773925664e-20
360058.2136189391 2.870197442803745e-20
360796.91169846366 2.855532085728873e-20
361537.12529640325 2.840836641099524e-20
362278.85752200516 2.82611104718788e-20
363022.11149089556 2.811355242139478e-20
363766.89032509713 2.7965691639728714e-20
364513.1971530318 2.7817527505795655e-20
365261.03510954574 2.7669059397235283e-20
366010.40733591205 2.7520286690411315e-20
366761.31697984866 2.7371208760408e-20
367513.7671955357 2.722182498102663e-20
368267.7611436185 2.7072134724784947e-20
369023.3019912328 2.6922137362912206e-20
369780.39291200606 2.6771832265348808e-20
370539.03708608286 2.662121880074136e-20
371299.23770012736 2.647029633644207e-20
372060.99794734205 2.6319064238505176e-20
372824.3210274846 2.616752187168345e-20
373589.2101468716 2.6015668599427565e-20
374355.6685184038 2.586350378388103e-20
375123.6993615672 2.5711026785879946e-20
375893.3059024594 2.55582369649479e-20
376664.4913737919 2.540513367929536e-20
377437.25901490834 2.5251716285816095e-20
378211.61207180313 2.509798414008358e-20
378987.5537971237 2.4943936596350392e-20
379765.0874501971 2.478957300754305e-20
380544.21629703237 2.4634892725261464e-20
381324.9436103393 2.447989509977529e-20
382107.2726695465 2.432457948002024e-20
382891.20676080463 2.4168945213597563e-20
383676.7491770122 2.4012991646768798e-20
384463.90321781754 2.385671812445549e-20
385252.67218964454 2.3700123990233995e-20
386043.05940569605 2.354320858633489e-20
386835.06818597234 2.3385971253639225e-20
387628.70185728953 2.322841133167492e-20
388423.96375328285 2.3070528158616067e-20
389220.8572144334 2.2912321071277708e-20
390019.38558806875 2.275378940511558e-20
390819.5522283908 2.259493249422073e-20
391621.3604964779 2.243574967131898e-20
392424.81376030407 2.2276240267767202e-20
393229.9153947578 2.2116403613549463e-20
394036.66878164525 2.1956239037276557e-20
394845.077309717 2.1795745866180546e-20
395655.14437467133 2.163492342611416e-20
396466.87337917316 2.1473771041547105e-20
397280.267732873 2.131228803556218e-20
398095.33085241023 2.1150473729854678e-20
398912.06616144057 2.0988327444727016e-20
399730.47709063685 2.0825848499088418e-20
400550.56707771705 2.066303621044948e-20
401372.3395674471 2.0499889894921582e-20
402195.7980116601 2.035196935308637e-20
403020.9458692759 2.025926137050663e-20
403847.78660630435 2.016636318754808e-20
404676.3236958724 2.0073274413993864e-20
405506.56061822624 1.9979994658827282e-20
406338.50086075853 1.9886523530228675e-20
407172.14791801193 1.9792860635575092e-20
408007.50529169827 1.9699005581438075e-20
408844.5764907189 1.960495797358144e-20
409683.3650311668 1.9510717416960927e-20
410523.8744363559 1.9416283515721072e-20
411366.10823682137 1.9321655873194992e-20
412210.0699703489 1.9226834091901262e-20
413055.76318197674 1.9131817773543565e-20
413903.19142401655 1.9036606519008403e-20
414752.35825607274 1.89411999283629e-20
415603.26724504615 1.8845597600854453e-20
416455.921965162 1.8749799134907463e-20
417310.32599797344 1.8653804128123086e-20
418166.4829323816 1.8557612177276877e-20
419024.39636465575 1.846122287831656e-20
419884.06989843625 1.8364635826361684e-20
420745.50714476395 1.8267850615700367e-20
421608.7117220809 1.8170866839789123e-20
422473.68725625984 1.807368409124966e-20
423340.4373806071 1.7976301961868436e-20
424208.96573588334 1.787872004259446e-20
425079.27597032354 1.778093792353694e-20
425951.3717396408 1.7682955193964894e-20
426825.2567070548 1.758477144230394e-20
427700.9345432943 1.7486386256136062e-20
428578.4089266255 1.7387799222196367e-20
429457.6835428561 1.7289009926372658e-20
430338.76208535506 1.7190017953703178e-20
431221.6482550746 1.7090822888374226e-20
432106.34576055227 1.6991424313719797e-20
432992.8583179415 1.689182181221827e-20
433881.18965101446 1.6792014965492015e-20
434771.3434911827 1.6692003354305066e-20
435663.3235775189 1.659178655856076e-20
436557.1336567597 1.649136415730134e-20
437452.77748333523 1.6390735728704636e-20
438350.25881937175 1.6289900850083825e-20
439249.5814347206 1.618885909788413e-20
440150.7491069622 1.6087610047682388e-20
441053.765621427 1.5986153274184718e-20
441958.634771217 1.5884488351224042e-20
442865.3603572088 1.578261485175981e-20
443773.94618808426 1.568053234787453e-20
444684.39608033176 1.55782404107736e-20
445596.7138582769 1.547573861078189e-20
446510.903354086 1.5373026517343336e-20
447426.9684077873 1.5270103699018588e-20
448344.912867293 1.516696972348248e-20
449264.7405884019 1.5063624157523762e-20
450186.45543483127 1.496006656704154e-20
451110.0612782176 1.485834419823734e-20
452035.5619981478 1.4799970980501583e-20
452962.9614821626 1.4741478003842948e-20
453892.26362577867 1.4682865022563274e-20
454823.47233251005 1.4624131790459934e-20
455756.5915138718 1.4565278060825725e-20
456691.6250894118 1.4506303586446766e-20
457628.57698671304 1.4447208119602375e-20
458567.4511414169 1.4387991412063636e-20
459508.25149724435 1.432865321509202e-20
460450.98200600024 1.426919327943914e-20
461395.64662760415 1.4209611355344786e-20
462342.2493300925 1.4149907192536824e-20
463290.79408965 1.4090080540229155e-20
464241.28489061346 1.4030131147121547e-20
465193.72572549374 1.3970058761398193e-20
466148.1205949985 1.39098631307263e-20
467104.47350803594 1.384954400225586e-20
468062.7884817462 1.3789101122617644e-20
469023.0695415037 1.3728534237923085e-20
469985.32072094874 1.3667843093762262e-20
470949.54606199154 1.360702743520365e-20
471915.74961483467 1.354608700679272e-20
472883.93543799577 1.3485021552550485e-20
473854.10759831144 1.342383081597327e-20
474826.2701709694 1.3362514540030679e-20
475800.4272395122 1.3301072467165339e-20
476776.58289586054 1.3239504339291481e-20
477754.7412403357 1.317780989779348e-20
478734.90638166334 1.3115988883525629e-20
479717.08243700664 1.3054041036810041e-20
480701.27353196766 1.2991966097436593e-20
481687.4838006205 1.29297638046608e-20
482675.7173855147 1.2867433897203606e-20
483665.97843769885 1.2804976113249919e-20
484658.2711167436 1.2742390190447141e-20
485652.5995907457 1.2679675865904894e-20
486648.9680363609 1.2616832876192989e-20
487647.3806388062 1.2553860957341264e-20
488647.84159189265 1.2490759844837496e-20
489650.3550980294 1.2427529273627168e-20
490654.92536824755 1.2364168978111969e-20
491661.55662222335 1.2300678692148307e-20
492670.2530882823 1.2237058149047074e-20
493681.0190034326 1.2173307081571515e-20
494693.85861336725 1.2109425221937126e-20
495708.7761724978 1.2045412301809484e-20
496725.77594395797 1.1981268052304057e-20
497744.8621996279 1.1916992203984649e-20
498766.0392201582 1.1852584486861904e-20
499789.3112949731 1.1788044630393082e-20
500814.6827223056 1.1723372363479864e-20
501842.15780920064 1.1658567414468146e-20
502871.74087153975 1.1593629511146473e-20
503903.43623406475 1.1528558380744558e-20
504937.24823038233 1.1463353749933004e-20
505973.181202998 1.139801534482112e-20
507011.23950331815 1.136269809293979e-20
508051.4274916849 1.1331787613971418e-20
509093.74953738 1.1300813718837029e-20
510138.21001864877 1.1269776277431618e-20
511184.81332272576 1.1238675159383049e-20
512233.5638458377 1.1207510234051985e-20
513284.4659932392 1.1176281370530818e-20
514337.5241792144 1.11449884376436e-20
515392.74282711186 1.1113631303945024e-20
516450.1263693492 1.1082209837720304e-20
517509.67924743734 1.1050723906984416e-20
518571.40591200616 1.1019173379481361e-20
519635.3108228076 1.0987558122684077e-20
520701.3984487518 1.0955878003793331e-20
521769.67326791113 1.0924132889737637e-20
522840.1397675452 1.0892322647172506e-20
523912.8024441261 1.0860447142479682e-20
524987.6658033422 1.0828506241767026e-20
526064.7343601346 1.079649981086746e-20
527144.0126386984 1.076442771533889e-20
528225.5051725196 1.0732289820463165e-20
529309.2165043782 1.0700085991245916e-20
530395.1511863745 1.0667816092415825e-20
531483.3137799544 1.0635479988423868e-20
532573.7088559133 1.0603077543443171e-20
533666.3409944326 1.0570608621367943e-20
534761.2147850821 1.0538073085813421e-20
535858.3348268562 1.0505470800114777e-20
536957.7057281783 1.0472801627326976e-20
538059.3321069257 1.0440065430224049e-20
539163.2185904573 1.0407262071298275e-20
540269.3698156159 1.0374391412760114e-20
541377.790428767 1.0341453316537044e-20
542488.4850857989 1.0308447644273541e-20
543601.458452161 1.0275374257329983e-20
544716.7152028685 1.0242233016782492e-20
545834.260022527 1.0209023783422188e-20
546954.0976053597 1.0175746417754379e-20
548076.2326552125 1.0142400779998454e-20
549200.6698855899 1.0108986730086764e-20
550327.41401966 1.0075504127664494e-20
551456.4697902811 1.0041952832088874e-20
552587.8419400287 1.0008332702428386e-20
553721.5352211983 9.974643597462667e-21
554857.5543958448 9.940885375681322e-21
555995.904235784 9.907057895283923e-21
557136.5895226304 9.87316101417885e-21
558279.6150478019 9.83919458998317e-21
559424.9856125461 9.80515848002183e-21
560572.7060279681 9.771052541326871e-21
561722.7811150345 9.736876630637277e-21
562875.2157046114 9.702630604397863e-21
564030.0146374669 9.668314318759176e-21
565187.1827643095 9.633927629576391e-21
566346.7249457928 9.599470392409139e-21
567508.6460525426 9.56494246252073e-21
568672.9509651843 9.545230285464362e-21
569839.6445743463 9.531967183152867e-21
571008.7317807012 9.518676870163087e-21
572180.2174949679 9.505359290669418e-21
573354.1066379407 9.492014388731725e-21
574530.4041405164 9.478642108295034e-21
575709.1149436984 9.465242393189463e-21
576890.243998637 9.451815187129784e-21
578073.79626663 9.43836043371542e-21
579259.7767191643 9.424878076429955e-21
580448.1903379188 9.411368058641109e-21
581639.0421147927 9.39783032360042e-21
582832.3370519337 9.384264814442918e-21
584028.080161743 9.370671474187071e-21
585226.2764669142 9.357050245734339e-21
586426.9310004363 9.34340107186915e-21
587630.0488056333 9.329723895258434e-21
588835.6349361691 9.316018658451578e-21
590043.694456076 9.3022853038801e-21
591254.2324397824 9.288523773857342e-21
592467.2539721178 9.274734010578394e-21
593682.7641483541 9.260915956119636e-21
594900.7680742062 9.247069552438745e-21
596121.2708658744 9.233194741374182e-21
597344.2776500477 9.21929146464518e-21
598569.7935639329 9.205359663851399e-21
599797.823755284 9.191399280472608e-21
601028.3733824061 9.177410255868614e-21
602261.4476141972 9.163392531278818e-21
603497.0516301522 9.149346047822143e-21
604735.1906203927 9.135270746496714e-21
605975.8697856953 9.121166568179527e-21
607219.094337497 9.107033453626386e-21
608464.8694979365 9.092871343471443e-21
609713.2004998559 9.07868017822716e-21
610964.0925868439 9.06445989828385e-21
612217.5510132385 9.050210443909606e-21
613473.5810441583 9.035931755249986e-21
614732.187955531 9.021623772327653e-21
615993.3770340984 9.007286435042339e-21
617257.1535774587 8.992919683170363e-21
618523.5228940687 8.978523456364596e-21
619792.4903032864 8.964097694153993e-21
621064.0611353748 8.949642335943528e-21
622338.240731533 8.935157321013859e-21
623615.0344439257 8.920642588520983e-21
624894.4476356878 8.90609807749619e-21
626176.4856809677 8.891523726845565e-21
627461.1539649315 8.87691947534994e-21
628748.4578837935 8.862285261664554e-21
630038.4028448472 8.847621024318695e-21
631330.9942664688 8.832926701715661e-21
632626.2375781613 8.818202232132263e-21
633924.1382205569 8.803447553718787e-21
635224.70164546 8.788662604498517e-21
636527.933315852 8.773847322367673e-21
637833.8387059227 8.764161033448138e-21
639142.4233010999 8.75917527680053e-21
640453.6925980556 8.754179291337918e-21
641767.6521047486 8.749173056074778e-21
643084.3073404281 8.744156549982552e-21
644403.6638356766 8.73912975198952e-21
645725.7271324155 8.734092640980748e-21
647050.502783936 8.729045195797992e-21
648377.9963549303 8.723987395239559e-21
649708.2134214968 8.718919218060307e-21
651041.1595711845 8.713840642971467e-21
652376.8404029974 8.708751648640615e-21
653715.2615274271 8.703652213691572e-21
655056.4285664833 8.69854231670427e-21
656400.3471536994 8.693421936214731e-21
657747.022934177 8.688291050714905e-21
659096.4615645888 8.683149638652659e-21
660448.6687132234 8.677997678431597e-21
661803.6500599907 8.672835148411046e-21
663161.411296453 8.667662026905944e-21
664521.9581258581 8.6624782921867e-21
665885.2962631432 8.657283922479186e-21
667251.4314349818 8.65207889596456e-21
668620.369379785 8.646863190779263e-21
669992.1158477481 8.641636785014831e-21
671366.6766008548 8.636399656717893e-21
672744.0574129107 8.631151783890026e-21
674124.264069575 8.625893144487652e-21
675507.3023683655 8.620623716422012e-21
676893.1781187057 8.615343477558981e-21
678281.8971419267 8.610052405719068e-21
679673.4652713133 8.60475047867724e-21
681067.8883521103 8.599437674162894e-21
682465.1722415538 8.594113969859736e-21
683865.3228089056 8.588779343405664e-21
685268.3459354576 8.583433772392725e-21
686674.2475145792 8.578077234366969e-21
688083.0334517217 8.572709706828399e-21
689494.7096644526 8.567331167230854e-21
690909.2820824881 8.5619415929819e-21
692326.7566476987 8.556540961442783e-21
693747.1393141566 8.551129249928268e-21
695170.4360481382 8.54570643570661e-21
696596.6528281712 8.540272495999397e-21
698025.7956450408 8.53482740798151e-21
699457.870501823 8.529371148781009e-21
700892.8834139181 8.523903695478983e-21
702330.8404090563 8.518425025109555e-21
703771.7475273457 8.512935114659688e-21
705215.6108212748 8.507433941069172e-21
706662.4363557614 8.501921481230444e-21
708112.2302081566 8.496397711988558e-21
709564.9984682809 8.490862610141078e-21
711020.7472384566 8.485316152437923e-21
712479.4826335142 8.47975831558136e-21
713941.2107808412 8.474189076225803e-21
715405.9378203873 8.43405197390494e-21
716873.6699046987 8.329112255226771e-21
718344.4131989535 8.223957241449656e-21
719818.1738809661 8.118586490872995e-21
721294.9581412373 8.012999560889168e-21
722774.7721829566 7.907196007983344e-21
724257.6222220518 7.801175387729914e-21
725743.5144871947 7.69493725479211e-21
727232.4552198355 7.58848116291954e-21
728724.4506742384 7.481806664945618e-21
730219.5071174873 7.3749133127872e-21
731717.6308295352 7.267800657441009e-21
733218.8281032073 7.160468248983448e-21
734723.1052442516 7.052915636566969e-21
736230.4685713433 6.945142368419742e-21
737740.9244161216 6.837147991843053e-21
739254.4791232243 6.728932053208797e-21
740771.1390502942 6.6204940979590624e-21
742290.9105680296 6.51183367060248e-21
743813.8000601869 6.402950314714077e-21
745339.8139236309 6.293843572931617e-21
746868.9585683423 6.184512986955157e-21
748401.2404174512 6.074958097544531e-21
749936.6659072761 5.965178444516722e-21
751475.2414873267 5.8551735667454855e-21
753016.9736203576 5.744943002157629e-21
754561.8687823733 5.634486287732644e-21
756109.9334626639 5.523802959500089e-21
757661.1741638427 5.412892552536956e-21
759215.5974018513 5.301754600967305e-21
760773.209706012 5.190388637958497e-21
762334.0176190301 5.0787941957210334e-21
763898.0276970464 4.966970805504801e-21
765465.2465096429 4.854917997598671e-21
767035.6806398802 4.7426353013278375e-21
768609.336684334 4.630122245051198e-21
770186.2212531004 4.517378356160923e-21
771766.3409698507 4.404403161078665e-21
773349.7024718312 4.291196185255394e-21
774936.3124099191 4.177756953167593e-21
776526.1774486265 4.064084988316812e-21
778119.3042661387 3.950179813227046e-21
779715.6995543513 3.83604094944199e-21
781315.3700188766 3.7216679175246514e-21
782918.3223790969 3.607060237053512e-21
784524.5633681698 3.492217426622106e-21
786134.0997330679 3.3771390038363042e-21
787746.9382346147 3.2618244853116095e-21
789363.0856474914 3.14627338667272e-21
790982.5487602914 3.0304852225496842e-21
792605.3343755227 2.9144595065776597e-21
794231.4493096621 2.7981957513930733e-21
795860.9003931613 2.681693468633159e-21
797493.6944704861 2.5649521689332136e-21
799129.8384001534 2.4479713619238586e-21
800769.3390547384 2.330750556230609e-21
802412.2033209294 2.2275989536506164e-21
804058.4380995298 2.1921609497370773e-21
805708.0503055146 2.1566502409539674e-21
807361.0468680349 2.1210666781395148e-21
809017.4347304587 2.0854101118259234e-21
810677.2208504081 2.049680392238533e-21
812340.4121997665 2.0138773692956927e-21
814007.0157647347 1.978000892607558e-21
815677.0385458323 1.9420508114760245e-21
817350.4875579551 1.9060269748935356e-21
819027.3698303803 1.8699292315429347e-21
820707.6924068071 1.833757429796624e-21
822391.4623453948 1.7975114177157108e-21
824078.6867187703 1.7611910430498732e-21
825769.3726140843 1.724796153236137e-21
827463.5271330172 1.688326595398751e-21
829161.1573918195 1.65178221634832e-21
830862.2705213513 1.6151628625809504e-21
832566.873667089 1.5784683802781043e-21
834274.9739891824 1.5416986153053796e-21
835986.5786624573 1.5048534132124455e-21
837701.6948764734 1.4679326192318033e-21
839420.32983553 1.4309360782786527e-21
841142.4907587068 1.3938636349500246e-21
842868.1848799047 1.3567151335238946e-21
844597.4194478518 1.319490417959062e-21
846330.2017261616 1.2821893318938913e-21
848066.5389933358 1.244811718646249e-21
849806.4385428227 1.207357421212258e-21
851549.9076830236 1.1698262822661486e-21
853296.9537373333 1.1322181441593869e-21
855047.5840441821 1.0945328489197775e-21
856801.8059570421 1.056770238251329e-21
858559.6268444856 1.0189301535329878e-21
860321.0540901915 9.810124358185012e-22
862086.0950929876 9.43016925835519e-22
863854.7572668919 9.04943463984696e-22
865627.048041118 8.667918903395612e-22
867402.9748601366 8.285620446452285e-22
869182.5451836765 7.902537663183418e-22
870965.7664867858 7.518668944457798e-22
872752.6462598372 7.134012677845243e-22
874543.1920085711 6.748567247607463e-22
876337.4112541374 6.362331034689041e-22
878135.311533102 5.975302416715938e-22
879936.9003975071 5.587479767982591e-22
881742.1854148748 5.198861459451165e-22
883551.1741682668 4.809445858738664e-22
885363.8742562915 4.41923133011532e-22
887180.2932931469 4.0282162344955453e-22
889000.4389086626 3.63639892942865e-22
890824.3187483082 3.2437777690973693e-22
892651.9404732521 2.8503511043047974e-22
894483.3117603665 2.4561172824736255e-22
896318.4403022884 2.0610746476329175e-22
898157.3338074253 1.665221540416791e-22
900000.0 1.26855629805493e-22
1726253.0258408273 1e-300
3311055.0102495663 1e-300
6350798.589076378 1e-300
12181205.867665274 1e-300
23364270.541608006 1e-300
44814047.46557166 1e-300
85955983.37513052 1e-300
164868640.43382534 1e-300
316227766.01683795 1e-300
