8000.0 1.22877226530952e-19
8976.147634415705 1.2032797730885108e-19
10071.40329435334 1.0148648160447257e-19
11300.300356982032 8.450961515333e-20
12679.145539688912 8.559449702267678e-20
14226.235280311383 6.496793665594643e-20
15962.09851975103 6.213866302803702e-20
17909.76910854672 5.4039080044597583e-20
20095.091452076635 4.8972063353081415e-20
22547.06345011564 4.058213720537445e-20
25298.221281347036 3.223415222735515e-20
28385.071138686028 2.907929181962452e-20
31848.57364427979 2.3918509961322716e-20
35734.68737207704 2.099556263009714e-20
40094.9786901818 1.9678483564424114e-20
44987.30601522793 1.6770051471253806e-20
50476.58755841545 1.3077401419153944e-20
56635.66275073104 1.1118206936099009e-20
63546.25877794251 9.888490589735166e-21
71300.07505069967 7.847839110348175e-21
80000.0 6.64660558446434e-21
89761.47634415708 5.616661689594205e-21
100714.0329435334 4.740315025137456e-21
113003.00356982033 4.066102737569635e-21
126791.45539688908 3.3663965311924637e-21
142262.35280311384 3.0767695713949534e-21
159620.98519751037 2.5833467552835092e-21
179097.6910854672 2.010558525525068e-21
200950.91452076635 1.7786722065694268e-21
225470.6345011563 1.4970424105299585e-21
252982.21281347034 1.2022012526515103e-21
283850.7113868604 1.0150640441507957e-21
318485.7364427979 8.583730742168531e-22
357346.8737207704 7.590409288606423e-22
400949.7869018178 6.558025760215407e-22
449873.0601522793 5.311048620053649e-22
504765.8755841546 4.637065533591938e-22
566356.6275073105 4.039135160138981e-22
635462.5877794251 3.3814605539834067e-22
713000.7505069964 2.856353240711125e-22
800000.0 2.40589088460682e-22
897614.7634415708 2.1751300040888026e-22
1007140.3294353338 1.8009886697168664e-22
1130030.0356982036 1.537282347690656e-22
1267914.5539688906 1.3857767680584085e-22
1422623.5280311385 1.1649610523116563e-22
1596209.8519751038 9.885576386572482e-23
1790976.9108546716 8.517175243920137e-23
2009509.145207664 7.406556868173586e-23
2254706.345011563 6.361935128049561e-23
2529822.1281347037 5.391958390124756e-23
2838507.113868604 4.7285868758645227e-23
3184857.3644279777 4.022928797202064e-23
3573468.737207705 3.41766288648766e-23
4009497.869018178 2.862285559965924e-23
4498730.601522792 2.483911642583626e-23
5047658.755841546 2.0531722684260238e-23
5663566.275073104 1.690290957139588e-23
6354625.877794252 1.4396726319567894e-23
7130007.505069965 1.1646394967388457e-23
8000000.0 1.0160441344145194e-23
12037171.075534001 1e-300
18111685.93770908 1e-300
27251682.76231844 1e-300
41004145.938276075 1e-300
61696739.93314894 1e-300
92831776.67225546 1e-300
139678997.1312137 1e-300
210167498.0159302 1e-300
316227766.01683795 1e-300
