800.0 4.766135303449559e-17
897.6147634415704 4.346630548105534e-17
1007.140329435334 3.963063425293112e-17
1130.0300356982032 3.6031473655835445e-17
1267.9145539688911 3.271594926905544e-17
1422.6235280311382 2.9684372682188786e-17
1596.2098519751032 2.6897780644637323e-17
1790.9769108546718 2.4355756427860653e-17
2009.5091452076636 2.2057790551438066e-17
2254.706345011564 1.9980861364706245e-17
2529.8221281347037 1.809569400329872e-17
2838.5071138686026 1.6412111609612998e-17
3184.8573644279786 1.4909910832919806e-17
3573.468737207704 1.3574675770664542e-17
4009.4978690181797 1.239125826358764e-17
4498.730601522792 1.1340270988384e-17
5047.658755841544 1.0412975224424641e-17
5663.566275073104 9.596006389821709e-18
6354.625877794251 8.873305091527594e-18
7130.007505069967 8.231699014548288e-18
8000.0 7.660046269766261e-18
8976.147634415709 7.14840218210074e-18
10071.40329435334 6.686216101152881e-18
11300.300356982032 6.270092743293678e-18
12679.145539688907 5.888111535191762e-18
14226.235280311384 5.536830576268434e-18
15962.09851975104 5.213717638107315e-18
17909.76910854672 4.9118036409275965e-18
20095.091452076635 4.6200260650447275e-18
22547.06345011563 4.3442276334636695e-18
25298.221281347032 4.0813624939730545e-18
28385.071138686042 3.829115840355824e-18
31848.57364427979 3.585551259702618e-18
35734.68737207704 3.3488628606168083e-18
40094.97869018178 3.114929340158099e-18
44987.30601522793 2.8893887902956632e-18
50476.587558415464 2.6702558412054697e-18
56635.66275073104 2.4567586188127103e-18
63546.25877794251 2.2490956917671847e-18
71300.07505069964 2.0481708339169104e-18
80000.0 1.8514382778560408e-18
89761.47634415708 1.6621464511856635e-18
100714.03294353338 1.4803322520348696e-18
113003.00356982037 1.3069234310694512e-18
126791.45539688908 1.1426885038944645e-18
142262.35280311384 9.877556770495837e-19
159620.98519751037 8.40857098132684e-19
179097.69108546714 7.059269742547387e-19
200950.9145207664 5.830041149418711e-19
225470.6345011563 4.727766058157896e-19
252982.21281347034 3.7571588147037095e-19
283850.7113868604 2.917679228261577e-19
318485.73644279776 2.1872413840037077e-19
357346.8737207705 1.5848770966036465e-19
400949.7869018178 1.1039054663855134e-19
449873.0601522793 7.398088517878854e-20
504765.8755841546 4.673350306481344e-20
566356.6275073104 2.797552733161959e-20
635462.5877794252 1.6117247852213435e-20
713000.7505069965 9.570355304290322e-21
800000.0 6.843323009824468e-21
1554660.4270332805 1e-300
3021211.304229127 1e-300
5871197.070488283 1e-300
11409647.181002323 1e-300
22172658.698395114 1e-300
43088693.80063765 1e-300
83735358.88050696 1e-300
162725060.99369273 1e-300
316227766.01683795 1e-300
