4000.0 9.03218956599289e-19
4488.073817207853 8.393124610967439e-19
5035.70164717667 7.419605325144403e-19
5650.150178491016 6.2699909065944445e-19
6339.572769844456 4.893956410559806e-19
7113.117640155691 4.846615320612883e-19
7981.049259875515 4.2438650621453785e-19
8954.88455427336 3.845882955603146e-19
10047.545726038317 3.34612441682161e-19
11273.53172505782 2.685377849588804e-19
12649.110640673518 2.427278878154148e-19
14192.535569343014 2.097410545427575e-19
15924.286822139895 1.7394112241351313e-19
17867.34368603852 1.4979115234728294e-19
20047.4893450909 1.335370787208484e-19
22493.653007613964 1.1440397743035005e-19
25238.293779207725 9.770159967791281e-20
28317.83137536552 8.567731509854488e-20
31773.129388971254 7.287665509351787e-20
35650.037525349835 6.188550912233474e-20
40000.0 4.976635813878176e-20
44880.73817207854 4.0691411714310264e-20
50357.0164717667 3.683364537071922e-20
56501.501784910164 3.1203395745261034e-20
63395.72769844454 2.580326837286181e-20
71131.17640155692 2.277041676378959e-20
79810.49259875518 1.8939584234862733e-20
89548.8455427336 1.573742089271982e-20
100475.45726038318 1.3059388963967323e-20
112735.31725057815 1.1540823490117913e-20
126491.10640673517 9.793209535888517e-21
141925.3556934302 8.326031337919796e-21
159242.86822139894 7.024117447461517e-21
178673.4368603852 5.927656196077692e-21
200474.8934509089 5.194062637996734e-21
224936.53007613964 4.3783973177351975e-21
252382.9377920773 3.7716640670540956e-21
283178.31375365524 3.296065935500168e-21
317731.29388971254 2.8423612564665985e-21
356500.3752534982 2.4603405765450434e-21
400000.0 2.1275507709982392e-21
448807.3817207854 1.8450874901319017e-21
503570.1647176669 1.6044086216368061e-21
565015.0178491018 1.3920646489059739e-21
633957.2769844453 1.2102646879103382e-21
711311.7640155692 1.052126153961243e-21
798104.9259875519 9.116446060392455e-22
895488.4554273358 7.932965059677767e-22
1004754.572603832 6.827644116307259e-22
1127353.1725057815 5.933837997263563e-22
1264911.0640673519 5.130750267921087e-22
1419253.556934302 4.383712178161224e-22
1592428.6822139889 3.777193696313123e-22
1786734.3686038526 3.2279791944997186e-22
2004748.934509089 2.749585756806156e-22
2249365.300761396 2.3434221794170886e-22
2523829.377920773 1.9869926959259685e-22
2831783.137536552 1.6731027217154137e-22
3177312.938897126 1.4309188999872692e-22
3565003.7525349823 1.2115387842169483e-22
4000000.0 1.0391510115578561e-22
6500431.924421637 1e-300
10563903.801010016 1e-300
17167484.378651142 1e-300
27899015.879248403 1e-300
45338913.370353214 1e-300
73680629.97280774 1e-300
119738979.82168451 1e-300
194588771.7576386 1e-300
316227766.01683795 1e-300
