10669.6764602 5.89270962416e-18
22672.3424393 2.15404297669e-18
34675.0084183 1.16769799037e-18
46677.6743973 7.48034226635e-19
58680.3403764 5.25820044904e-19
70683.0063554 3.9302481756e-19
82685.6723345 3.04980004881e-19
94688.3383135 2.4353190309e-19
106691.004293 1.99606459402e-19
118693.670272 1.67274163876e-19
130696.336251 1.42573392914e-19
142699.00223 1.2289186812e-19
154701.668209 1.06611044358e-19
166704.334188 9.34137532758e-20
178707.000167 8.29885025413e-20
190709.666146 7.34623301425e-20
202712.332125 6.62798107447e-20
214714.998104 5.93876461159e-20
226717.664083 5.41126794849e-20
238720.330062 4.88377128539e-20
250722.996041 4.4962263104e-20
262725.66202 4.11038044011e-20
274728.327999 3.7826451331e-20
286730.993978 3.50061941022e-20
298733.659957 3.21859368734e-20
310736.325936 3.00032124154e-20
322738.991915 2.79463334558e-20
334741.657894 2.58894544962e-20
346744.323873 2.42700286571e-20
358746.989852 2.2775341198e-20
370749.655831 2.12806537389e-20
382752.32181 1.99286078806e-20
394754.987789 1.884371321e-20
406757.653768 1.77588185394e-20
418760.319748 1.66739238689e-20
430762.985727 1.57398221835e-20
442765.651706 1.49568061347e-20
454768.317685 1.41737900858e-20
466770.983664 1.33907740369e-20
478773.649643 1.26473653705e-20
490776.315622 1.2082749771e-20
502778.981601 1.15181341715e-20
514781.64758 1.0953518572e-20
526784.313559 1.03889029725e-20
538786.979538 9.87789176473e-21
550789.645517 9.47267388442e-21
562792.311496 9.06745600411e-21
574794.977475 8.6622381238e-21
586797.643454 8.25702024349e-21
598800.309433 7.85180236318e-21
610802.975412 7.55129549304e-21
622805.641391 7.26241697587e-21
634808.30737 6.97353845869e-21
646810.973349 6.68465994152e-21
658813.639328 6.39578142434e-21
670816.305307 6.10690290717e-21
682818.971286 5.88566905411e-21
694821.637265 5.68129562318e-21
706824.303244 5.47692219225e-21
718826.969223 5.27254876132e-21
730829.635202 5.06817533039e-21
742832.301182 4.86380189946e-21
754834.967161 4.65942846853e-21
766837.63314 4.51206356734e-21
778840.299119 4.36728178718e-21
790842.965098 4.22250000703e-21
802845.631077 4.07771822687e-21
814848.297056 3.93293644672e-21
826850.963035 3.78815466657e-21
838853.629014 3.64337288641e-21
850856.294993 3.51059495606e-21
862858.960972 3.40903099737e-21
874861.626951 3.30746703869e-21
886864.29293 3.20590308e-21
898866.958909 3.10433912131e-21
910869.624888 3.00277516262e-21
922872.290867 2.90121120393e-21
934874.956846 2.79964724524e-21
946877.622825 2.69808328655e-21
958880.288804 2.61714511052e-21
970882.954783 2.54674338069e-21
982885.620762 2.47634165085e-21
994888.286741 2.40593992102e-21
1006890.95272 2.33553819119e-21
1018893.6187 2.26513646136e-21
1030896.28468 2.19473473153e-21
1042898.95066 2.1243330017e-21
1054901.61664 2.05393127187e-21
1066904.28262 1.98352954204e-21
1078906.94859 1.93467131134e-21
1090909.61457 1.88592741475e-21
1102912.28055 1.83718351816e-21
1114914.94653 1.78843962157e-21
1126917.61251 1.73969572497e-21
1138920.27849 1.69095182838e-21
1150922.94447 1.64220793179e-21
1162925.61045 1.5934640352e-21
1174928.27643 1.54472013861e-21
1186930.94241 1.49597624201e-21
1198933.60838 1.44953835971e-21
1210936.27436 1.41637717726e-21
1222938.94034 1.3832159948e-21
1234941.60632 1.35005481235e-21
1246944.2723 1.3168936299e-21
1258946.93828 1.28373244744e-21
1270949.60426 1.25057126499e-21
1282952.27024 1.21741008254e-21
1294954.93622 1.18424890009e-21
1306957.6022 1.15108771763e-21
1318960.26818 1.11792653518e-21
1330962.93415 1.08476535273e-21
1342965.60013 1.05160417027e-21
1354968.26611 1.02903833286e-21
1366970.93209 1.00671362848e-21
1378973.59807 9.84388924097e-22
1390976.26405 9.62064219713e-22
1402978.93003 9.39739515329e-22
1414981.59601 9.17414810946e-22
1426984.26199 8.95090106562e-22
1438986.92797 8.72765402178e-22
1450989.59394 8.50440697794e-22
1462992.25992 8.2811599341e-22
1474994.9259 8.05791289026e-22
1486997.59188 7.83466584643e-22
1499000.25786 7.61141880259e-22
1511002.92384 7.41215402291e-22
1523005.58982 7.26326664781e-22
1535008.2558 7.11437927271e-22
1547010.92178 6.96549189761e-22
1559013.58776 6.81660452251e-22
1571016.25374 6.66771714741e-22
1583018.91971 6.51882977231e-22
1595021.58569 6.36994239721e-22
1607024.25167 6.22105502211e-22
1619026.91765 6.07216764701e-22
1631029.58363 5.92328027191e-22
1643032.24961 5.77439289681e-22
1655034.91559 5.62550552171e-22
1667037.58157 5.47661814661e-22
1679040.24755 5.32773077151e-22
1691042.91353 5.17890008528e-22
1703045.5795 5.08173674311e-22
1715048.24548 4.98457340094e-22
1727050.91146 4.88741005877e-22
1739053.57744 4.7902467166e-22
1751056.24342 4.69308337444e-22
1763058.9094 4.59592003227e-22
1775061.57538 4.4987566901e-22
1787064.24136 4.40159334793e-22
1799066.90734 4.30443000576e-22
1811069.57332 4.20726666359e-22
1823072.23929 4.11010332142e-22
1835074.90527 4.01293997925e-22
1847077.57125 3.91577663708e-22
1859080.23723 3.81861329491e-22
1871082.90321 3.72144995274e-22
1883085.56919 3.62428661057e-22
1895088.23517 3.5271232684e-22
1907090.90115 3.45843157735e-22
1919093.56713 3.39641066608e-22
1931096.23311 3.33438975481e-22
1943098.89909 3.27236884355e-22
1955101.56506 3.21034793228e-22
1967104.23104 3.14832702101e-22
1979106.89702 3.08630610974e-22
1991109.563 3.02428519848e-22
2003112.22898 2.96226428721e-22
2015114.89496 2.90024337594e-22
2027117.56094 2.83822246468e-22
2039120.22692 2.77620155341e-22
2051122.8929 2.71418064214e-22
2063125.55888 2.65215973088e-22
2075128.22485 2.59013881961e-22
2087130.89083 2.52811790834e-22
2099133.55681 2.46609699707e-22
2111136.22279 2.40407608581e-22
2123138.88877 2.34205517454e-22
2135141.55475 2.29214473134e-22
2147144.22073 2.25333941036e-22
2159146.88671 2.21453408937e-22
2171149.55269 2.17572876839e-22
2183152.21867 2.13692344741e-22
2195154.88465 2.09811812642e-22
2207157.55062 2.05931280544e-22
2219160.2166 2.02050748446e-22
2231162.88258 1.98170216347e-22
2243165.54856 1.94289684249e-22
2255168.21454 1.90409152151e-22
2267170.88052 1.86528620052e-22
2279173.5465 1.82648087954e-22
2291176.21248 1.78767555856e-22
2303178.87846 1.74887023757e-22
2315181.54444 1.71006491659e-22
2327184.21041 1.67125959561e-22
2339186.87639 1.63245427462e-22
2351189.54237 1.59364895364e-22
2363192.20835 1.55484363266e-22
2375194.87433 1.51603831167e-22
2387197.54031 1.47723299069e-22
2399200.20629 1.45194679973e-22
2411202.87227 1.42851163975e-22
2423205.53825 1.40507647976e-22
2435208.20423 1.38164131978e-22
2447210.8702 1.3582061598e-22
2459213.53618 1.33477099982e-22
2471216.20216 1.31133583984e-22
2483218.86814 1.28790067986e-22
2495221.53412 1.26446551988e-22
2507224.2001 1.2410303599e-22
2519226.86608 1.21759519992e-22
2531229.53206 1.19416003994e-22
2543232.19804 1.17072487996e-22
2555234.86402 1.14728971998e-22
2567237.53 1.12385456e-22
2579240.19597 1.10041940002e-22
2591242.86195 1.07698424004e-22
2603245.52793 1.05354908006e-22
2615248.19391 1.03011392008e-22
2627250.85989 1.0066787601e-22
2639253.52587 9.8324360012e-23
2651256.19185 9.59808440139e-23
2663258.85783 9.36373280159e-23
2675261.52381 9.12938120179e-23
2687264.18979 8.95322142355e-23
2699266.85576 8.8163837713e-23
2711269.52174 8.67954611904e-23
2723272.18772 8.54270846679e-23
2735274.8537 8.40587081453e-23
2747277.51968 8.26903316228e-23
2759280.18566 8.13219551002e-23
2771282.85164 7.99535785777e-23
2783285.51762 7.85852020551e-23
2795288.1836 7.72168255325e-23
2807290.84958 7.584844901e-23
2819293.51556 7.44800724874e-23
2831296.18153 7.31116959649e-23
2843298.84751 7.17433194423e-23
2855301.51349 7.03749429198e-23
2867304.17947 6.90065663972e-23
2879306.84545 6.76381898747e-23
2891309.51143 6.62698133521e-23
2903312.17741 6.49014368295e-23
2915314.84339 6.3533060307e-23
2927317.50937 6.21646837844e-23
2939320.17535 6.07963072619e-23
2951322.84132 5.94279307393e-23
2963325.5073 5.80595542168e-23
2975328.17328 5.66911776942e-23
2987330.83926 5.53228011717e-23
2999333.50524 5.39544246491e-23
3011336.17122 5.27961889086e-23
3023338.8372 5.20265277067e-23
3035341.50318 5.12568665047e-23
3047344.16916 5.04872053028e-23
3059346.83514 4.97175441008e-23
3071349.50111 4.89478828989e-23
3083352.16709 4.81782216969e-23
3095354.83307 4.7408560495e-23
3107357.49905 4.66388992931e-23
3119360.16503 4.58692380911e-23
3131362.83101 4.50995768892e-23
3143365.49699 4.43299156872e-23
3155368.16297 4.35602544853e-23
3167370.82895 4.27905932833e-23
3179373.49493 4.20209320814e-23
3191376.16091 4.12512708795e-23
3203378.82688 4.04816096775e-23
3215381.49286 3.97119484756e-23
3227384.15884 3.89422872736e-23
3239386.82482 3.81726260717e-23
3251389.4908 3.74029648697e-23
3263392.15678 3.66333036678e-23
3275394.82276 3.58636424659e-23
3287397.48874 3.50939812639e-23
3299400.15472 3.4324320062e-23
3311402.8207 3.355465886e-23
3323405.48667 3.27849976581e-23
3335408.15265 3.20153364561e-23
3347410.81863 3.12456752542e-23
3359413.48461 3.04760140523e-23
3371416.15059 2.97063528503e-23
3383418.81657 2.92224332373e-23
3395421.48255 2.88187639359e-23
3407424.14853 2.84150946346e-23
3419426.81451 2.80114253332e-23
3431429.48049 2.76077560318e-23
3443432.14646 2.72040867305e-23
3455434.81244 2.68004174291e-23
3467437.47842 2.63967481278e-23
3479440.1444 2.59930788264e-23
3491442.81038 2.5589409525e-23
3503445.47636 2.51857402237e-23
3515448.14234 2.47820709223e-23
3527450.80832 2.43784016209e-23
3539453.4743 2.39747323196e-23
3551456.14028 2.35710630182e-23
3563458.80626 2.31673937169e-23
3575461.47223 2.27637244155e-23
3587464.13821 2.23600551141e-23
3599466.80419 2.19563858128e-23
3611469.47017 2.15527165114e-23
3623472.13615 2.11490472101e-23
3635474.80213 2.07453779087e-23
3647477.46811 2.03417086073e-23
3659480.13409 1.9938039306e-23
3671482.80007 1.95343700046e-23
3683485.46605 1.91307007033e-23
3695488.13202 1.87270314019e-23
3707490.798 1.83233621005e-23
3719493.46398 1.79196927992e-23
3731496.12996 1.75160234978e-23
3743498.79594 1.71123541964e-23
3755501.46192 1.67086848951e-23
3767504.1279 1.63050155937e-23
3779506.79388 1.59013462924e-23
3791509.45986 1.55954072732e-23
3803512.12584 1.5395197465e-23
3815514.79182 1.51949876568e-23
3827517.45779 1.49947778487e-23
3839520.12377 1.47945680405e-23
3851522.78975 1.45943582324e-23
3863525.45573 1.43941484242e-23
3875528.12171 1.4193938616e-23
3887530.78769 1.39937288079e-23
3899533.45367 1.37935189997e-23
3911536.11965 1.35933091916e-23
3923538.78563 1.33930993834e-23
3935541.45161 1.31928895752e-23
3947544.11758 1.29926797671e-23
3959546.78356 1.27924699589e-23
3971549.44954 1.25922601507e-23
3983552.11552 1.23920503426e-23
3995554.7815 1.21918405344e-23
4007557.44748 1.19916307263e-23
4019560.11346 1.17914209181e-23
4031562.77944 1.15912111099e-23
4043565.44542 1.13910013018e-23
4055568.1114 1.11907914936e-23
4067570.77737 1.09905816854e-23
4079573.44335 1.07903718773e-23
4091576.10933 1.05901620691e-23
4103578.77531 1.0389952261e-23
4115581.44129 1.01897424528e-23
4127584.10727 9.98953264464e-24
4139586.77325 9.78932283647e-24
4151589.43923 9.58911302831e-24
4163592.10521 9.38890322015e-24
4175594.77119 9.18869341199e-24
4187597.43717 8.98848360382e-24
4199600.10314 8.78827379566e-24
4211602.76912 8.5880639875e-24
4223605.4351 8.38785417934e-24
4235608.10108 8.18764437118e-24
4247610.76706 7.98743456301e-24
4259613.43304 7.89476584776e-24
4271616.09902 7.80267308138e-24
4283618.765 7.710580315e-24
4295621.43098 7.61848754862e-24
4307624.09696 7.52639478224e-24
4319626.76293 7.43430201586e-24
4331629.42891 7.34220924947e-24
4343632.09489 7.25011648309e-24
4355634.76087 7.15802371671e-24
4367637.42685 7.06593095033e-24
4379640.09283 6.97383818395e-24
4391642.75881 6.88174541757e-24
4403645.42479 6.78965265119e-24
4415648.09077 6.69755988481e-24
4427650.75675 6.60546711843e-24
4439653.42273 6.51337435205e-24
4451656.0887 6.42128158567e-24
4463658.75468 6.32918881928e-24
4475661.42066 6.2370960529e-24
4487664.08664 6.14500328652e-24
4499666.75262 6.05291052014e-24
4511669.4186 5.96081775376e-24
4523672.08458 5.86872498738e-24
4535674.75056 5.776632221e-24
4547677.41654 5.68453945462e-24
4559680.08252 5.59244668824e-24
4571682.74849 5.50035392186e-24
4583685.41447 5.40826115547e-24
4595688.08045 5.31616838909e-24
4607690.74643 5.22407562271e-24
4619693.41241 5.13198285633e-24
4631696.07839 5.03989008995e-24
4643698.74437 4.94779732357e-24
4655701.41035 4.85570455719e-24
4667704.07633 4.76361179081e-24
4679706.74231 4.67151902443e-24
4691709.40828 4.57942625805e-24
4703712.07426 4.48733349167e-24
4715714.74024 4.39524072528e-24
4727717.40622 4.3031479589e-24
4739720.0722 4.21105519252e-24
4751722.73818 4.11896242614e-24
4763725.40416 4.02686965976e-24
4775728.07014 3.97761342842e-24
4787730.73612 3.93820745791e-24
4799733.4021 3.89880148739e-24
4811736.06808 3.85939551688e-24
4823738.73405 3.81998954636e-24
4835741.40003 3.78058357585e-24
4847744.06601 3.74117760534e-24
4859746.73199 3.70177163482e-24
4871749.39797 3.66236566431e-24
4883752.06395 3.62295969379e-24
4895754.72993 3.58355372328e-24
4907757.39591 3.54414775276e-24
4919760.06189 3.50474178225e-24
4931762.72787 3.46533581174e-24
4943765.39384 3.42592984122e-24
4955768.05982 3.38652387071e-24
4967770.7258 3.34711790019e-24
4979773.39178 3.30771192968e-24
4991776.05776 3.26830595917e-24
5003778.72374 3.22889998865e-24
5015781.38972 3.18949401814e-24
5027784.0557 3.15008804762e-24
5039786.72168 3.11068207711e-24
5051789.38766 3.07127610659e-24
5063792.05364 3.03187013608e-24
5075794.71961 2.99246416557e-24
5087797.38559 2.95305819505e-24
5099800.05157 2.91365222454e-24
5111802.71755 2.87424625402e-24
5123805.38353 2.83484028351e-24
5135808.04951 2.79543431299e-24
5147810.71549 2.75602834248e-24
5159813.38147 2.71662237197e-24
5171816.04745 2.67721640145e-24
5183818.71343 2.63781043094e-24
5195821.3794 2.59840446042e-24
5207824.04538 2.55899848991e-24
5219826.71136 2.5195925194e-24
5231829.37734 2.48018654888e-24
5243832.04332 2.44078057837e-24
5255834.7093 2.40137460785e-24
5267837.37528 2.36196863734e-24
5279840.04126 2.32256266682e-24
5291842.70724 2.28315669631e-24
5303845.37322 2.2437507258e-24
5315848.03919 2.20434475528e-24
5327850.70517 2.16493878477e-24
5339853.37115 2.12553281425e-24
5351856.03713 2.09499795966e-24
5363858.70311 2.08006717245e-24
5375861.36909 2.06513638523e-24
5387864.03507 2.05020559802e-24
5399866.70105 2.0352748108e-24
5411869.36703 2.02034402359e-24
5423872.03301 2.00541323637e-24
5435874.69899 1.99048244916e-24
5447877.36496 1.97555166194e-24
5459880.03094 1.96062087473e-24
5471882.69692 1.94569008751e-24
5483885.3629 1.9307593003e-24
5495888.02888 1.91582851308e-24
5507890.69486 1.90089772587e-24
5519893.36084 1.88596693865e-24
5531896.02682 1.87103615144e-24
5543898.6928 1.85610536422e-24
5555901.35878 1.84117457701e-24
5567904.02475 1.82624378979e-24
5579906.69073 1.81131300258e-24
5591909.35671 1.79638221536e-24
5603912.02269 1.78145142815e-24
5615914.68867 1.76652064093e-24
5627917.35465 1.75158985372e-24
5639920.02063 1.7366590665e-24
5651922.68661 1.72172827929e-24
5663925.35259 1.70679749207e-24
5675928.01857 1.69186670486e-24
5687930.68455 1.67693591764e-24
5699933.35052 1.66200513043e-24
5711936.0165 1.64707434321e-24
5723938.68248 1.63214355599e-24
5735941.34846 1.61721276878e-24
5747944.01444 1.60228198156e-24
5759946.68042 1.58735119435e-24
5771949.3464 1.57242040713e-24
5783952.01238 1.55748961992e-24
5795954.67836 1.5425588327e-24
5807957.34434 1.52762804549e-24
5819960.01031 1.51269725827e-24
5831962.67629 1.49776647106e-24
5843965.34227 1.48283568384e-24
5855968.00825 1.46790489663e-24
5867970.67423 1.45297410941e-24
5879973.34021 1.4380433222e-24
5891976.00619 1.42311253498e-24
5903978.67217 1.40818174777e-24
5915981.33815 1.39325096055e-24
5927984.00413 1.37832017334e-24
5939986.6701 1.36338938612e-24
5951989.33608 1.34845859891e-24
5963992.00206 1.33352781169e-24
5975994.66804 1.31859702448e-24
5987997.33402 1.30366623726e-24
6000000.0 1.28873545005e-24
9321113.11061 1e-300
14480524.9368 1e-300
22495768.4728 1e-300
34947600.4075 1e-300
54291756.057 1e-300
84343266.5302 1e-300
131028854.574 1e-300
203555795.707 1e-300
316227766.017 1e-300
