10000.0 1.06476489876e-22
210380.761523 5.98037917218e-24
410761.523046 3.14669846007e-24
611142.284569 2.14427568613e-24
811523.046092 1.63073615942e-24
1011903.80762 1.3161601056e-24
1212284.56914 1.10627614059e-24
1412665.33066 9.50088095196e-25
1613046.09218 8.35949892338e-25
1813426.85371 7.46491254087e-25
2013807.61523 6.72724440856e-25
2214188.37675 6.13046362632e-25
2414569.13828 5.62922231677e-25
2614949.8998 5.1931019523e-25
2815330.66132 4.80588610334e-25
3015711.42285 4.50572598436e-25
3216092.18437 4.22234475356e-25
3416472.94589 3.98099411079e-25
3616853.70741 3.75624444359e-25
3817234.46894 3.56330074316e-25
4017615.23046 3.3772517337e-25
4217995.99198 3.22211400382e-25
4418376.75351 3.06697627394e-25
4618757.51503 2.93556602753e-25
4819138.27655 2.81172425167e-25
5019519.03808 2.68889877572e-25
5219899.7996 2.59168899821e-25
5420280.56112 2.4944792207e-25
5620661.32265 2.39726944319e-25
5821042.08417 2.31891659179e-25
6021422.84569 2.24082631812e-25
6221803.60721 2.16273604444e-25
6422184.36874 2.09360710565e-25
6622565.13026 2.03146270159e-25
6822945.89178 1.96931829752e-25
7023326.65331 1.90717389346e-25
7223707.41483 1.85388638073e-25
7424088.17635 1.80404531051e-25
7624468.93788 1.7542042403e-25
7824849.6994 1.70436317008e-25
8025230.46092 1.65872797307e-25
8225611.22244 1.61917116736e-25
8425991.98397 1.57961436164e-25
8626372.74549 1.54005755593e-25
8826753.50701 1.50050075022e-25
9027134.26854 1.46571849918e-25
9227515.03006 1.43450830061e-25
9427895.79158 1.40329810204e-25
9628276.55311 1.37208790347e-25
9828657.31463 1.34087770489e-25
10029038.0762 1.31058476716e-25
10229418.8377 1.28570423808e-25
10429799.5992 1.260823709e-25
10630180.3607 1.23594317992e-25
10830561.1222 1.21106265084e-25
11030941.8838 1.18618212176e-25
11231322.6453 1.1615630627e-25
11431703.4068 1.1413865271e-25
11632084.1683 1.12120999149e-25
11832464.9299 1.10103345589e-25
12032845.6914 1.08085692029e-25
12233226.4529 1.06068038468e-25
12433607.2144 1.04050384908e-25
12633987.976 1.02127638807e-25
12834368.7375 1.00535113544e-25
13034749.499 9.89425882818e-26
13235130.2605 9.73500630194e-26
13435511.022 9.5757537757e-26
13635891.7836 9.41650124946e-26
13836272.5451 9.25724872322e-26
14036653.3066 9.09799619698e-26
14237034.0681 8.95631110369e-26
14437414.8297 8.82858480922e-26
14637795.5912 8.70085851474e-26
14838176.3527 8.57313222026e-26
15038557.1142 8.44540592578e-26
15238937.8758 8.3176796313e-26
15439318.6373 8.18995333682e-26
15639699.3988 8.06222704235e-26
15840080.1603 7.93450074787e-26
16040460.9218 7.83199880198e-26
16240841.6834 7.7306626325e-26
16441222.4449 7.62932646303e-26
16641603.2064 7.52799029356e-26
16841983.9679 7.42665412409e-26
17042364.7295 7.32531795461e-26
17242745.491 7.22398178514e-26
17443126.2525 7.12264561567e-26
17643507.014 7.02130944619e-26
17843887.7756 6.92644351289e-26
18044268.5371 6.84632903038e-26
18244649.2986 6.76621454787e-26
18445030.0601 6.68610006536e-26
18645410.8216 6.60598558285e-26
18845791.5832 6.52587110034e-26
19046172.3447 6.44575661783e-26
19246553.1062 6.36564213532e-26
19446933.8677 6.28552765281e-26
19647314.6293 6.2054131703e-26
19847695.3908 6.12529868779e-26
20048076.1523 6.05322672394e-26
20248456.9138 5.98999558683e-26
20448837.6754 5.92676444972e-26
20649218.4369 5.86353331261e-26
20849599.1984 5.8003021755e-26
21049979.9599 5.7370710384e-26
21250360.7214 5.67383990129e-26
21450741.483 5.61060876418e-26
21651122.2445 5.54737762707e-26
21851503.006 5.48414648996e-26
22051883.7675 5.42091535286e-26
22252264.5291 5.35768421575e-26
22452645.2906 5.29848457998e-26
22653026.0521 5.24759926436e-26
22853406.8136 5.19671394873e-26
23053787.5752 5.14582863311e-26
23254168.3367 5.09494331748e-26
23454549.0982 5.04405800186e-26
23654929.8597 4.99317268623e-26
23855310.6212 4.94228737061e-26
24055691.3828 4.89140205498e-26
24256072.1443 4.84051673936e-26
24456452.9058 4.78963142373e-26
24656833.6673 4.73874610811e-26
24857214.4289 4.68786079249e-26
25057595.1904 4.63697547686e-26
25257975.9519 4.59303803467e-26
25458356.7134 4.55216065369e-26
25658737.4749 4.51128327271e-26
25859118.2365 4.47040589173e-26
26059498.998 4.42952851075e-26
26259879.7595 4.38865112976e-26
26460260.521 4.34777374878e-26
26660641.2826 4.3068963678e-26
26861022.0441 4.26601898682e-26
27061402.8056 4.22514160584e-26
27261783.5671 4.18426422486e-26
27462164.3287 4.14338684388e-26
27662545.0902 4.1025094629e-26
27862925.8517 4.06163208192e-26
28063306.6132 4.02075470094e-26
28263687.3747 3.98362720055e-26
28464068.1363 3.9521590628e-26
28664448.8978 3.92069092504e-26
28864829.6593 3.88922278729e-26
29065210.4208 3.85775464953e-26
29265591.1824 3.82628651177e-26
29465971.9439 3.79481837402e-26
29666352.7054 3.76335023626e-26
29866733.4669 3.73188209851e-26
30067114.2285 3.70041396075e-26
30267494.99 3.66894582299e-26
30467875.7515 3.63747768524e-26
30668256.513 3.60600954748e-26
30868637.2745 3.57454140973e-26
31069018.0361 3.54307327197e-26
31269398.7976 3.51160513421e-26
31469779.5591 3.48013699646e-26
31670160.3206 3.45028452132e-26
31870541.0822 3.42564885076e-26
32070921.8437 3.40101318021e-26
32271302.6052 3.37637750966e-26
32471683.3667 3.3517418391e-26
32672064.1283 3.32710616855e-26
32872444.8898 3.30247049799e-26
33072825.6513 3.27783482744e-26
33273206.4128 3.25319915688e-26
33473587.1743 3.22856348633e-26
33673967.9359 3.20392781577e-26
33874348.6974 3.17929214522e-26
34074729.4589 3.15465647466e-26
34275110.2204 3.13002080411e-26
34475490.982 3.10538513355e-26
34675871.7435 3.080749463e-26
34876252.505 3.05611379245e-26
35076633.2665 3.03147812189e-26
35277014.0281 3.00684245134e-26
35477394.7896 2.98220678078e-26
35677775.5511 2.96253796009e-26
35878156.3126 2.9429688658e-26
36078537.0741 2.92339977152e-26
36278917.8357 2.90383067724e-26
36479298.5972 2.88426158295e-26
36679679.3587 2.86469248867e-26
36880060.1202 2.84512339439e-26
37080440.8818 2.82555430011e-26
37280821.6433 2.80598520582e-26
37481202.4048 2.78641611154e-26
37681583.1663 2.76684701726e-26
37881963.9279 2.74727792297e-26
38082344.6894 2.72770882869e-26
38282725.4509 2.70813973441e-26
38483106.2124 2.68857064013e-26
38683486.9739 2.66900154584e-26
38883867.7355 2.64943245156e-26
39084248.497 2.62986335728e-26
39284629.2585 2.61029426299e-26
39485010.02 2.59072516871e-26
39685390.7816 2.57115607443e-26
39885771.5431 2.55313971135e-26
40086152.3046 2.53771610482e-26
40286533.0661 2.5222924983e-26
40486913.8277 2.50686889177e-26
40687294.5892 2.49144528525e-26
40887675.3507 2.47602167873e-26
41088056.1122 2.4605980722e-26
41288436.8737 2.44517446568e-26
41488817.6353 2.42975085916e-26
41689198.3968 2.41432725263e-26
41889579.1583 2.39890364611e-26
42089959.9198 2.38348003959e-26
42290340.6814 2.36805643306e-26
42490721.4429 2.35263282654e-26
42691102.2044 2.33720922002e-26
42891482.9659 2.32178561349e-26
43091863.7275 2.30636200697e-26
43292244.489 2.29093840044e-26
43492625.2505 2.27551479392e-26
43693006.012 2.2600911874e-26
43893386.7735 2.24466758087e-26
44093767.5351 2.22924397435e-26
44294148.2966 2.21382036783e-26
44494529.0581 2.1983967613e-26
44694909.8196 2.18343197963e-26
44895290.5812 2.17147118217e-26
45095671.3427 2.15951038471e-26
45296052.1042 2.14754958724e-26
45496432.8657 2.13558878978e-26
45696813.6273 2.12362799232e-26
45897194.3888 2.11166719485e-26
46097575.1503 2.09970639739e-26
46297955.9118 2.08774559993e-26
46498336.6733 2.07578480246e-26
46698717.4349 2.063824005e-26
46899098.1964 2.05186320754e-26
47099478.9579 2.03990241007e-26
47299859.7194 2.02794161261e-26
47500240.481 2.01598081515e-26
47700621.2425 2.00402001768e-26
47901002.004 1.99205922022e-26
48101382.7655 1.98009842276e-26
48301763.5271 1.96813762529e-26
48502144.2886 1.95617682783e-26
48702525.0501 1.94421603037e-26
48902905.8116 1.9322552329e-26
49103286.5731 1.92029443544e-26
49303667.3347 1.90833363798e-26
49504048.0962 1.89637284051e-26
49704428.8577 1.88441204305e-26
49904809.6192 1.87245124559e-26
50105190.3808 1.86049044812e-26
50305571.1423 1.85114060447e-26
50505951.9038 1.84197986656e-26
50706332.6653 1.83281912866e-26
50906713.4269 1.82365839076e-26
51107094.1884 1.81449765286e-26
51307474.9499 1.80533691496e-26
51507855.7114 1.79617617706e-26
51708236.4729 1.78701543916e-26
51908617.2345 1.77785470126e-26
52108997.996 1.76869396336e-26
52309378.7575 1.75953322546e-26
52509759.519 1.75037248756e-26
52710140.2806 1.74121174966e-26
52910521.0421 1.73205101175e-26
53110901.8036 1.72289027385e-26
53311282.5651 1.71372953595e-26
53511663.3267 1.70456879805e-26
53712044.0882 1.69540806015e-26
53912424.8497 1.68624732225e-26
54112805.6112 1.67708658435e-26
54313186.3727 1.66792584645e-26
54513567.1343 1.65876510855e-26
54713947.8958 1.64960437065e-26
54914328.6573 1.64044363275e-26
55114709.4188 1.63128289485e-26
55315090.1804 1.62212215694e-26
55515470.9419 1.61296141904e-26
55715851.7034 1.60380068114e-26
55916232.4649 1.59463994324e-26
56116613.2265 1.58547920534e-26
56316993.988 1.5772334942e-26
56517374.7495 1.57028553098e-26
56717755.511 1.56333756775e-26
56918136.2725 1.55638960452e-26
57118517.0341 1.54944164129e-26
57318897.7956 1.54249367806e-26
57519278.5571 1.53554571483e-26
57719659.3186 1.5285977516e-26
57920040.0802 1.52164978837e-26
58120420.8417 1.51470182514e-26
58320801.6032 1.50775386192e-26
58521182.3647 1.50080589869e-26
58721563.1263 1.49385793546e-26
58921943.8878 1.48690997223e-26
59122324.6493 1.479962009e-26
59322705.4108 1.47301404577e-26
59523086.1723 1.46606608254e-26
59723466.9339 1.45911811931e-26
59923847.6954 1.45217015608e-26
60124228.4569 1.44522219286e-26
60324609.2184 1.43827422963e-26
60524989.98 1.4313262664e-26
60725370.7415 1.42437830317e-26
60925751.503 1.41743033994e-26
61126132.2645 1.41048237671e-26
61326513.0261 1.40353441348e-26
61526893.7876 1.39658645025e-26
61727274.5491 1.38963848702e-26
61927655.3106 1.3826905238e-26
62128036.0721 1.37574256057e-26
62328416.8337 1.36879459734e-26
62528797.5952 1.36184663411e-26
62729178.3567 1.35489867088e-26
62929559.1182 1.34795070765e-26
63129939.8798 1.34126327543e-26
63330320.6413 1.33584154354e-26
63530701.4028 1.33041981164e-26
63731082.1643 1.32499807975e-26
63931462.9259 1.31957634785e-26
64131843.6874 1.31415461596e-26
64332224.4489 1.30873288406e-26
64532605.2104 1.30331115217e-26
64732985.9719 1.29788942027e-26
64933366.7335 1.29246768838e-26
65133747.495 1.28704595648e-26
65334128.2565 1.28162422459e-26
65534509.018 1.27620249269e-26
65734889.7796 1.2707807608e-26
65935270.5411 1.2653590289e-26
66135651.3026 1.25993729701e-26
66336032.0641 1.25451556511e-26
66536412.8257 1.24909383322e-26
66736793.5872 1.24367210132e-26
66937174.3487 1.23825036943e-26
67137555.1102 1.23282863753e-26
67337935.8717 1.22740690563e-26
67538316.6333 1.22198517374e-26
67738697.3948 1.21656344184e-26
67939078.1563 1.21114170995e-26
68139458.9178 1.20571997805e-26
68339839.6794 1.20029824616e-26
68540220.4409 1.19487651426e-26
68740601.2024 1.18945478237e-26
68940981.9639 1.18403305047e-26
69141362.7255 1.17861131858e-26
69341743.487 1.17318958668e-26
69542124.2485 1.16776785479e-26
69742505.01 1.16234612289e-26
69942885.7715 1.156924391e-26
70143266.5331 1.1515026591e-26
70343647.2946 1.14608092721e-26
70544028.0561 1.14065919531e-26
70744408.8176 1.13523746342e-26
70944789.5792 1.13073627298e-26
71145170.3407 1.12654253786e-26
71345551.1022 1.12234880275e-26
71545931.8637 1.11815506764e-26
71746312.6253 1.11396133252e-26
71946693.3868 1.10976759741e-26
72147074.1483 1.1055738623e-26
72347454.9098 1.10138012718e-26
72547835.6713 1.09718639207e-26
72748216.4329 1.09299265696e-26
72948597.1944 1.08879892184e-26
73148977.9559 1.08460518673e-26
73349358.7174 1.08041145162e-26
73549739.479 1.0762177165e-26
73750120.2405 1.07202398139e-26
73950501.002 1.06783024628e-26
74150881.7635 1.06363651116e-26
74351262.5251 1.05944277605e-26
74551643.2866 1.05524904094e-26
74752024.0481 1.05105530582e-26
74952404.8096 1.04686157071e-26
75152785.5711 1.0426678356e-26
75353166.3327 1.03847410048e-26
75553547.0942 1.03428036537e-26
75753927.8557 1.03008663026e-26
75954308.6172 1.02589289514e-26
76154689.3788 1.02169916003e-26
76355070.1403 1.01750542492e-26
76555450.9018 1.0133116898e-26
76755831.6633 1.00911795469e-26
76956212.4248 1.00492421958e-26
77156593.1864 1.00073048446e-26
77356973.9479 9.96536749349e-27
77557354.7094 9.92343014236e-27
77757735.4709 9.88149279122e-27
77958116.2325 9.83955544009e-27
78158496.994 9.79761808895e-27
78358877.7555 9.75568073782e-27
78559258.517 9.71374338669e-27
78759639.2786 9.67180603555e-27
78960020.0401 9.62986868442e-27
79160400.8016 9.58793133328e-27
79360781.5631 9.54599398215e-27
79561162.3246 9.50988541661e-27
79761543.0862 9.47704878965e-27
79961923.8477 9.4442121627e-27
80162304.6092 9.41137553575e-27
80362685.3707 9.37853890879e-27
80563066.1323 9.34570228184e-27
80763446.8938 9.31286565488e-27
80963827.6553 9.28002902793e-27
81164208.4168 9.24719240098e-27
81364589.1784 9.21435577402e-27
81564969.9399 9.18151914707e-27
81765350.7014 9.14868252012e-27
81965731.4629 9.11584589316e-27
82166112.2244 9.08300926621e-27
82366492.986 9.05017263925e-27
82566873.7475 9.0173360123e-27
82767254.509 8.98449938535e-27
82967635.2705 8.95166275839e-27
83168016.0321 8.91882613144e-27
83368396.7936 8.88598950449e-27
83568777.5551 8.85315287753e-27
83769158.3166 8.82031625058e-27
83969539.0782 8.78747962362e-27
84169919.8397 8.75464299667e-27
84370300.6012 8.72180636972e-27
84570681.3627 8.68896974276e-27
84771062.1242 8.65613311581e-27
84971442.8858 8.62329648885e-27
85171823.6473 8.5904598619e-27
85372204.4088 8.55762323495e-27
85572585.1703 8.52478660799e-27
85772965.9319 8.49194998104e-27
85973346.6934 8.45911335409e-27
86173727.4549 8.42627672713e-27
86374108.2164 8.39344010018e-27
86574488.978 8.36060347322e-27
86774869.7395 8.32776684627e-27
86975250.501 8.29493021932e-27
87175631.2625 8.26209359236e-27
87376012.024 8.22925696541e-27
87576392.7856 8.19642033845e-27
87776773.5471 8.1635837115e-27
87977154.3086 8.13074708455e-27
88177535.0701 8.09791045759e-27
88377915.8317 8.06507383064e-27
88578296.5932 8.03223720369e-27
88778677.3547 7.99940057673e-27
88979058.1162 7.96656394978e-27
89179438.8778 7.93650058769e-27
89379819.6393 7.9138895246e-27
89580200.4008 7.89127846151e-27
89780581.1623 7.86866739842e-27
89980961.9238 7.84605633533e-27
90181342.6854 7.82344527223e-27
90381723.4469 7.80083420914e-27
90582104.2084 7.77822314605e-27
90782484.9699 7.75561208296e-27
90982865.7315 7.73300101987e-27
91183246.493 7.71038995678e-27
91383627.2545 7.68777889368e-27
91584008.016 7.66516783059e-27
91784388.7776 7.6425567675e-27
91984769.5391 7.61994570441e-27
92185150.3006 7.59733464132e-27
92385531.0621 7.57472357823e-27
92585911.8236 7.55211251513e-27
92786292.5852 7.52950145204e-27
92986673.3467 7.50689038895e-27
93187054.1082 7.48427932586e-27
93387434.8697 7.46166826277e-27
93587815.6313 7.43905719967e-27
93788196.3928 7.41644613658e-27
93988577.1543 7.39383507349e-27
94188957.9158 7.3712240104e-27
94389338.6774 7.34861294731e-27
94589719.4389 7.32600188422e-27
94790100.2004 7.30339082112e-27
94990480.9619 7.28077975803e-27
95190861.7234 7.25816869494e-27
95391242.485 7.23555763185e-27
95591623.2465 7.21294656876e-27
95792004.008 7.19033550567e-27
95992384.7695 7.16772444257e-27
96192765.5311 7.14511337948e-27
96393146.2926 7.12250231639e-27
96593527.0541 7.0998912533e-27
96793907.8156 7.07728019021e-27
96994288.5772 7.05466912712e-27
97194669.3387 7.03205806402e-27
97395050.1002 7.00944700093e-27
97595430.8617 6.98683593784e-27
97795811.6232 6.96422487475e-27
97996192.3848 6.94161381166e-27
98196573.1463 6.91900274856e-27
98396953.9078 6.89639168547e-27
98597334.6693 6.87378062238e-27
98797715.4309 6.85116955929e-27
98998096.1924 6.8285584962e-27
99198476.9539 6.80594743311e-27
99398857.7154 6.78333637001e-27
99599238.477 6.76072530692e-27
99799619.2385 6.73811424383e-27
100000000.0 6.71550318074e-27
113646366.639 1e-300
129154966.501 1e-300
146779926.762 1e-300
166810053.72 1e-300
189573565.241 1e-300
215443469.003 1e-300
244843674.682 1e-300
278255940.221 1e-300
316227766.017 1e-300
