0.100981660887 1.26820189649e-21
0.113303287061 1.46937196898e-21
0.127128379016 1.91400029005e-21
0.142640387322 2.19965455659e-21
0.160045146904 2.76062548801e-21
0.179573608347 4.31463212723e-21
0.201484902471 7.81796118222e-21
0.226069778836 1.52384459269e-20
0.253654463814 2.61527979187e-20
0.284604989415 3.60429985513e-20
0.31933205031 4.43751482084e-20
0.358296453498 5.13981259581e-20
0.402015232936 5.62095438582e-20
0.451068510265 5.90685239396e-20
0.506107192671 6.02613676853e-20
0.567861610032 5.74178329747e-20
0.637151205946 5.25103239316e-20
0.714895411252 5.42788986263e-20
0.80212584432 5.89853375688e-20
0.9 6.05748083098e-20
1.00981660887 6.03473872443e-20
1.13303287061 6.01764335604e-20
1.27128379016 6.26129936989e-20
1.42640387322 6.70580403396e-20
1.60045146904 7.16802409321e-20
1.79573608347 7.47715050213e-20
2.01484902471 7.7381925539e-20
2.26069778836 7.90558112018e-20
2.53654463814 7.97003992171e-20
2.84604989415 7.89413664275e-20
3.1933205031 7.65987646435e-20
3.58296453498 7.40519035884e-20
4.02015232936 7.10368219476e-20
4.51068510265 6.79678408484e-20
5.06107192671 6.53170977981e-20
5.67861610032 6.30220480156e-20
6.37151205946 6.08014277103e-20
7.14895411252 5.83014486879e-20
8.0212584432 5.48446291378e-20
9.0 5.06049376398e-20
10.0981660887 4.65005248375e-20
11.3303287061 4.26824299836e-20
12.7128379016 3.9182608043e-20
14.2640387322 3.57641385448e-20
16.0045146904 3.26141895516e-20
17.9573608347 2.9762760311e-20
20.1484902471 2.72834133127e-20
22.6069778836 2.5034387421e-20
25.3654463814 2.29596826593e-20
28.4604989415 2.0913488685e-20
31.933205031 1.90179493065e-20
35.8296453498 1.74308630575e-20
40.2015232936 1.59489205033e-20
45.1068510265 1.45422702737e-20
50.6107192671 1.32023382699e-20
56.7861610032 1.1990990492e-20
63.7151205946 1.09207404026e-20
71.4895411252 9.93545681539e-21
80.212584432 9.02805356837e-21
90.0 8.20826360665e-21
100.981660887 7.47389423656e-21
113.303287061 6.7903069545e-21
127.128379016 6.16892367168e-21
142.640387322 5.60045517382e-21
160.045146904 5.08467205826e-21
179.573608347 4.61480215406e-21
201.484902471 4.18515165889e-21
226.069778836 3.79516611477e-21
253.654463814 3.44535344164e-21
284.604989415 3.11879931472e-21
319.33205031 2.82134104296e-21
358.296453498 2.5601127746e-21
402.015232936 2.31784330739e-21
451.068510265 2.09862899222e-21
506.107192671 1.89909974253e-21
567.861610032 1.72002042193e-21
637.151205946 1.558466215e-21
714.895411252 1.41195000357e-21
802.12584432 1.27691401292e-21
900.0 1.15368187299e-21
1009.81660887 1.04173908383e-21
1133.03287061 9.40262425813e-22
1271.28379016 8.51301997427e-22
1426.40387322 7.69353871169e-22
1600.45146904 6.94589376408e-22
1795.73608347 6.2783959331e-22
2014.84902471 5.67205795902e-22
2260.69778836 5.12609424796e-22
2536.54463814 4.63424549837e-22
2846.04989415 4.18879489843e-22
3193.3205031 3.78474095063e-22
3582.96453498 3.41515169614e-22
4020.15232936 3.08311498328e-22
4510.68510265 2.78380115671e-22
5061.07192671 2.50906421817e-22
5678.61610032 2.26401266784e-22
6371.51205946 2.0377322127e-22
7148.95411252 1.83356090081e-22
8021.2584432 1.65298645207e-22
9000.0 1.4902014711e-22
10098.1660887 1.34157371721e-22
11330.3287061 1.20867712453e-22
12712.8379016 1.08655781729e-22
14264.0387322 9.7815046859e-23
16004.5146904 8.82411932255e-23
17957.3608347 7.96338458219e-23
20148.4902471 7.17641166033e-23
22606.9778836 6.47279898781e-23
25365.4463814 5.8327050362e-23
28460.4989415 5.26252527474e-23
31933.205031 4.75024632173e-23
35829.6453498 4.29313748615e-23
40201.5232936 3.89191759807e-23
45106.8510265 3.52569954607e-23
50610.7192671 3.19862228275e-23
56786.1610032 2.90331039771e-23
63715.1205946 2.63770663159e-23
71489.5411252 2.39895713792e-23
80212.584432 2.1862653133e-23
90000.0 1.99636468317e-23
100981.660887 1.82494252904e-23
113303.287061 1.67022381428e-23
127128.379016 1.53006190555e-23
142640.387322 1.40565557621e-23
160045.146904 1.29441328135e-23
179573.608347 1.19544906161e-23
201484.902471 1.10583154103e-23
226069.778836 1.02366384833e-23
253654.463814 9.51439293162e-24
284604.989415 8.87762453019e-24
319332.05031 8.30089984344e-24
358296.453498 7.77480650664e-24
402015.232936 7.30211191916e-24
451068.510265 6.8830658653e-24
506107.192671 6.50135768636e-24
567861.610032 6.14525295215e-24
637151.205946 5.82246531541e-24
714895.411252 5.53682385027e-24
802125.84432 5.27193528594e-24
900000.0 5.02423710164e-24
1009816.60887 4.79162820246e-24
1133032.87061 4.56439491871e-24
1271283.79016 4.35193801212e-24
1426403.87322 4.14789308646e-24
1600451.46904 3.94423766463e-24
1795736.08347 3.74736854266e-24
2014849.02471 3.55962260135e-24
2260697.78836 3.37472662843e-24
2536544.63814 3.19148702053e-24
2846049.89415 3.01168501272e-24
3193320.5031 2.83294114384e-24
3582964.53498 2.65586591058e-24
4020152.32936 2.48218574224e-24
4510685.10265 2.3134902157e-24
5061071.92671 2.14835002052e-24
5678616.10032 1.98573801986e-24
6371512.05946 1.82616233893e-24
7148954.11252 1.67049222086e-24
8021258.4432 1.5198196085e-24
9000000.0 1.37316132233e-24
10098166.0887 1.23221920408e-24
11330328.7061 1.09729025214e-24
12712837.9016 9.67653067691e-25
14264038.7322 8.44898986824e-25
16004514.6904 7.3006381402e-25
17957360.8347 6.22251966414e-25
20148490.2471 5.22976157219e-25
22606977.8836 4.33041511174e-25
25365446.3814 3.51913916851e-25
28460498.9415 2.80286060863e-25
31933205.031 2.18386486844e-25
35829645.3498 1.65316996669e-25
40201523.2936 1.21650258937e-25
45106851.0265 8.66794034752e-26
50610719.2671 5.9322970532e-26
56786161.0032 3.91965791136e-26
63715120.5946 2.5214603317e-26
71489541.1252 1.62187319617e-26
80212584.432 1.09892821154e-26
90000000.0 8.32878712706e-27
103486150.106 1e-300
118993147.374 1e-300
136823807.897 1e-300
157326323.579 1e-300
180901061.527 1e-300
208008382.305 1e-300
239177629.716 1e-300
275017467.675 1e-300
316227766.017 1e-300
