11094.2523472 1.4659281127e-16
12474.8249878 1.22189783533e-16
13855.3976284 1.03667720925e-16
15235.970269 8.93536128543e-17
16616.5429096 7.7772193622e-17
17997.1155502 6.80640442351e-17
19377.6881907 6.01911328647e-17
20758.2608313 5.38041863316e-17
22138.8334719 4.79269422794e-17
23519.4061125 4.35394578572e-17
24899.9787531 3.92034224519e-17
26280.5513937 3.5942641825e-17
27661.1240343 3.26818611981e-17
29041.6966749 3.01386791378e-17
30422.2693154 2.77216230801e-17
31802.841956 2.55482237073e-17
33183.4145966 2.37599372246e-17
34563.9872372 2.1971650742e-17
35944.5598778 2.04781226715e-17
37325.1325184 1.91622184918e-17
38705.705159 1.78463143121e-17
40086.2777995 1.67136122604e-17
41466.8504401 1.57478313986e-17
42847.4230807 1.47820505367e-17
44227.9957213 1.3827707733e-17
45608.5683619 1.31208749472e-17
46989.1410025 1.24140421615e-17
48369.7136431 1.17072093758e-17
49750.2862837 1.10272461234e-17
51130.8589242 1.051154627e-17
52511.4315648 9.99584641667e-18
53892.0042054 9.48014656331e-18
55272.576846 8.96444670994e-18
56653.1494866 8.55603738029e-18
58033.7221272 8.1813831963e-18
59414.2947678 7.80672901231e-18
60794.8674083 7.43207482833e-18
62175.4400489 7.05742064434e-18
63556.0126895 6.77094625485e-18
64936.5853301 6.50048045907e-18
66317.1579707 6.23001466329e-18
67697.7306113 5.95954886752e-18
69078.3032519 5.68908307174e-18
70458.8758925 5.44379086605e-18
71839.448533 5.2490622583e-18
73220.0211736 5.05433365054e-18
74600.5938142 4.85960504279e-18
75981.1664548 4.66487643504e-18
77361.7390954 4.47014782728e-18
78742.311736 4.28342710468e-18
80122.8843766 4.14369536656e-18
81503.4570172 4.00396362843e-18
82884.0296577 3.86423189031e-18
84264.6022983 3.72450015218e-18
85645.1749389 3.58476841406e-18
87025.7475795 3.44503667594e-18
88406.3202201 3.31346960143e-18
89786.8928607 3.21377428933e-18
91167.4655013 3.11407897722e-18
92548.0381418 3.01438366512e-18
93928.6107824 2.91468835302e-18
95309.183423 2.81499304091e-18
96689.7560636 2.71529772881e-18
98070.3287042 2.6156024167e-18
99450.9013448 2.52804606896e-18
100831.473985 2.4575841511e-18
102212.046626 2.38712223324e-18
103592.619267 2.31666031538e-18
104973.191907 2.24619839752e-18
106353.764548 2.17573647966e-18
107734.337188 2.1052745618e-18
109114.909829 2.03481264394e-18
110495.482469 1.96435072608e-18
111876.05511 1.90817927944e-18
113256.627751 1.85885112159e-18
114637.200391 1.80952296373e-18
116017.773032 1.76019480587e-18
117398.345672 1.71086664801e-18
118778.918313 1.66153849016e-18
120159.490954 1.6122103323e-18
121540.063594 1.56288217444e-18
122920.636235 1.51355401659e-18
124301.208875 1.46422585873e-18
125681.781516 1.42781796986e-18
127062.354157 1.39332680369e-18
128442.926797 1.35883563752e-18
129823.499438 1.32434447134e-18
131204.072078 1.28985330517e-18
132584.644719 1.25536213899e-18
133965.217359 1.22087097282e-18
135345.79 1.18637980665e-18
136726.362641 1.15188864047e-18
138106.935281 1.1173974743e-18
139487.507922 1.08290630812e-18
140868.080562 1.05778311303e-18
142248.653203 1.03407211272e-18
143629.225844 1.0103611124e-18
145009.798484 9.86650112089e-19
146390.371125 9.62939111775e-19
147770.943765 9.39228111462e-19
149151.516406 9.15517111148e-19
150532.089046 8.91806110834e-19
151912.661687 8.68095110521e-19
153293.234328 8.44384110207e-19
154673.806968 8.20673109893e-19
156054.379609 7.9696210958e-19
157434.952249 7.77234336978e-19
158815.52489 7.61113872983e-19
160196.097531 7.44993408988e-19
161576.670171 7.28872944994e-19
162957.242812 7.12752480999e-19
164337.815452 6.96632017004e-19
165718.388093 6.80511553009e-19
167098.960734 6.64391089014e-19
168479.533374 6.4827062502e-19
169860.106015 6.32150161025e-19
171240.678655 6.1602969703e-19
172621.251296 5.99909233035e-19
174001.823936 5.83788769041e-19
175382.396577 5.67668305046e-19
176762.969218 5.55103332164e-19
178143.541858 5.44255736906e-19
179524.114499 5.33408141648e-19
180904.687139 5.2256054639e-19
182285.25978 5.11712951132e-19
183665.832421 5.00865355874e-19
185046.405061 4.90017760616e-19
186426.977702 4.79170165358e-19
187807.550342 4.683225701e-19
189188.122983 4.57474974842e-19
190568.695624 4.46627379584e-19
191949.268264 4.35779784326e-19
193329.840905 4.24932189068e-19
194710.413545 4.1408459381e-19
196090.986186 4.03236998551e-19
197471.558826 3.92885221342e-19
198852.131467 3.85742629357e-19
200232.704108 3.78600037372e-19
201613.276748 3.71457445387e-19
202993.849389 3.64314853402e-19
204374.422029 3.57172261417e-19
205754.99467 3.50029669432e-19
207135.567311 3.42887077447e-19
208516.139951 3.35744485462e-19
209896.712592 3.28601893477e-19
211277.285232 3.21459301492e-19
212657.857873 3.14316709507e-19
214038.430513 3.07174117522e-19
215419.003154 3.00031525537e-19
216799.575795 2.92888933552e-19
218180.148435 2.85746341567e-19
219560.721076 2.78603749582e-19
220941.293716 2.71461157597e-19
222321.866357 2.66094600886e-19
223702.438998 2.61499669861e-19
225083.011638 2.56904738836e-19
226463.584279 2.5230980781e-19
227844.156919 2.47714876785e-19
229224.72956 2.4311994576e-19
230605.302201 2.38525014735e-19
231985.874841 2.3393008371e-19
233366.447482 2.29335152685e-19
234747.020122 2.24740221659e-19
236127.592763 2.20145290634e-19
237508.165403 2.15550359609e-19
238888.738044 2.10955428584e-19
240269.310685 2.06360497559e-19
241649.883325 2.01765566534e-19
243030.455966 1.97170635509e-19
244411.028606 1.92575704483e-19
245791.601247 1.87980773458e-19
247172.173888 1.83385842433e-19
248552.746528 1.79013037524e-19
249933.319169 1.7609043262e-19
251313.891809 1.73167827716e-19
252694.46445 1.70245222813e-19
254075.03709 1.67322617909e-19
255455.609731 1.64400013005e-19
256836.182372 1.61477408101e-19
258216.755012 1.58554803198e-19
259597.327653 1.55632198294e-19
260977.900293 1.5270959339e-19
262358.472934 1.49786988487e-19
263739.045575 1.46864383583e-19
265119.618215 1.43941778679e-19
266500.190856 1.41019173775e-19
267880.763496 1.38096568872e-19
269261.336137 1.35173963968e-19
270641.908778 1.32251359064e-19
272022.481418 1.29328754161e-19
273403.054059 1.26406149257e-19
274783.626699 1.23483544353e-19
276164.19934 1.20560939449e-19
277544.77198 1.17638334546e-19
278925.344621 1.14922692055e-19
280305.917262 1.13141508816e-19
281686.489902 1.11360325578e-19
283067.062543 1.09579142339e-19
284447.635183 1.07797959101e-19
285828.207824 1.06016775862e-19
287208.780465 1.04235592623e-19
288589.353105 1.02454409385e-19
289969.925746 1.00673226146e-19
291350.498386 9.88920429076e-20
292731.071027 9.7110859669e-20
294111.643668 9.53296764304e-20
295492.216308 9.35484931918e-20
296872.788949 9.17673099533e-20
298253.361589 8.99861267147e-20
299633.93423 8.82049434761e-20
301014.50687 8.64237602375e-20
302395.079511 8.46425769989e-20
303775.652152 8.28613937603e-20
305156.224792 8.10802105218e-20
306536.797433 7.92990272832e-20
307917.370073 7.75178440446e-20
309297.942714 7.5736660806e-20
310678.515355 7.39554775674e-20
312059.087995 7.21742943288e-20
313439.660636 7.07958249078e-20
314820.233276 6.97450870548e-20
316200.805917 6.86943492017e-20
317581.378557 6.76436113487e-20
318961.951198 6.65928734957e-20
320342.523839 6.55421356427e-20
321723.096479 6.44913977897e-20
323103.66912 6.34406599367e-20
324484.24176 6.23899220837e-20
325864.814401 6.13391842307e-20
327245.387042 6.02884463777e-20
328625.959682 5.92377085247e-20
330006.532323 5.81869706717e-20
331387.104963 5.71362328187e-20
332767.677604 5.60854949657e-20
334148.250245 5.50347571127e-20
335528.822885 5.39840192597e-20
336909.395526 5.29332814067e-20
338289.968166 5.18825435536e-20
339670.540807 5.08318057006e-20
341051.113447 4.97810678476e-20
342431.686088 4.87303299946e-20
343812.258729 4.76795921416e-20
345192.831369 4.66288542886e-20
346573.40401 4.55781164356e-20
347953.97665 4.45273785826e-20
349334.549291 4.34766407296e-20
350715.121932 4.24259028766e-20
352095.694572 4.17816518626e-20
353476.267213 4.11746676373e-20
354856.839853 4.0567683412e-20
356237.412494 3.99606991867e-20
357617.985134 3.93537149614e-20
358998.557775 3.87467307361e-20
360379.130416 3.81397465108e-20
361759.703056 3.75327622855e-20
363140.275697 3.69257780602e-20
364520.848337 3.6318793835e-20
365901.420978 3.57118096097e-20
367281.993619 3.51048253844e-20
368662.566259 3.44978411591e-20
370043.1389 3.38908569338e-20
371423.71154 3.32838727085e-20
372804.284181 3.26768884832e-20
374184.856822 3.20699042579e-20
375565.429462 3.14629200326e-20
376946.002103 3.08559358073e-20
378326.574743 3.02489515821e-20
379707.147384 2.96419673568e-20
381087.720024 2.90349831315e-20
382468.292665 2.84279989062e-20
383848.865306 2.78210146809e-20
385229.437946 2.72140304556e-20
386610.010587 2.66070462303e-20
387990.583227 2.6000062005e-20
389371.155868 2.53930777797e-20
390751.728509 2.47860935545e-20
392132.301149 2.41791093292e-20
393512.87379 2.35721251039e-20
394893.44643 2.32237673637e-20
396274.019071 2.29013963704e-20
397654.591712 2.25790253771e-20
399035.164352 2.22566543839e-20
400415.736993 2.19342833906e-20
401796.309633 2.16119123973e-20
403176.882274 2.12895414041e-20
404557.454914 2.09671704108e-20
405938.027555 2.06447994175e-20
407318.600196 2.03224284242e-20
408699.172836 2.0000057431e-20
410079.745477 1.96776864377e-20
411460.318117 1.93553154444e-20
412840.890758 1.90329444511e-20
414221.463399 1.87105734579e-20
415602.036039 1.83882024646e-20
416982.60868 1.80658314713e-20
418363.18132 1.77434604781e-20
419743.753961 1.74210894848e-20
421124.326601 1.70987184915e-20
422504.899242 1.67763474982e-20
423885.471883 1.6453976505e-20
425266.044523 1.61316055117e-20
426646.617164 1.58092345184e-20
428027.189804 1.54868635251e-20
429407.762445 1.51644925319e-20
430788.335086 1.48421215386e-20
432168.907726 1.45197505453e-20
433549.480367 1.4197379552e-20
434930.053007 1.38750085588e-20
436310.625648 1.35526375655e-20
437691.198289 1.32302665722e-20
439071.770929 1.2907895579e-20
440452.34357 1.25855245857e-20
441832.91621 1.22822462094e-20
443213.488851 1.21218087606e-20
444594.061491 1.19613713118e-20
445974.634132 1.1800933863e-20
447355.206773 1.16404964142e-20
448735.779413 1.14800589653e-20
450116.352054 1.13196215165e-20
451496.924694 1.11591840677e-20
452877.497335 1.09987466189e-20
454258.069976 1.08383091701e-20
455638.642616 1.06778717212e-20
457019.215257 1.05174342724e-20
458399.787897 1.03569968236e-20
459780.360538 1.01965593748e-20
461160.933178 1.0036121926e-20
462541.505819 9.87568447715e-21
463922.07846 9.71524702833e-21
465302.6511 9.55480957951e-21
466683.223741 9.39437213069e-21
468063.796381 9.23393468187e-21
469444.369022 9.07349723305e-21
470824.941663 8.91305978423e-21
472205.514303 8.75262233541e-21
473586.086944 8.59218488659e-21
474966.659584 8.43174743777e-21
476347.232225 8.27130998895e-21
477727.804866 8.11087254013e-21
479108.377506 7.95043509131e-21
480488.950147 7.78999764249e-21
481869.522787 7.62956019367e-21
483250.095428 7.46912274485e-21
484630.668068 7.30868529603e-21
486011.240709 7.14824784721e-21
487391.81335 6.98781039839e-21
488772.38599 6.82737294958e-21
490152.958631 6.66693550076e-21
491533.531271 6.50649805194e-21
492914.103912 6.34606060312e-21
494294.676553 6.1856231543e-21
495675.249193 6.03231848311e-21
497055.821834 5.95887137747e-21
498436.394474 5.88542427182e-21
499816.967115 5.81197716617e-21
501197.539756 5.73853006053e-21
502578.112396 5.66508295488e-21
503958.685037 5.59163584923e-21
505339.257677 5.51818874358e-21
506719.830318 5.44474163794e-21
508100.402958 5.37129453229e-21
509480.975599 5.29784742664e-21
510861.54824 5.22440032099e-21
512242.12088 5.15095321535e-21
513622.693521 5.0775061097e-21
515003.266161 5.00405900405e-21
516383.838802 4.93061189841e-21
517764.411443 4.85716479276e-21
519144.984083 4.78371768711e-21
520525.556724 4.71027058146e-21
521906.129364 4.63682347582e-21
523286.702005 4.56337637017e-21
524667.274645 4.48992926452e-21
526047.847286 4.41648215887e-21
527428.419927 4.34303505323e-21
528808.992567 4.26958794758e-21
530189.565208 4.19614084193e-21
531570.137848 4.12269373628e-21
532950.710489 4.04924663064e-21
534331.28313 3.97579952499e-21
535711.85577 3.90235241934e-21
537092.428411 3.8289053137e-21
538473.001051 3.75545820805e-21
539853.573692 3.6820111024e-21
541234.146333 3.60856399675e-21
542614.718973 3.53511689111e-21
543995.291614 3.46166978546e-21
545375.864254 3.38822267981e-21
546756.436895 3.31477557416e-21
548137.009535 3.24132846852e-21
549517.582176 3.16788136287e-21
550898.154817 3.09443425722e-21
552278.727457 3.02098715157e-21
553659.300098 2.94754004593e-21
555039.872738 2.87409294028e-21
556420.445379 2.81299936712e-21
557801.01802 2.78320666449e-21
559181.59066 2.75341396186e-21
560562.163301 2.72362125923e-21
561942.735941 2.69382855659e-21
563323.308582 2.66403585396e-21
564703.881223 2.63424315133e-21
566084.453863 2.6044504487e-21
567465.026504 2.57465774607e-21
568845.599144 2.54486504344e-21
570226.171785 2.51507234081e-21
571606.744425 2.48527963817e-21
572987.317066 2.45548693554e-21
574367.889707 2.42569423291e-21
575748.462347 2.39590153028e-21
577129.034988 2.36610882765e-21
578509.607628 2.33631612502e-21
579890.180269 2.30652342238e-21
581270.75291 2.27673071975e-21
582651.32555 2.24693801712e-21
584031.898191 2.21714531449e-21
585412.470831 2.18735261186e-21
586793.043472 2.15755990923e-21
588173.616112 2.1277672066e-21
589554.188753 2.09797450396e-21
590934.761394 2.06818180133e-21
592315.334034 2.0383890987e-21
593695.906675 2.00859639607e-21
595076.479315 1.97880369344e-21
596457.051956 1.94901099081e-21
597837.624597 1.91921828818e-21
599218.197237 1.88942558554e-21
600598.769878 1.85963288291e-21
601979.342518 1.82984018028e-21
603359.915159 1.80004747765e-21
604740.4878 1.77025477502e-21
606121.06044 1.74046207239e-21
607501.633081 1.71066936975e-21
608882.205721 1.68087666712e-21
610262.778362 1.65108396449e-21
611643.351002 1.62129126186e-21
613023.923643 1.59149855923e-21
614404.496284 1.5617058566e-21
615785.068924 1.53191315397e-21
617165.641565 1.50212045133e-21
618546.214205 1.4723277487e-21
619926.786846 1.44253504607e-21
621307.359487 1.41274234344e-21
622687.932127 1.38294964081e-21
624068.504768 1.35586285123e-21
625449.077408 1.34544140521e-21
626829.650049 1.33501995919e-21
628210.222689 1.32459851317e-21
629590.79533 1.31417706715e-21
630971.367971 1.30375562112e-21
632351.940611 1.2933341751e-21
633732.513252 1.28291272908e-21
635113.085892 1.27249128306e-21
636493.658533 1.26206983704e-21
637874.231174 1.25164839102e-21
639254.803814 1.241226945e-21
640635.376455 1.23080549898e-21
642015.949095 1.22038405295e-21
643396.521736 1.20996260693e-21
644777.094377 1.19954116091e-21
646157.667017 1.18911971489e-21
647538.239658 1.17869826887e-21
648918.812298 1.16827682285e-21
650299.384939 1.15785537683e-21
651679.957579 1.14743393081e-21
653060.53022 1.13701248478e-21
654441.102861 1.12659103876e-21
655821.675501 1.11616959274e-21
657202.248142 1.10574814672e-21
658582.820782 1.0953267007e-21
659963.393423 1.08490525468e-21
661343.966064 1.07448380866e-21
662724.538704 1.06406236264e-21
664105.111345 1.05364091661e-21
665485.683985 1.04321947059e-21
666866.256626 1.03279802457e-21
668246.829267 1.02237657855e-21
669627.401907 1.01195513253e-21
671007.974548 1.00153368651e-21
672388.547188 9.91112240488e-22
673769.119829 9.80690794466e-22
675149.692469 9.70269348445e-22
676530.26511 9.59847902424e-22
677910.837751 9.49426456403e-22
679291.410391 9.39005010381e-22
680671.983032 9.2858356436e-22
682052.555672 9.18162118339e-22
683433.128313 9.07740672318e-22
684813.700954 8.97319226297e-22
686194.273594 8.86897780275e-22
687574.846235 8.76476334254e-22
688955.418875 8.66054888233e-22
690335.991516 8.55633442212e-22
691716.564156 8.4521199619e-22
693097.136797 8.34790550169e-22
694477.709438 8.24369104148e-22
695858.282078 8.13947658127e-22
697238.854719 8.03526212105e-22
698619.427359 7.93104766084e-22
700000.0 7.82683320063e-22
1380661.28395 1e-300
2723179.40144 1e-300
5371126.24118 1e-300
10593865.7892 1e-300
20895057.6321 1e-300
41212852.9981 1e-300
81287129.3367 1e-300
160328560.513 1e-300
316227766.017 1e-300
