10047.545726 3.40339785384e-17
10829.0135703 3.30300256064e-17
11610.4814145 3.2068316701e-17
12391.9492587 3.11623378861e-17
13173.417103 3.03122767816e-17
13954.8849472 2.94896421475e-17
14736.3527915 2.87266251576e-17
15517.8206357 2.79896613518e-17
16299.2884799 2.72910701893e-17
17080.7563242 2.66340713281e-17
17862.2241684 2.59770724669e-17
18643.6920126 2.53842598306e-17
19425.1598569 2.47918704612e-17
20206.6277011 2.42145210806e-17
20988.0955453 2.36959873673e-17
21769.5633896 2.3177453654e-17
22551.0312338 2.26635915364e-17
23332.4990781 2.22086830357e-17
24113.9669223 2.1753774535e-17
24895.4347665 2.12988660343e-17
25676.9026108 2.08695468183e-17
26458.370455 2.04602306582e-17
27239.8382992 2.00509144981e-17
28021.3061435 1.96415983379e-17
28802.7739877 1.92645333972e-17
29584.2418319 1.89071889349e-17
30365.7096762 1.85498444727e-17
31147.1775204 1.81925000104e-17
31928.6453647 1.78437225197e-17
32710.1132089 1.75294270933e-17
33491.5810531 1.72151316669e-17
34273.0488974 1.69008362406e-17
35054.5167416 1.65865408142e-17
35835.9845858 1.62810513688e-17
36617.4524301 1.60037642769e-17
37398.9202743 1.5726477185e-17
38180.3881185 1.54491900931e-17
38961.8559628 1.51719030011e-17
39743.323807 1.48946159092e-17
40524.7916513 1.46430151332e-17
41306.2594955 1.44039775634e-17
42087.7273397 1.41649399936e-17
42869.195184 1.39259024239e-17
43650.6630282 1.36868648541e-17
44432.1308724 1.34478272843e-17
45213.5987167 1.32237730973e-17
45995.0665609 1.30199125169e-17
46776.5344051 1.28160519364e-17
47558.0022494 1.2612191356e-17
48339.4700936 1.24083307755e-17
49120.9379379 1.22044701951e-17
49902.4057821 1.20006096146e-17
50683.8736263 1.18085697797e-17
51465.3414706 1.16329708801e-17
52246.8093148 1.14573719804e-17
53028.277159 1.12817730807e-17
53809.7450033 1.1106174181e-17
54591.2128475 1.09305752814e-17
55372.6806917 1.07549763817e-17
56154.148536 1.0579377482e-17
56935.6163802 1.0418708943e-17
57717.0842245 1.026998681e-17
58498.5520687 1.01212646771e-17
59280.0199129 9.97254254422e-18
60061.4877572 9.8238204113e-18
60842.9556014 9.67509827839e-18
61624.4234456 9.52637614547e-18
62405.8912899 9.37765401256e-18
63187.3591341 9.22893187965e-18
63968.8269783 9.09760074208e-18
64750.2948226 8.97259265684e-18
65531.7626668 8.84758457161e-18
66313.2305111 8.72257648637e-18
67094.6983553 8.59756840113e-18
67876.1661995 8.47256031589e-18
68657.6340438 8.34755223065e-18
69439.101888 8.22254414541e-18
70220.5697322 8.09753606017e-18
71002.0375765 7.97252797493e-18
71783.5054207 7.86376271102e-18
72564.973265 7.75821296994e-18
73346.4411092 7.65266322887e-18
74127.9089534 7.54711348779e-18
74909.3767977 7.44156374672e-18
75690.8446419 7.33601400565e-18
76472.3124861 7.23046426457e-18
77253.7803304 7.1249145235e-18
78035.2481746 7.01936478242e-18
78816.7160188 6.91381504135e-18
79598.1838631 6.80826530027e-18
80379.6517073 6.71630984228e-18
81161.1195516 6.62942534776e-18
81942.5873958 6.54254085324e-18
82724.05524 6.45565635872e-18
83505.5230843 6.36877186421e-18
84286.9909285 6.28188736969e-18
85068.4587727 6.19500287517e-18
85849.926617 6.10811838065e-18
86631.3944612 6.02123388614e-18
87412.8623054 5.93434939162e-18
88194.3301497 5.8474648971e-18
88975.7979939 5.76058040258e-18
89757.2658382 5.67804401888e-18
90538.7336824 5.60746268129e-18
91320.2015266 5.53688134371e-18
92101.6693709 5.46630000613e-18
92883.1372151 5.39571866854e-18
93664.6050593 5.32513733096e-18
94446.0729036 5.25455599337e-18
95227.5407478 5.18397465579e-18
96009.008592 5.1133933182e-18
96790.4764363 5.04281198062e-18
97571.9442805 4.97223064304e-18
98353.4121248 4.90164930545e-18
99134.879969 4.83106796787e-18
99916.3478132 4.76048663028e-18
100697.815657 4.69381142998e-18
101479.283502 4.63695802317e-18
102260.751346 4.58010461637e-18
103042.21919 4.52325120956e-18
103823.687034 4.46639780275e-18
104605.154879 4.40954439594e-18
105386.622723 4.35269098913e-18
106168.090567 4.29583758232e-18
106949.558411 4.23898417551e-18
107731.026256 4.18213076871e-18
108512.4941 4.1252773619e-18
109293.961944 4.06842395509e-18
110075.429788 4.01157054828e-18
110856.897633 3.95471714147e-18
111638.365477 3.89786373466e-18
112419.833321 3.84101032785e-18
113201.301165 3.79129218452e-18
113982.769009 3.74640481085e-18
114764.236854 3.70151743717e-18
115545.704698 3.6566300635e-18
116327.172542 3.61174268983e-18
117108.640386 3.56685531616e-18
117890.108231 3.52196794249e-18
118671.576075 3.47708056882e-18
119453.043919 3.43219319514e-18
120234.511763 3.38730582147e-18
121015.979608 3.3424184478e-18
121797.447452 3.29753107413e-18
122578.915296 3.25264370046e-18
123360.38314 3.20775632679e-18
124141.850985 3.16286895311e-18
124923.318829 3.11798157944e-18
125704.786673 3.07309420577e-18
126486.254517 3.0282068321e-18
127267.722361 2.99357784154e-18
128049.190206 2.95901293999e-18
128830.65805 2.92444803844e-18
129612.125894 2.88988313688e-18
130393.593738 2.85531823533e-18
131175.061583 2.82075333377e-18
131956.529427 2.78618843222e-18
132737.997271 2.75162353067e-18
133519.465115 2.71705862911e-18
134300.93296 2.68249372756e-18
135082.400804 2.647928826e-18
135863.868648 2.61336392445e-18
136645.336492 2.5787990229e-18
137426.804337 2.54423412134e-18
138208.272181 2.50966921979e-18
138989.740025 2.47510431823e-18
139771.207869 2.44053941668e-18
140552.675714 2.40597451513e-18
141334.143558 2.37140961357e-18
142115.611402 2.3388491995e-18
142897.079246 2.31251765151e-18
143678.54709 2.28618610351e-18
144460.014935 2.25985455551e-18
145241.482779 2.23352300752e-18
146022.950623 2.20719145952e-18
146804.418467 2.18085991152e-18
147585.886312 2.15452836352e-18
148367.354156 2.12819681553e-18
149148.822 2.10186526753e-18
149930.289844 2.07553371953e-18
150711.757689 2.04920217154e-18
151493.225533 2.02287062354e-18
152274.693377 1.99653907554e-18
153056.161221 1.97020752754e-18
153837.629066 1.94387597955e-18
154619.09691 1.91754443155e-18
155400.564754 1.89121288355e-18
156182.032598 1.86488133556e-18
156963.500442 1.83854978756e-18
157744.968287 1.81221823956e-18
158526.436131 1.78588669156e-18
159307.903975 1.76012573017e-18
160089.371819 1.74065033529e-18
160870.839664 1.72117494041e-18
161652.307508 1.70169954553e-18
162433.775352 1.68222415065e-18
163215.243196 1.66274875576e-18
163996.711041 1.64327336088e-18
164778.178885 1.623797966e-18
165559.646729 1.60432257112e-18
166341.114573 1.58484717623e-18
167122.582418 1.56537178135e-18
167904.050262 1.54589638647e-18
168685.518106 1.52642099159e-18
169466.98595 1.5069455967e-18
170248.453794 1.48747020182e-18
171029.921639 1.46799480694e-18
171811.389483 1.44851941206e-18
172592.857327 1.42904401717e-18
173374.325171 1.40956862229e-18
174155.793016 1.39009322741e-18
174937.26086 1.37061783253e-18
175718.728704 1.35114243765e-18
176500.196548 1.33166704276e-18
177281.664393 1.31219164788e-18
178063.132237 1.292716253e-18
178844.600081 1.27447201706e-18
179626.067925 1.26061763773e-18
180407.53577 1.2467632584e-18
181189.003614 1.23290887908e-18
181970.471458 1.21905449975e-18
182751.939302 1.20520012042e-18
183533.407147 1.19134574109e-18
184314.874991 1.17749136177e-18
185096.342835 1.16363698244e-18
185877.810679 1.14978260311e-18
186659.278523 1.13592822378e-18
187440.746368 1.12207384446e-18
188222.214212 1.10821946513e-18
189003.682056 1.0943650858e-18
189785.1499 1.08051070647e-18
190566.617745 1.06665632714e-18
191348.085589 1.05280194782e-18
192129.553433 1.03894756849e-18
192911.021277 1.02509318916e-18
193692.489122 1.01123880983e-18
194473.956966 9.97384430506e-19
195255.42481 9.83530051178e-19
196036.892654 9.6967567185e-19
196818.360499 9.55821292523e-19
197599.828343 9.41966913195e-19
198381.296187 9.28112533867e-19
199162.764031 9.14258154539e-19
199944.231875 9.00403775212e-19
200725.69972 8.87904880065e-19
201507.167564 8.78273949003e-19
202288.635408 8.6864301794e-19
203070.103252 8.59012086878e-19
203851.571097 8.49381155816e-19
204633.038941 8.39750224753e-19
205414.506785 8.30119293691e-19
206195.974629 8.20488362629e-19
206977.442474 8.10857431566e-19
207758.910318 8.01226500504e-19
208540.378162 7.91595569442e-19
209321.846006 7.81964638379e-19
210103.313851 7.72333707317e-19
210884.781695 7.62702776255e-19
211666.249539 7.53071845192e-19
212447.717383 7.4344091413e-19
213229.185228 7.33809983068e-19
214010.653072 7.24179052005e-19
214792.120916 7.14548120943e-19
215573.58876 7.04917189881e-19
216355.056604 6.95286258818e-19
217136.524449 6.85655327756e-19
217917.992293 6.76024396694e-19
218699.460137 6.66393465631e-19
219480.927981 6.56762534569e-19
220262.395826 6.47131603507e-19
221043.86367 6.37500672444e-19
221825.331514 6.27869741382e-19
222606.799358 6.1823881032e-19
223388.267203 6.08607879257e-19
224169.735047 5.98976948195e-19
224951.202891 5.89409054104e-19
225732.670735 5.83135445167e-19
226514.13858 5.76861836229e-19
227295.606424 5.70588227292e-19
228077.074268 5.64314618355e-19
228858.542112 5.58041009417e-19
229640.009956 5.5176740048e-19
230421.477801 5.45493791543e-19
231202.945645 5.39220182605e-19
231984.413489 5.32946573668e-19
232765.881333 5.26672964731e-19
233547.349178 5.20399355794e-19
234328.817022 5.14125746856e-19
235110.284866 5.07852137919e-19
235891.75271 5.01578528982e-19
236673.220555 4.95304920044e-19
237454.688399 4.89031311107e-19
238236.156243 4.8275770217e-19
239017.624087 4.76484093232e-19
239799.091932 4.70210484295e-19
240580.559776 4.63936875358e-19
241362.02762 4.5766326642e-19
242143.495464 4.51389657483e-19
242924.963308 4.45116048546e-19
243706.431153 4.38842439608e-19
244487.898997 4.32568830671e-19
245269.366841 4.26295221734e-19
246050.834685 4.20021612797e-19
246832.30253 4.13748003859e-19
247613.770374 4.07474394922e-19
248395.238218 4.01200785985e-19
249176.706062 3.94927177047e-19
249958.173907 3.8865356811e-19
250739.641751 3.82379959173e-19
251521.109595 3.76106350235e-19
252302.577439 3.69832741298e-19
253084.045284 3.6575960514e-19
253865.513128 3.61938685326e-19
254646.980972 3.58117765513e-19
255428.448816 3.54296845699e-19
256209.916661 3.50475925886e-19
256991.384505 3.46655006072e-19
257772.852349 3.42834086259e-19
258554.320193 3.39013166445e-19
259335.788037 3.35192246632e-19
260117.255882 3.31371326818e-19
260898.723726 3.27550407005e-19
261680.19157 3.23729487191e-19
262461.659414 3.19908567378e-19
263243.127259 3.16087647564e-19
264024.595103 3.12266727751e-19
264806.062947 3.08445807937e-19
265587.530791 3.04624888123e-19
266368.998636 3.0080396831e-19
267150.46648 2.96983048496e-19
267931.934324 2.93162128683e-19
268713.402168 2.89341208869e-19
269494.870013 2.85520289056e-19
270276.337857 2.81699369242e-19
271057.805701 2.77878449429e-19
271839.273545 2.74057529615e-19
272620.741389 2.70236609802e-19
273402.209234 2.66415689988e-19
274183.677078 2.62594770175e-19
274965.144922 2.58773850361e-19
275746.612766 2.54952930548e-19
276528.080611 2.51132010734e-19
277309.548455 2.47311090921e-19
278091.016299 2.43490171107e-19
278872.484143 2.39669251294e-19
279653.951988 2.3584833148e-19
280435.419832 2.32027411667e-19
281216.887676 2.28206491853e-19
281998.35552 2.2438557204e-19
282779.823365 2.20564652226e-19
283561.291209 2.17564373191e-19
284342.759053 2.15417975915e-19
285124.226897 2.13271578638e-19
285905.694741 2.11125181362e-19
286687.162586 2.08978784086e-19
287468.63043 2.0683238681e-19
288250.098274 2.04685989534e-19
289031.566118 2.02539592257e-19
289813.033963 2.00393194981e-19
290594.501807 1.98246797705e-19
291375.969651 1.96100400429e-19
292157.437495 1.93954003153e-19
292938.90534 1.91807605876e-19
293720.373184 1.896612086e-19
294501.841028 1.87514811324e-19
295283.308872 1.85368414048e-19
296064.776717 1.83222016772e-19
296846.244561 1.81075619495e-19
297627.712405 1.78929222219e-19
298409.180249 1.76782824943e-19
299190.648094 1.74636427667e-19
299972.115938 1.72490030391e-19
300753.583782 1.70343633114e-19
301535.051626 1.68197235838e-19
302316.51947 1.66050838562e-19
303097.987315 1.63904441286e-19
303879.455159 1.6175804401e-19
304660.923003 1.59611646733e-19
305442.390847 1.57465249457e-19
306223.858692 1.55318852181e-19
307005.326536 1.53172454905e-19
307786.79438 1.51026057629e-19
308568.262224 1.48879660352e-19
309349.730069 1.46733263076e-19
310131.197913 1.445868658e-19
310912.665757 1.42440468524e-19
311694.133601 1.40294071248e-19
312475.601446 1.38147673971e-19
313257.06929 1.36001276695e-19
314038.537134 1.33854879419e-19
314820.004978 1.31708482143e-19
315601.472822 1.29562084867e-19
316382.940667 1.2741568759e-19
317164.408511 1.25269290314e-19
317945.876355 1.2342230907e-19
318727.344199 1.22366327085e-19
319508.812044 1.21310345099e-19
320290.279888 1.20254363113e-19
321071.747732 1.19198381128e-19
321853.215576 1.18142399142e-19
322634.683421 1.17086417156e-19
323416.151265 1.16030435171e-19
324197.619109 1.14974453185e-19
324979.086953 1.13918471199e-19
325760.554798 1.12862489213e-19
326542.022642 1.11806507228e-19
327323.490486 1.10750525242e-19
328104.95833 1.09694543256e-19
328886.426174 1.08638561271e-19
329667.894019 1.07582579285e-19
330449.361863 1.06526597299e-19
331230.829707 1.05470615314e-19
332012.297551 1.04414633328e-19
332793.765396 1.03358651342e-19
333575.23324 1.02302669357e-19
334356.701084 1.01246687371e-19
335138.168928 1.00190705385e-19
335919.636773 9.91347233995e-20
336701.104617 9.80787414138e-20
337482.572461 9.70227594281e-20
338264.040305 9.59667774424e-20
339045.50815 9.49107954567e-20
339826.975994 9.3854813471e-20
340608.443838 9.27988314853e-20
341389.911682 9.17428494997e-20
342171.379527 9.0686867514e-20
342952.847371 8.96308855283e-20
343734.315215 8.85749035426e-20
344515.783059 8.75189215569e-20
345297.250903 8.64629395712e-20
346078.718748 8.54069575855e-20
346860.186592 8.43509755998e-20
347641.654436 8.32949936141e-20
348423.12228 8.22390116284e-20
349204.590125 8.11830296427e-20
349986.057969 8.0127047657e-20
350767.525813 7.90710656714e-20
351548.993657 7.80150836857e-20
352330.461502 7.69591017e-20
353111.929346 7.59031197143e-20
353893.39719 7.48471377286e-20
354674.865034 7.37911557429e-20
355456.332879 7.27351737572e-20
356237.800723 7.16791917715e-20
357019.268567 7.10421861498e-20
357800.736411 7.06171942876e-20
358582.204255 7.01922024254e-20
359363.6721 6.97672105632e-20
360145.139944 6.9342218701e-20
360926.607788 6.89172268388e-20
361708.075632 6.84922349766e-20
362489.543477 6.80672431144e-20
363271.011321 6.76422512522e-20
364052.479165 6.721725939e-20
364833.947009 6.67922675278e-20
365615.414854 6.63672756656e-20
366396.882698 6.59422838034e-20
367178.350542 6.55172919412e-20
367959.818386 6.5092300079e-20
368741.286231 6.46673082168e-20
369522.754075 6.42423163546e-20
370304.221919 6.38173244924e-20
371085.689763 6.33923326302e-20
371867.157607 6.2967340768e-20
372648.625452 6.25423489058e-20
373430.093296 6.21173570436e-20
374211.56114 6.16923651814e-20
374993.028984 6.12673733192e-20
375774.496829 6.0842381457e-20
376555.964673 6.04173895948e-20
377337.432517 5.99923977326e-20
378118.900361 5.95674058704e-20
378900.368206 5.91424140082e-20
379681.83605 5.8717422146e-20
380463.303894 5.82924302838e-20
381244.771738 5.78674384216e-20
382026.239583 5.74424465594e-20
382807.707427 5.70174546972e-20
383589.175271 5.6592462835e-20
384370.643115 5.61674709728e-20
385152.11096 5.57424791106e-20
385933.578804 5.53174872484e-20
386715.046648 5.48924953862e-20
387496.514492 5.4467503524e-20
388277.982336 5.40425116618e-20
389059.450181 5.36175197996e-20
389840.918025 5.31925279374e-20
390622.385869 5.27675360752e-20
391403.853713 5.2342544213e-20
392185.321558 5.19175523508e-20
392966.789402 5.14925604886e-20
393748.257246 5.10675686264e-20
394529.72509 5.06425767642e-20
395311.192935 5.0217584902e-20
396092.660779 4.97925930399e-20
396874.128623 4.93676011777e-20
397655.596467 4.89426093155e-20
398437.064312 4.85176174533e-20
399218.532156 4.80926255911e-20
400000.0 4.76676337289e-20
839563.067444 1e-300
1762165.36054 1e-300
3698622.38859 1e-300
7763066.89471 1e-300
16293960.6372 1e-300
34199518.9335 1e-300
71781632.5524 1e-300
150663019.029 1e-300
316227766.017 1e-300
