407.083
391.151
480.276
519.754
464.547
553.599
478.117
382.152
415.885
523.072
465.712
439.694
414.279
527.005
450.584
528.452
450.762
516.314
454.421
457.961
483.567
434.956
447.232
456.771
506.173
486.752
442.488
440.863
568.813
438.983
556.326
500.943
406.022
504.818
464.886
499.073
447.79
488.086
539.345
481.659
519.908
544.595
499.204
518.198
510.194
449.175
372.748
486.508
557.34
511.31
399.862
478.652
519.164
490.499
444.045
514.379
487.317
524.728
433.52
391.68
451.327
477.921
410.09
466.241
507.335
394.254
476.354
463.39
450.31
515.001
449.277
500.964
505.713
465.056
408.528
464.711
441.585
493.701
472.544
451.317
500.428
452.982
496.15
445.768
427.299
456.147
400.236
483.804
538.598
448.424
425.836
444.627
365.235
531.856
402.125
401.994
419.098
406.342
559.145
540.952
