1129.82
1058.22
1041.8
1042.85
1038.03
753.557
1155.71
1219.77
1145.59
953.44
1092.41
1002.49
1183.85
892.813
1035.27
911.517
969.185
1114.96
1052.91
1162.22
1281.06
1284.79
1075.65
760.607
845.623
1314.9
1124.93
1134.62
919.554
1162.1
937.331
1019.31
1109.72
1203.08
1447.8
1140.18
1269.12
1156.23
1055.84
1091.26
1071.58
959.851
922.871
1036.03
1217.38
1117.65
1289.44
1033.1
1102.91
1020.25
1045.5
1070.96
1000.26
957.167
1223.55
878.984
1037.24
1053.82
1133.43
1028.44
1299.74
1083
1131.3
896.78
917.613
1211.49
926.066
921.465
1057.73
873.397
1111.17
849.187
1272.06
917.716
1102.05
1158.28
1319.89
1278.49
1052.57
1093.28
1009.52
967.416
991.531
1086.86
1384.87
1015.19
1182.9
888.111
1243.29
963.478
1423.87
1182.46
986.893
731.069
1127.1
1081.23
1205.15
1195.02
949.81
934.363
