1440.01
1422.79
1154.55
508.291
723.076
1132.02
1283.5
567.85
1182.59
705.538
1531.06
1094.1
1344.27
1037.7
678.709
480.445
1233.26
606.097
920.197
867.405
1437.57
825.118
1135.51
1215.84
1190.18
942.058
990.472
1241.05
947.139
1274.08
1326.79
1155.09
1157.61
1257.56
1638.97
1010.68
1159.43
1066.88
1209.87
1136.7
1537.92
1516.49
621.867
1112.65
1174.44
981.693
1262.58
1183.78
1070.68
692.17
1046.49
1051.05
1143.04
1171.33
1127.39
902.93
917.923
782.289
1516.85
1374.82
777.545
599.718
1088.98
1040.7
1127.58
972.666
1125.68
1233.4
1462.88
1209.89
701.583
886.926
591.449
924.955
1291.91
1507.42
1230.42
1103.62
505.025
871.756
1160.6
1057.82
925.353
920.875
512.18
778.588
1110.05
1058.98
1361.19
1063
1250.37
1354.38
1393.05
1083.9
986.131
1060.58
1143.68
1049.83
937.837
1494.29
