518.257
495.824
611.095
780.553
728.591
624.671
583.891
707.318
598.033
742.518
533.982
618.031
568.656
652.217
704.021
824.561
575.055
740.927
667.645
681.523
540.55
645.93
604.386
564.964
611.523
664.055
642.149
575.746
693.76
588.389
590.573
627.009
592.868
599.002
479.485
629.275
574.512
607.048
625.165
559.922
504.814
532.662
720.498
620.267
618.132
630.639
563.555
610.738
670.991
701.237
594.727
621.394
638.047
584.375
585.453
679.008
653.052
689.543
479.594
534.628
682.803
778.114
591.507
634.771
622.49
639.403
619.793
568.518
486.805
555.085
712.795
706.164
748.461
666.605
559.138
505.887
554.154
607.427
744.257
686.264
584.831
612.331
675.428
653.941
739.79
666.852
602.972
627.37
574.173
631.299
574.729
555.558
531.341
647.691
625.815
595.831
597.314
630.156
657.439
511.212
