450.489
471.355
413.758
355.388
397.809
207.64
456.819
537.055
506.193
291.058
389.637
396.684
527.788
276.96
399.487
314.56
378.972
414.369
406.939
465.685
515.618
485.291
405.678
255.934
269.475
503.656
437.093
466.348
271.202
447.567
258.466
347.173
439.26
429.244
595.374
423.186
530.18
416.349
330.349
403.16
393.797
269.645
299.87
334.858
432.167
441.153
604.559
424.927
360.828
317.708
437.645
386.38
360.541
314.743
516.991
303.476
385.653
363.201
436.003
398.232
529.717
426.08
496.127
327.714
309.854
505.389
359.874
334.233
372.146
220.829
463.371
282.322
436.795
329.815
474.692
425.527
549.429
517.331
409.164
413.429
347.798
360.124
375.345
427.942
610.962
405.243
540.528
312.114
444.966
347.555
603.368
440.343
439.799
155.097
439.507
447.295
515.623
519.628
273.682
259.599
