371.411
355.91
431.137
473.952
426.935
486.632
442.495
356.026
380.353
470.976
414.6
394.757
392.474
473.584
414.991
487.081
408.358
470.236
413.605
423.914
435.996
391.358
404.913
400.051
454.031
449.033
402.313
397.041
503.811
390.499
487.694
447.957
363.201
454.927
414.463
446.107
411.934
438.754
485.867
424.337
459.89
477.276
445.268
454.866
462.466
407.344
350.093
439.831
503.42
449.852
359.138
425.235
468.918
425.041
402.05
458.614
444.658
465.519
378.354
356.323
412.879
441.933
374.236
432.177
452.168
364.254
435.957
411.79
391.279
443.087
416.167
454.712
458.469
425.941
379.369
412.978
398.776
453.008
424.413
406.114
439.191
409.529
453.929
414.144
406.198
417.808
373.57
434.054
483.74
413.129
397.78
397.799
335.961
457.245
364.165
358.73
382.913
389.117
487.235
457.323
