341.959
326.923
398.624
441.39
398.036
445.096
412.468
333.644
351.553
436.666
379.082
363.581
370.193
437.758
386.603
458.022
378.297
435.749
385.16
396.826
398.346
355.772
375.891
363.233
418.893
413.276
370.218
364.282
462.672
360.073
444.283
412.362
331.132
421.572
375.72
408.738
379.199
401.507
450.146
383.213
417.242
434.567
411.487
414.828
427.099
376.561
326.367
404.664
465.271
412.907
328.807
388.94
434.03
384.311
369.324
423.09
409.932
423.57
340.575
332.981
383.419
411.734
344.393
404.632
415.879
341.568
404.782
376.032
352.043
398.123
390.473
426.11
422.37
396.421
353.785
377.925
365.351
417.929
391.186
375.492
400.642
379.325
423.389
385.563
379.646
386.48
348.911
399.385
442.104
387.745
366.591
365.989
311.448
418.056
336.911
327.995
352.562
367.99
442.036
408.841
