1005.46
967.086
1138.66
1409.42
1337.42
1149.26
1090.35
1360.98
1135.35
1380.67
1018.51
1177.75
1070.02
1197.04
1286.69
1474.29
1093.37
1353.95
1240.97
1259.94
1021.62
1234.84
1137.33
1081.74
1138.62
1241.86
1226.93
1119.93
1300.47
1143
1108.84
1136.73
1162.36
1133.95
923.28
1172.29
1072.45
1148.93
1143.69
1080.16
950.846
992.668
1337.42
1150.3
1184.58
1170.84
1092.85
1157.5
1244.71
1290.19
1127.88
1191.3
1174.99
1071.98
1087.45
1251.36
1208.41
1276.92
959.754
1037.34
1275.78
1437
1156.44
1176.79
1168.84
1207.66
1152.86
1041.42
930.264
1025.86
1303.64
1300.35
1358.82
1239.47
1112.52
964.737
1051.48
1130.92
1369.96
1305.93
1108.87
1174.18
1215.28
1191.96
1387.83
1271.67
1122.14
1140.68
1093.36
1178.69
1123.23
1068.15
1036.23
1240.4
1216.89
1173.71
1131.06
1181.48
1223.28
1003.6
