386.604
365.206
461.943
502.341
443.235
540.978
451.738
358.422
393.115
508.075
449.029
420.671
383.382
509.878
427.01
505.791
430.26
494.67
435.228
432.464
459.229
417.709
427.932
445.474
491.035
462.483
419.86
423.076
560.915
426.383
547.3
481.972
390.405
486.678
443.211
482.86
420.61
472.895
525.404
467.469
501.472
534.884
485.516
506.774
489.033
425.96
340.769
464.963
539.637
499.69
382.66
464.909
500.269
482.091
420.889
498.94
467.489
510.651
421.142
369.712
429.712
454.98
388.442
444.509
492.419
368.737
449.977
446.859
437.848
512.73
425.098
481.427
487.623
446.226
380.429
449.226
416.208
465.15
453.782
433.666
487.353
436.459
474.767
422.016
395.173
433.943
370.725
467.146
516.867
428.232
395.365
428.718
343.576
530.721
383.173
383.863
395.432
373.901
550.352
540.391
