112.056
98.2327
174.422
223.747
191.039
168.305
168.528
176.555
139.247
205.919
125.345
146.028
151.787
187.712
181.153
251.115
144.462
213.636
174.679
184.995
129.256
149.664
153.594
125.328
170.165
176.652
153.379
139.961
212.678
146.9
161.779
158.77
120.718
173.305
106.276
170.981
143.34
170.731
189.352
138.332
127.121
149.044
201.07
156.82
176.004
156.088
116.423
158.399
208.625
189.98
123.99
164.152
180.944
138.315
137.547
185.64
174.548
172.927
86.6779
120.496
186.591
216.555
136.641
180.324
165.378
148.388
161.756
128.346
94.9483
135.147
187.01
199.703
202.363
182.454
134.702
125.061
132.413
165.277
198.648
171.758
151.385
166.232
192.803
170.374
198.965
180.539
142.371
164.851
165.232
173.259
133.925
132.706
107.038
175.306
144.934
124.638
135.375
172.983
177.958
124.618
