134.899
121.37
195.185
256.125
222.054
192.553
187.533
216.367
166.177
241.637
143.214
176.185
171.883
213.348
214.847
284.53
166.205
246.344
202.893
214.294
148.906
181.758
181.593
150.366
192.407
206.18
184.919
165.138
236.226
168.962
180.128
183.516
151.631
194.625
121.18
194.228
168.72
195.774
209.708
164.107
144.203
165.27
234.42
181.684
198.491
184.741
146.376
182.974
232.09
220.801
154.105
189.931
203.87
160.608
165.272
214.767
204.052
206.781
108.757
145.584
215.722
252.516
164.245
204.807
188.385
180.878
187.122
150.829
115.83
155.476
221.148
228.414
234.433
211.053
161.987
141.237
155.766
190.616
233.58
206.642
173.626
192.318
216.006
198.971
235.639
213.305
168.551
188.243
184.344
197.899
160.287
155.167
132.516
201.951
177.229
155.962
161.904
200.781
205.269
141.321
