196.425
180.149
258.4
351.773
315.048
262.511
247.223
307.319
234.346
330.739
202.749
249.139
235.309
284.113
301.87
377.096
234.951
332.244
283.243
294.067
208.672
267.997
249.859
218.232
260.393
285.195
261.552
231.124
311.663
237.171
246.281
254.586
228.48
258.354
171.8
265.874
234.013
262.13
272.643
225.442
194.667
214.134
322.534
254.271
267.625
259.363
214.434
252.184
300.02
308.266
230.198
261.771
274.883
227.338
233.909
294.156
282.514
295.159
169.086
209.063
296.118
341.717
238.847
276.514
260.826
258.862
258.332
217.593
172.737
217.408
308.522
312.309
325.01
286.886
227.448
195.843
219.08
258.683
325.496
289.22
241.785
263.413
290.641
276.167
329.819
294.916
239.696
256.915
240.133
273.409
227.75
218.87
192.696
275.988
254.256
233.631
233.398
268.933
279.874
198.017
