639.893
638.299
598.245
550.854
579.43
366.158
651.043
727.53
693.893
470.836
579.998
571.559
718.376
450.357
578.983
487.168
543.052
615.375
590.303
662.134
732.747
700.344
591.681
399.134
435.318
728.863
624.97
657.277
462.401
652.26
449.946
537.341
627.227
646.774
840.164
625.877
741.223
624.613
535.01
598.739
589.82
461.795
475.996
531.878
648.572
631.145
797.683
603.655
572.024
514.487
610.872
581.166
547.12
496.275
719.75
472.969
570.926
562.694
629.361
567.863
748.469
610.503
680.319
486.133
484.358
697.705
520.93
496.512
561.08
399.947
649.082
443.12
661.957
492.364
648.047
633.071
766.021
734.647
596.059
605.404
534.659
528.455
552.466
609.814
830.658
580.533
724.527
476.067
670.011
516.78
824.647
646.531
592.928
318.449
627.629
626.258
714.188
707.543
464.921
452.688
