297.316
278.917
361.616
491.269
446.776
379.414
351.316
434.8
345.445
464.885
303.364
364.031
334.991
400.592
431.071
515.981
343.274
464.092
405.123
414.887
313.396
393.032
359.516
327.931
371.003
407.905
381.202
338.714
432.725
342.855
357.877
371.039
343.006
366.302
266.472
382.262
343.089
371.265
383.01
333.436
294.694
311.815
453.143
371.659
380.069
376.523
323.743
365.162
416.144
437.077
344.564
373.879
389.31
336.439
344.926
416.323
404.775
427.725
270.621
309.47
418.238
475.1
350.828
390.099
376.358
376.377
374.062
327.938
272.03
324.106
436.637
438.917
460.441
405.127
331.863
291.934
323.425
373.849
457.683
413.169
353.642
372.625
409.126
394.48
464.843
417.079
350.323
369.982
345.777
386.605
338.027
321.781
292.832
391.304
369.616
348.822
347.126
377.461
402.833
298.528
