1413.99
1303.66
1292.92
1334.31
1311.85
998.936
1453.72
1503.09
1398.64
1246.39
1411.31
1252.86
1439.72
1165.06
1309.35
1166.43
1225.37
1409.88
1324.79
1461.16
1597.36
1642.68
1359.4
982.021
1089.33
1658.47
1430.1
1413.18
1182.26
1447.81
1234.23
1301.12
1394
1528.07
1788.06
1431.66
1572.68
1471.93
1364.93
1376.36
1358.49
1264.46
1194.26
1333.71
1550.91
1416.74
1569.1
1275.69
1417.28
1310.71
1298.83
1360.95
1254.83
1236.79
1503.06
1113.23
1303.61
1333.74
1429.46
1318.48
1614.57
1356.59
1384.97
1144.11
1183.57
1521.96
1169.5
1179.69
1363.27
1178.25
1380.45
1096.39
1655.62
1179.52
1372.61
1468.08
1631.48
1590.46
1310.85
1375.49
1272.55
1225.53
1240.92
1375.16
1700.18
1265.61
1447.98
1137.81
1588.89
1245.36
1786.87
1497.58
1203.59
986.645
1418.72
1348.16
1491.82
1478.76
1235.73
1233.95
