0.2 0.16 6.67877047424e-19 1.48066560485e-13 2.99273906864e-14 0.1 0.2
0.3 0.24 5.21900174922e-20 8.86098381719e-14 1.85355954375e-14 0.1 0.3
0.5 0.4 6.9113229401e-21 1.10290015451e-13 2.42213758843e-14 0.1 0.5
0.6 0.48 3.84245817264e-21 1.24064616088e-13 2.78641414949e-14 0.1 0.6
0.8 0.64 1.61796374035e-21 1.48339729937e-13 3.46995568021e-14 0.1 0.8
1.0 0.8 8.50213171683e-22 1.64641373871e-13 3.99778994481e-14 0.1 1.0
2.0 1.6 1.40825887881e-22 1.90863579943e-13 5.37705876225e-14 0.1 2.0
3.0 2.4 4.46555771206e-23 1.61999798967e-13 5.09719952727e-14 0.1 3.0
5.0 4.0 1.08688099722e-23 1.15876980011e-13 4.28504903662e-14 0.1 5.0
6.0 4.8 6.89096167842e-24 1.03266352581e-13 4.06789466429e-14 0.1 6.0
8.0 6.4 3.35385034238e-24 8.75338041167e-14 3.82784132038e-14 0.1 8.0
10.0 8.0 1.70059393364e-204 7.6589603917e-14 3.72824258349e-14 0.1 10.0
20.0 16.0 3.40233787132e-298 1.6987317517e-13 4.47149063416e-13 0.1 20.0
30.0 24.0 6.22810674024e-300 6.77108804044e-14 4.14514045024e-14 0.1 30.0
50.0 40.0 2.59942904381e-25 1.31123227829e-13 1.27381395281e-13 0.1 50.0
100.0 80.0 1.26294313768e-25 1.79216050486e-13 2.4478405406e-13 0.1 100.0
