0.2 0.16 3.14271436295e-16 3.76699054091e-11 8.50418903998e-12 0.1 0.2
0.3 0.24 2.80239629868e-18 8.89817541051e-13 2.46473882123e-13 0.1 0.3
0.5 0.4 1.04462315677e-19 9.04981835051e-14 3.28503373376e-14 0.1 0.5
0.6 0.48 3.78204916802e-21 1.10910167226e-13 2.43773854629e-14 0.1 0.6
0.8 0.64 4.40972535151e-20 8.52040187428e-14 4.0364783699e-14 0.1 0.8
1.0 0.8 1.46791428972e-20 4.03546401844e-14 2.18422222121e-14 0.1 1.0
2.0 1.6 4.60671991435e-21 3.54675004222e-14 2.97649667333e-14 0.1 2.0
3.0 2.4 7.28529892321e-21 9.85859336744e-14 1.08503555066e-13 0.1 3.0
5.0 4.0 3.50115191549e-21 9.33300800833e-14 1.47260585113e-13 0.1 5.0
6.0 4.8 5.0345177964e-21 1.70745962026e-13 3.07464286017e-13 0.1 6.0
8.0 6.4 3.52198462374e-21 1.72575924817e-13 3.83462284041e-13 0.1 8.0
10.0 8.0 2.61491072386e-21 1.69497065426e-13 4.46324045859e-13 0.1 10.0
20.0 16.0 6.99676454632e-22 1.04168891029e-13 4.78810577026e-13 0.1 20.0
30.0 24.0 3.1627243736e-22 7.53055819325e-14 4.86468356496e-13 0.1 30.0
50.0 40.0 7.14566324018e-23 3.01274298243e-14 3.02901280678e-13 0.1 50.0
100.0 80.0 9.43795744045e-24 8.48103979973e-15 1.5616049162e-13 0.1 100.0
