0.2 0.16 3.15179106709e-16 3.76746722298e-11 8.50477243605e-12 0.1 0.2
0.3 0.24 2.80072006945e-18 8.87079784471e-13 2.45686159694e-13 0.1 0.3
0.5 0.4 1.04946233479e-19 9.07208431428e-14 3.29232305423e-14 0.1 0.5
0.6 0.48 7.92433887893e-20 9.44420099988e-14 3.79292182008e-14 0.1 0.6
0.8 0.64 4.42979658763e-20 8.54298849195e-14 4.04568811183e-14 0.1 0.8
1.0 0.8 1.47455684561e-20 4.04646858508e-14 2.18926352774e-14 0.1 1.0
2.0 1.6 4.62466976316e-21 3.55508769988e-14 2.98182598516e-14 0.1 2.0
3.0 2.4 7.27569472118e-21 9.8313955042e-14 1.08137098759e-13 0.1 3.0
5.0 4.0 3.50701200708e-21 9.33647695621e-14 1.47206870594e-13 0.1 5.0
6.0 4.8 5.03165954207e-21 1.70437781118e-13 3.06661665239e-13 0.1 6.0
8.0 6.4 7.6113381517e-65 7.6589603917e-14 3.72824258349e-14 0.1 8.0
10.0 8.0 2.62400815284e-21 1.69861998986e-13 4.46969893251e-13 0.1 10.0
20.0 16.0 6.22810674024e-300 6.77108804044e-14 4.14514045024e-14 0.1 20.0
30.0 24.0 2.77970149555e-188 7.31392974133e-14 6.46595905241e-14 0.1 30.0
50.0 40.0 7.13516831034e-23 3.00544379165e-14 3.01863964397e-13 0.1 50.0
100.0 80.0 9.42414515206e-24 8.46067391056e-15 1.5563604686e-13 0.1 100.0
