0.2 0.16 8.19418994907e-19 9.94135460105e-14 2.23840745805e-14 0.1 0.2
0.3 0.24 2.90614009196e-19 9.31433640989e-14 2.57143199828e-14 0.1 0.3
0.5 0.4 1.05996697291e-19 9.32755800099e-14 3.34693412293e-14 0.1 0.5
0.6 0.48 7.58079184903e-20 9.24906917877e-14 3.65369637037e-14 0.1 0.6
0.8 0.64 4.50078186138e-20 8.93430181602e-14 4.12674599519e-14 0.1 0.8
1.0 0.8 2.62821215743e-20 7.12595030841e-14 3.79918979854e-14 0.1 1.0
2.0 1.6 1.13708247841e-20 1.00217345814e-13 7.57722076665e-14 0.1 2.0
3.0 2.4 7.87203946967e-21 1.61133213208e-13 1.37270506411e-13 0.1 3.0
5.0 4.0 1.94073408223e-51 2.26111909001e-31 4.07555085342e-32 0.1 5.0
0.2 0.16 0.0 0.0 0.0 0.1 0.2
