0.2 0.16 1.96292295711e-19 6.97640184586e-14 1.3534293709e-14 0.1 0.2
0.3 0.24 4.57817368339e-20 1.18802871474e-13 2.50183017503e-14 0.1 0.3
0.5 0.4 1.24559120473e-20 2.1347212627e-13 5.06989133567e-14 0.1 0.5
0.6 0.48 7.57912647774e-21 2.33844294323e-13 5.81968508576e-14 0.1 0.6
0.8 0.64 3.11503721779e-21 2.2004204408e-13 5.92222933506e-14 0.1 0.8
1.0 0.8 1.50773083426e-21 1.9267154663e-13 5.52446486028e-14 0.1 1.0
2.0 1.6 1.75257391068e-22 1.18093954397e-13 4.18905730955e-14 0.1 2.0
3.0 2.4 5.88271775957e-23 9.3100206851e-14 3.77330814537e-14 0.1 3.0
5.0 4.0 1.70444633773e-23 7.56566368832e-14 3.65703662988e-14 0.1 5.0
6.0 4.8 1.17321617196e-23 7.42235000638e-14 3.82752059908e-14 0.1 6.0
8.0 6.4 1.38382888049e-21 1.56148484265e-13 3.42320660834e-13 0.1 8.0
10.0 8.0 2.29956150467e-21 1.17690488965e-13 4.33044036238e-13 0.1 10.0
20.0 16.0 4.76662469537e-22 8.80246444852e-14 5.11748291318e-13 0.1 20.0
30.0 24.0 2.70133043582e-22 6.1207642939e-14 5.59754395882e-13 0.1 30.0
50.0 40.0 1.19273107747e-22 3.38158250618e-14 5.62310926008e-13 0.1 50.0
100.0 80.0 3.42301847254e-25 2.66172463515e-13 4.3478487471e-13 0.1 100.0
