0.2 0.16 5.91456985509e-19 1.34419412195e-13 2.71363800281e-14 0.1 0.2
0.3 0.24 5.18498882138e-20 9.04424539719e-14 1.89071627601e-14 0.1 0.3
0.5 0.4 6.67073715671e-21 1.08572814334e-13 2.3862605104e-14 0.1 0.5
0.6 0.48 3.81668439575e-21 1.2543243362e-13 2.8197564677e-14 0.1 0.6
0.8 0.64 1.56693016639e-21 1.45649786928e-13 3.41189125984e-14 0.1 0.8
1.0 0.8 8.31239857368e-22 1.62948521678e-13 3.96274353306e-14 0.1 1.0
2.0 1.6 1.38005638422e-22 1.88312874829e-13 5.31604602479e-14 0.1 2.0
3.0 2.4 4.438002176e-23 1.61696786865e-13 5.09942629512e-14 0.1 3.0
5.0 4.0 1.06816875032e-23 1.14150144978e-13 4.23235967649e-14 0.1 5.0
6.0 4.8 6.95351028797e-24 1.04389741415e-13 4.12418459668e-14 0.1 6.0
8.0 6.4 3.45110279158e-24 9.0318876708e-14 3.95861290628e-14 0.1 8.0
10.0 8.0 2.16146411164e-24 8.36770441124e-14 3.99165176316e-14 0.1 10.0
20.0 16.0 6.64828257912e-25 8.35229404414e-14 5.31665994255e-14 0.1 20.0
30.0 24.0 4.08494052718e-25 9.62976375277e-14 7.37007329095e-14 0.1 30.0
50.0 40.0 2.99075158825e-25 1.50608892184e-13 1.46940140823e-13 0.1 50.0
100.0 80.0 2.29501837098e-25 3.20254086627e-13 4.44783660716e-13 0.1 100.0
