0.2 0.16 2.16683749561e-19 7.28824748627e-14 1.41444345753e-14 0.1 0.2
0.3 0.24 4.41685743231e-20 1.0804788783e-13 2.25881042628e-14 0.1 0.3
0.5 0.4 8.67630232448e-21 1.62248358169e-13 3.73837957268e-14 0.1 0.5
0.6 0.48 5.29269148368e-21 1.84369306542e-13 4.41449059679e-14 0.1 0.6
0.8 0.64 2.2953061579e-21 2.02217926413e-13 5.16709811312e-14 0.1 0.8
1.0 0.8 1.17117456251e-21 1.98022000751e-13 5.34663404954e-14 0.1 1.0
2.0 1.6 1.42132235139e-22 1.41108945366e-13 4.632044102e-14 0.1 2.0
3.0 2.4 4.44951664126e-23 1.10231597897e-13 4.13260436689e-14 0.1 3.0
5.0 4.0 1.16802520298e-23 8.20293336416e-14 3.71867179948e-14 0.1 5.0
6.0 4.8 7.73108573281e-24 7.68948411657e-14 3.75477180697e-14 0.1 6.0
8.0 6.4 4.18301604922e-24 7.01618295852e-14 3.88130363707e-14 0.1 8.0
10.0 8.0 2.7547915217e-24 6.77333373191e-14 4.15893354932e-14 0.1 10.0
20.0 16.0 9.9816419659e-25 7.357821432e-14 6.53218135217e-14 0.1 20.0
30.0 24.0 8.40214958606e-25 1.13362899922e-13 1.29310019786e-13 0.1 30.0
50.0 40.0 6.05056769018e-25 1.6183524987e-13 2.62804142965e-13 0.1 50.0
100.0 80.0 3.13682469461e-25 1.96293549343e-13 5.54697458998e-13 0.1 100.0
