0.2 0.16 4.90853583771e-19 1.11700780795e-13 2.26310885368e-14 0.1 0.2
0.3 0.24 2.81180858264e-19 2.90898035947e-13 6.66598246489e-14 0.1 0.3
0.5 0.4 7.84921551792e-20 3.18665572808e-13 8.87287421059e-14 0.1 0.5
0.6 0.48 4.10074939408e-20 2.48386705775e-13 7.50334757128e-14 0.1 0.6
0.8 0.64 1.43942585271e-20 1.5238900875e-13 5.30788784833e-14 0.1 0.8
1.0 0.8 6.38091418668e-21 9.94665022307e-14 3.91303484366e-14 0.1 1.0
2.0 1.6 1.03664051911e-21 4.51641033511e-14 2.76116586625e-14 0.1 2.0
3.0 2.4 5.08311444249e-22 3.7585639313e-14 3.09115135962e-14 0.1 3.0
5.0 4.0 5.29502503819e-22 7.12865613992e-14 8.81225802122e-14 0.1 5.0
6.0 4.8 6.95301513306e-24 7.56566573156e-14 3.6570530099e-14 0.1 6.0
8.0 6.4 1.37195473544e-64 7.42235162011e-14 3.82753612273e-14 0.1 8.0
10.0 8.0 5.4498853387e-22 1.56896396287e-13 3.52956116833e-13 0.1 10.0
20.0 16.0 2.06022195347e-22 1.21623285606e-13 5.14716153528e-13 0.1 20.0
30.0 24.0 9.95284272559e-23 8.90319072353e-14 5.50139084446e-13 0.1 30.0
50.0 40.0 4.15716660032e-23 6.22601002804e-14 6.22102218102e-13 0.1 50.0
100.0 80.0 1.1600310994e-23 3.48791194048e-14 6.73449285472e-13 0.1 100.0
