0.1 0.09 4.22543884172e-15 3.38837940717e-11 2.52529943076e-10
0.2 0.18 1.05635971043e-15 3.38837940717e-11 2.52529943076e-10
0.3 0.27 4.69493204635e-16 3.38837940717e-11 2.52529943076e-10
0.4 0.36 2.64089927607e-16 3.38837940717e-11 2.52529943076e-10
0.5 0.45 1.69017553669e-16 3.38837940717e-11 2.52529943076e-10
0.6 0.54 1.17373301159e-16 3.38837940717e-11 2.52529943076e-10
0.7 0.63 8.62334457494e-17 3.38837940717e-11 2.52529943076e-10
0.8 0.72 6.60224819019e-17 3.38837940717e-11 2.52529943076e-10
0.9 0.81 5.21659116262e-17 3.38837940717e-11 2.52529943076e-10
1.0 0.9 4.22543884172e-17 3.38837940717e-11 2.52529943076e-10
2.0 1.8 1.05635971043e-17 3.38837940717e-11 2.52529943076e-10
3.0 2.7 4.69493204635e-18 3.38837940717e-11 2.52529943076e-10
4.0 3.6 2.64089927607e-18 3.38837940717e-11 2.52529943076e-10
5.0 4.5 1.69017553669e-18 3.38837940717e-11 2.52529943076e-10
6.0 5.4 1.17373301159e-18 3.38837940717e-11 2.52529943076e-10
7.0 6.3 8.62334457494e-19 3.38837940717e-11 2.52529943076e-10
8.0 7.2 6.60224819019e-19 3.38837940717e-11 2.52529943076e-10
9.0 8.1 5.21659116262e-19 3.38837940717e-11 2.52529943076e-10
10.0 9.0 4.22543884172e-19 3.38837940717e-11 2.52529943076e-10
20.0 18.0 1.05635971043e-19 3.38837940717e-11 2.52529943076e-10
30.0 27.0 4.69493204635e-20 3.38837940717e-11 2.52529943076e-10
40.0 36.0 2.64089927607e-20 3.38837940717e-11 2.52529943076e-10
50.0 45.0 1.69017553669e-20 3.38837940717e-11 2.52529943076e-10
60.0 54.0 1.17373301159e-20 3.38837940717e-11 2.52529943076e-10
70.0 63.0 8.62334457494e-21 3.38837940717e-11 2.52529943076e-10
80.0 72.0 6.60224819019e-21 3.38837940717e-11 2.52529943076e-10
90.0 81.0 5.21659116262e-21 3.38837940717e-11 2.52529943076e-10
100.0 90.0 4.22543884172e-21 3.38837940717e-11 2.52529943076e-10


