1.33352e-14  1e-300
1.49624e-14  1e-300
1.6788e-14  1e-300
1.88365e-14  1e-300
2.11349e-14  1e-300
2.37137e-14  1e-300
2.66073e-14  1e-300
2.98538e-14  1e-300
3.34965e-14  1e-300
3.75837e-14  1e-300
4.21697e-14  1e-300
4.73151e-14  1e-300
5.30884e-14  1e-300
5.95662e-14  1e-300
6.68344e-14  1e-300
7.49894e-14  1e-300
8.41395e-14  1e-300
9.44061e-14  1e-300
1.05925e-13  1e-300
1.1885e-13  1e-300
1.33352e-13  1e-300
1.49624e-13  1e-300
1.6788e-13  1e-300
1.88365e-13  1e-300
2.11349e-13  1e-300
2.37137e-13  1e-300
2.66073e-13  1e-300
2.98538e-13  1e-300
3.34965e-13  1e-300
3.75837e-13  1e-300
4.21697e-13  1e-300
4.73151e-13  1e-300
5.30884e-13  1e-300
5.95662e-13  1e-300
6.68344e-13  1e-300
7.49894e-13  1e-300
8.41395e-13  1e-300
9.44061e-13  1e-300
1.05925e-12  1e-300
1.1885e-12  1e-300
1.33352e-12  1e-300
1.49624e-12  1e-300
1.6788e-12  1e-300
1.88365e-12  1e-300
2.11349e-12  1e-300
2.37137e-12  1e-300
2.66073e-12  1e-300
2.98538e-12  1e-300
3.34965e-12  1e-300
3.75837e-12  1e-300
4.21697e-12  1e-300
4.73151e-12  1e-300
5.30884e-12  1e-300
5.95662e-12  1e-300
6.68344e-12  1e-300
7.49894e-12  1e-300
8.41395e-12  1e-300
9.44061e-12  1e-300
1.05925e-11  1e-300
1.1885e-11  1e-300
1.33352e-11  1e-300
1.49624e-11  1e-300
1.6788e-11  1e-300
1.88365e-11  1e-300
2.11349e-11  1e-300
2.37137e-11  1e-300
2.66073e-11  1e-300
2.98538e-11  1e-300
3.34965e-11  1e-300
3.75837e-11  1e-300
4.21697e-11  1e-300
4.73151e-11  1e-300
5.30884e-11  1e-300
5.95662e-11  1e-300
6.68344e-11  1e-300
7.49894e-11  1e-300
8.41395e-11  1e-300
9.44061e-11  1e-300
1.05925e-10  1e-300
1.1885e-10  1e-300
1.33352e-10  1e-300
1.49624e-10  1e-300
1.6788e-10  1e-300
1.88365e-10  1e-300
2.11349e-10  1e-300
2.37137e-10  1e-300
2.66073e-10  1e-300
2.98538e-10  1e-300
3.34965e-10  1e-300
3.75837e-10  1e-300
4.21697e-10  1e-300
4.73151e-10  1e-300
5.30884e-10  1e-300
5.95662e-10  1e-300
6.68344e-10  1e-300
7.49894e-10  1e-300
8.41395e-10  1e-300
9.44061e-10  1e-300
1.05925e-09  1e-300
1.1885e-09  1e-300
1.33352e-09  1e-300
1.49624e-09  1e-300
1.6788e-09  1e-300
1.88365e-09  1e-300
2.11349e-09  1e-300
2.37137e-09  1e-300
2.66073e-09  1e-300
2.98538e-09  1e-300
3.34965e-09  1e-300
3.75837e-09  1e-300
4.21697e-09  1e-300
4.73151e-09  1e-300
5.30884e-09  1e-300
5.95662e-09  1e-300
6.68344e-09  1e-300
7.49894e-09  1e-300
8.41395e-09  1e-300
9.44061e-09  1e-300
1.05925e-08  1e-300
1.1885e-08  1e-300
1.33352e-08  1e-300
1.49624e-08  1e-300
1.6788e-08  1e-300
1.88365e-08  1e-300
2.11349e-08  1e-300
2.37137e-08  1e-300
2.66073e-08  1e-300
2.98538e-08  1e-300
3.34965e-08  1e-300
3.75837e-08  1e-300
4.21697e-08  1e-300
4.73151e-08  1e-300
5.30884e-08  1e-300
5.95662e-08  1e-300
6.68344e-08  1e-300
7.49894e-08  1e-300
8.41395e-08  1e-300
9.44061e-08  1e-300
1.05925e-07  1e-300
1.1885e-07  1e-300
1.33352e-07  1e-300
1.49624e-07  1e-300
1.6788e-07  1e-300
1.88365e-07  1e-300
2.11349e-07  1e-300
2.37137e-07  1e-300
2.66073e-07  1e-300
2.98538e-07  1e-300
3.34965e-07  1e-300
3.75837e-07  1e-300
4.21697e-07  1e-300
4.73151e-07  1e-300
5.30884e-07  1e-300
5.95662e-07  1e-300
6.68344e-07  1e-300
7.49894e-07  1e-300
8.41395e-07  1e-300
9.44061e-07  1e-300
1.05925e-06  1e-300
1.1885e-06  1e-300
1.33352e-06  1e-300
1.49624e-06  1e-300
1.6788e-06  1e-300
1.88365e-06  1e-300
2.11349e-06  1e-300
2.37137e-06  1e-300
2.66073e-06  1e-300
2.98538e-06  1e-300
3.34965e-06  1e-300
3.75837e-06  1e-300
4.21697e-06  1e-300
4.73151e-06  1e-300
5.30884e-06  1e-300
5.95662e-06  1e-300
6.68344e-06  1e-300
7.49894e-06  1e-300
8.41395e-06  1e-300
9.44061e-06  1e-300
1.05925e-05  1e-300
1.1885e-05  1e-300
1.33352e-05  1e-300
1.49624e-05  1e-300
1.6788e-05  1e-300
1.88365e-05  1e-300
2.11349e-05  1e-300
2.37137e-05  1e-300
2.66073e-05  1e-300
2.98538e-05  1e-300
3.34965e-05  1e-300
3.75837e-05  1e-300
4.21697e-05  1e-300
4.73151e-05  1e-300
5.30884e-05  1e-300
5.95662e-05  1e-300
6.68344e-05  1e-300
7.49894e-05  1e-300
8.41395e-05  1e-300
9.44061e-05  1e-300
0.000105925  1e-300
0.00011885  1e-300
0.000133352  1e-300
0.000149624  1e-300
0.00016788  1e-300
0.000188365  1e-300
0.000211349  1e-300
0.000237137  1e-300
0.000266073  1e-300
0.000298538  1e-300
0.000334965  1e-300
0.000375837  1e-300
0.000421697  1.06907e-11
0.000473151  3.73632e-11
0.000530884  7.61752e-11
0.000595662  1.53872e-10
0.000668344  3.13163e-10
0.000749894  5.44185e-10
0.000841395  7.71482e-10
0.000944061  9.28805e-10
0.00105925  1.0022e-09
0.0011885  1.01186e-09
0.00133352  9.83535e-10
0.00149624  9.35879e-10
0.0016788  8.79743e-10
0.00188365  8.20941e-10
0.00211349  7.62411e-10
0.00237137  7.0695e-10
0.00266073  6.55264e-10
0.00298538  6.07123e-10
0.00334965  5.62305e-10
0.00375837  5.20602e-10
0.00421697  4.81818e-10
0.00473151  4.45765e-10
0.00530884  4.12266e-10
0.00595662  3.81156e-10
0.00668344  3.52277e-10
0.00749894  3.2548e-10
0.00841395  3.00627e-10
0.00944061  2.77587e-10
0.0105925  2.56237e-10
0.011885  2.36467e-10
0.0133352  2.18168e-10
0.0149624  2.01231e-10
0.016788  1.85555e-10
0.0188365  1.71051e-10
0.0211349  1.57639e-10
0.0237137  1.45243e-10
0.0266073  1.33791e-10
0.0298538  1.23213e-10
0.0334965  1.13447e-10
0.0375837  1.04433e-10
0.0421697  9.61155e-11
0.0473151  8.84437e-11
0.0530884  8.13693e-11
0.0595662  7.48476e-11
0.0668344  6.88372e-11
0.0749894  6.32995e-11
0.0841395  5.81987e-11
0.0944061  5.35016e-11
0.105925  4.91773e-11
0.11885  4.51972e-11
0.133352  4.15347e-11
0.149624  3.81653e-11
0.16788  3.50662e-11
0.188365  3.22163e-11
0.211349  2.95962e-11
0.237137  2.71877e-11
0.266073  2.49743e-11
0.298538  2.29405e-11
0.334965  2.10723e-11
0.375837  1.93564e-11
0.421697  1.7781e-11
0.473151  1.6335e-11
0.530884  1.50076e-11
0.595662  1.37888e-11
0.668344  1.26695e-11
0.749894  1.16416e-11
0.841395  1.06982e-11
0.944061  9.8327e-12
1.05925  9.03901e-12
1.1885  8.31139e-12
1.33352  7.64467e-12
1.49624  7.03421e-12
1.6788  6.47599e-12
1.88365  5.96648e-12
2.11349  5.50236e-12
2.37137  5.07965e-12
2.66073  4.69325e-12
2.98538  4.33819e-12
3.34965  4.01148e-12
3.75837  3.71184e-12
4.21697  3.43854e-12
4.73151  3.19075e-12
5.30884  2.96768e-12
5.95662  2.76876e-12
6.68344  2.59388e-12
7.49894  2.44349e-12
8.41395  2.31879e-12
9.44061  2.22175e-12
10.5925  2.15515e-12
11.885  2.12236e-12
13.3352  2.12696e-12
14.9624  2.17196e-12
16.788  2.25873e-12
18.8365  2.38558e-12
21.1349  2.54656e-12
23.7137  2.73073e-12
26.6073  2.92255e-12
29.8538  3.10369e-12
33.4965  3.25594e-12
37.5837  3.36469e-12
42.1697  3.42216e-12
47.3151  3.42882e-12
53.0884  3.39201e-12
59.5662  3.32167e-12
66.8344  3.22568e-12
74.9894  3.1078e-12
84.1395  2.96872e-12
94.4061  2.80865e-12
105.925  2.62899e-12
118.85  2.43262e-12
133.352  2.22326e-12
149.624  2.00499e-12
167.88  1.78264e-12
188.365  1.56256e-12
211.349  1.35161e-12
237.137  1.15498e-12
266.073  9.77299e-13
298.538  8.22629e-13
334.965  6.91665e-13
375.837  5.81502e-13
421.697  4.88327e-13
473.151  4.08993e-13
530.884  3.41272e-13
595.662  2.83555e-13
668.344  2.34568e-13
749.894  1.93232e-13
841.395  1.58572e-13
944.061  1.29678e-13
1059.25  1.05717e-13
1188.5  8.59376e-14
1333.52  6.96754e-14
1496.24  5.63364e-14
1678.8  4.54496e-14
1883.65  3.65982e-14
2113.49  2.94191e-14
2371.37  2.36097e-14
2660.73  1.89191e-14
2985.38  1.51398e-14
3349.65  1.21008e-14
3758.37  9.66201e-15
4216.97  7.70862e-15
4731.51  6.14675e-15
5308.84  4.89962e-15
5956.62  3.9047e-15
6683.44  3.11146e-15
7498.94  2.47927e-15
8413.95  1.97553e-15
9440.61  1.57416e-15
10592.5  1.25434e-15
11885  9.99466e-16
13335.2  7.96317e-16
14962.4  6.3438e-16
16788  5.05283e-16
18836.5  4.02365e-16
21134.9  3.20322e-16
23713.7  2.54928e-16
26607.3  2.02813e-16
29853.8  1.61288e-16
33496.5  1.2821e-16
37583.7  1.01868e-16
42169.7  8.08978e-17
47315.1  6.42112e-17
53088.4  5.09401e-17
59566.2  4.03913e-17
66834.4  3.20114e-17
74989.4  2.53582e-17
84139.5  2.00789e-17
94406.1  1.58921e-17
105925  1.25732e-17
118850  9.94347e-18
133352  7.86072e-18
149624  6.21179e-18
167880  4.90679e-18
188365  3.87434e-18
211349  3.0578e-18
237137  2.41223e-18
266073  1.90202e-18
298538  1.49892e-18
334965  1.18057e-18
375837  9.2925e-19
421697  7.30935e-19
473151  5.74518e-19
530884  4.51211e-19
595662  3.54059e-19
668344  2.77563e-19
749894  2.17371e-19
841395  1.70044e-19
944061  1.32861e-19
1.05925e+06  1.03675e-19
1.1885e+06  8.07883e-20
1.33352e+06  6.28595e-20
1.49624e+06  4.88309e-20
1.6788e+06  3.78677e-20
1.88365e+06  2.93116e-20
2.11349e+06  2.26437e-20
2.37137e+06  1.74555e-20
2.66073e+06  1.34255e-20
2.98538e+06  1.03008e-20
3.34965e+06  7.88273e-21
3.75837e+06  6.0155e-21
4.21697e+06  4.57687e-21
4.73151e+06  3.47118e-21
5.30884e+06  2.62362e-21
5.95662e+06  1.97575e-21
6.68344e+06  1.48205e-21
7.49894e+06  1.10706e-21
8.41395e+06  8.23254e-22
9.44061e+06  6.09278e-22
1.05925e+07  4.48617e-22
1.1885e+07  3.28522e-22
1.33352e+07  2.3918e-22
1.49624e+07  1.73057e-22
1.6788e+07  1.24388e-22
1.88365e+07  8.87787e-23
2.11349e+07  6.2889e-23
2.37137e+07  4.41935e-23
2.66073e+07  3.07906e-23
2.98538e+07  2.12565e-23
3.34965e+07  1.45308e-23
3.75837e+07  9.8301e-24
4.21697e+07  6.57929e-24
4.73151e+07  4.35484e-24
5.30884e+07  2.84851e-24
5.95662e+07  1.83975e-24
6.68344e+07  1.1721e-24
7.49894e+07  7.35811e-25
8.41395e+07  4.54666e-25
9.44061e+07  2.76198e-25
1.05925e+08  1.64731e-25
1.1885e+08  9.63215e-26
1.33352e+08  5.51272e-26
1.49624e+08  3.08272e-26
1.6788e+08  1.68106e-26
1.88365e+08  8.92039e-27
2.11349e+08  4.59542e-27
2.37137e+08  2.29246e-27
2.66073e+08  1.10436e-27
2.98538e+08  5.12199e-28
3.34965e+08  2.27957e-28
3.75837e+08  9.69993e-29
4.21697e+08  3.93013e-29
4.73151e+08  1.50919e-29
5.30884e+08  5.46292e-30
5.95662e+08  1.85216e-30
6.68344e+08  5.83723e-31
7.49894e+08  1.69471e-31
8.41395e+08  4.48467e-32
9.44061e+08  1.06841e-32
1.05925e+09  2.25914e-33
1.1885e+09  4.17215e-34
1.33352e+09  6.60897e-35
1.49624e+09  8.80037e-36
1.6788e+09  9.63151e-37
1.88365e+09  8.4495e-38
2.11349e+09  5.77776e-39
2.37137e+09  2.98457e-40
2.66073e+09  1.12449e-41
2.98538e+09  2.97073e-43
3.34965e+09  5.26454e-45
3.75837e+09  5.95393e-47
4.21697e+09  4.06293e-49
4.73151e+09  1.57061e-51
5.30884e+09  3.20391e-54
5.95662e+09  3.18452e-57
6.68344e+09  1.41017e-60
7.49894e+09  2.51611e-64
8.41395e+09  1.61623e-68
9.44061e+09  3.29445e-73
1.05925e+10  1.85006e-78
1.1885e+10  2.44319e-84
1.33352e+10  6.35126e-91
1.49624e+10  1e-300
1.6788e+10  1e-300
1.88365e+10  1e-300
2.11349e+10  1e-300
2.37137e+10  1e-300
2.66073e+10  1e-300
2.98538e+10  1e-300
3.34965e+10  1e-300
3.75837e+10  1e-300
4.21697e+10  1e-300
4.73151e+10  1e-300
5.30884e+10  1e-300
5.95662e+10  1e-300
6.68344e+10  1e-300
7.49894e+10  1e-300
8.41395e+10  1e-300
9.44061e+10  1e-300
1.05925e+11  1e-300
1.1885e+11  1e-300
1.33352e+11  1e-300
1.49624e+11  1e-300
1.6788e+11  1e-300
1.88365e+11  1e-300
2.11349e+11  1e-300
2.37137e+11  1e-300
2.66073e+11  1e-300
2.98538e+11  1e-300
3.34965e+11  1e-300
3.75837e+11  1e-300
4.21697e+11  1e-300
4.73151e+11  1e-300
5.30884e+11  1e-300
5.95662e+11  1e-300
6.68344e+11  1e-300
7.49894e+11  1e-300
8.41395e+11  1e-300
9.44061e+11  1e-300
1.05925e+12  1e-300
1.1885e+12  1e-300
1.33352e+12  1e-300
1.49624e+12  1e-300
1.6788e+12  1e-300
1.88365e+12  1e-300
2.11349e+12  1e-300
2.37137e+12  1e-300
2.66073e+12  1e-300
2.98538e+12  1e-300
3.34965e+12  1e-300
3.75837e+12  1e-300
4.21697e+12  1e-300
4.73151e+12  1e-300
5.30884e+12  1e-300
5.95662e+12  1e-300
6.68344e+12  1e-300
7.49894e+12  1e-300
8.41395e+12  1e-300
9.44061e+12  1e-300
1.05925e+13  1e-300
1.1885e+13  1e-300
1.33352e+13  1e-300
1.49624e+13  1e-300
1.6788e+13  1e-300
1.88365e+13  1e-300
2.11349e+13  1e-300
