1.33352e-14  1e-300
1.49624e-14  1e-300
1.6788e-14  1e-300
1.88365e-14  1e-300
2.11349e-14  1e-300
2.37137e-14  1e-300
2.66073e-14  1e-300
2.98538e-14  1e-300
3.34965e-14  1e-300
3.75837e-14  1e-300
4.21697e-14  1e-300
4.73151e-14  1e-300
5.30884e-14  1e-300
5.95662e-14  1e-300
6.68344e-14  1e-300
7.49894e-14  1e-300
8.41395e-14  1e-300
9.44061e-14  1e-300
1.05925e-13  1e-300
1.1885e-13  1e-300
1.33352e-13  1e-300
1.49624e-13  1e-300
1.6788e-13  1e-300
1.88365e-13  1e-300
2.11349e-13  1e-300
2.37137e-13  1e-300
2.66073e-13  1e-300
2.98538e-13  1e-300
3.34965e-13  1e-300
3.75837e-13  1e-300
4.21697e-13  1e-300
4.73151e-13  1e-300
5.30884e-13  1e-300
5.95662e-13  1e-300
6.68344e-13  1e-300
7.49894e-13  1e-300
8.41395e-13  1e-300
9.44061e-13  1e-300
1.05925e-12  1e-300
1.1885e-12  1e-300
1.33352e-12  1e-300
1.49624e-12  1e-300
1.6788e-12  1e-300
1.88365e-12  1e-300
2.11349e-12  1e-300
2.37137e-12  1e-300
2.66073e-12  1e-300
2.98538e-12  1e-300
3.34965e-12  1e-300
3.75837e-12  1e-300
4.21697e-12  1e-300
4.73151e-12  1e-300
5.30884e-12  1e-300
5.95662e-12  1e-300
6.68344e-12  1e-300
7.49894e-12  1e-300
8.41395e-12  1e-300
9.44061e-12  1e-300
1.05925e-11  1e-300
1.1885e-11  1e-300
1.33352e-11  1e-300
1.49624e-11  1e-300
1.6788e-11  1e-300
1.88365e-11  1e-300
2.11349e-11  1e-300
2.37137e-11  1e-300
2.66073e-11  1e-300
2.98538e-11  1e-300
3.34965e-11  1e-300
3.75837e-11  1e-300
4.21697e-11  1e-300
4.73151e-11  1e-300
5.30884e-11  1e-300
5.95662e-11  1e-300
6.68344e-11  1e-300
7.49894e-11  1e-300
8.41395e-11  1e-300
9.44061e-11  1e-300
1.05925e-10  1e-300
1.1885e-10  1e-300
1.33352e-10  1e-300
1.49624e-10  1e-300
1.6788e-10  1e-300
1.88365e-10  1e-300
2.11349e-10  1e-300
2.37137e-10  1e-300
2.66073e-10  1e-300
2.98538e-10  1e-300
3.34965e-10  1e-300
3.75837e-10  1e-300
4.21697e-10  1e-300
4.73151e-10  1e-300
5.30884e-10  1e-300
5.95662e-10  1e-300
6.68344e-10  1e-300
7.49894e-10  1e-300
8.41395e-10  1e-300
9.44061e-10  1e-300
1.05925e-09  1e-300
1.1885e-09  1e-300
1.33352e-09  1e-300
1.49624e-09  1e-300
1.6788e-09  1e-300
1.88365e-09  1e-300
2.11349e-09  1e-300
2.37137e-09  1e-300
2.66073e-09  1e-300
2.98538e-09  1e-300
3.34965e-09  1e-300
3.75837e-09  1e-300
4.21697e-09  1e-300
4.73151e-09  1e-300
5.30884e-09  1e-300
5.95662e-09  1e-300
6.68344e-09  1e-300
7.49894e-09  1e-300
8.41395e-09  1e-300
9.44061e-09  1e-300
1.05925e-08  1e-300
1.1885e-08  1e-300
1.33352e-08  1e-300
1.49624e-08  1e-300
1.6788e-08  1e-300
1.88365e-08  1e-300
2.11349e-08  1e-300
2.37137e-08  1e-300
2.66073e-08  1e-300
2.98538e-08  1e-300
3.34965e-08  1e-300
3.75837e-08  1e-300
4.21697e-08  1e-300
4.73151e-08  1e-300
5.30884e-08  1e-300
5.95662e-08  1e-300
6.68344e-08  1e-300
7.49894e-08  1e-300
8.41395e-08  1e-300
9.44061e-08  1e-300
1.05925e-07  1e-300
1.1885e-07  1e-300
1.33352e-07  1e-300
1.49624e-07  1e-300
1.6788e-07  1e-300
1.88365e-07  1e-300
2.11349e-07  1e-300
2.37137e-07  1e-300
2.66073e-07  1e-300
2.98538e-07  1e-300
3.34965e-07  1e-300
3.75837e-07  1e-300
4.21697e-07  1e-300
4.73151e-07  1e-300
5.30884e-07  1e-300
5.95662e-07  1e-300
6.68344e-07  1e-300
7.49894e-07  1e-300
8.41395e-07  1e-300
9.44061e-07  1e-300
1.05925e-06  1e-300
1.1885e-06  1e-300
1.33352e-06  1e-300
1.49624e-06  1e-300
1.6788e-06  1e-300
1.88365e-06  1e-300
2.11349e-06  1e-300
2.37137e-06  1e-300
2.66073e-06  1e-300
2.98538e-06  1e-300
3.34965e-06  1e-300
3.75837e-06  1e-300
4.21697e-06  1e-300
4.73151e-06  1e-300
5.30884e-06  1e-300
5.95662e-06  1e-300
6.68344e-06  1e-300
7.49894e-06  1e-300
8.41395e-06  1e-300
9.44061e-06  1e-300
1.05925e-05  1e-300
1.1885e-05  1e-300
1.33352e-05  1e-300
1.49624e-05  1e-300
1.6788e-05  1e-300
1.88365e-05  1e-300
2.11349e-05  1e-300
2.37137e-05  1e-300
2.66073e-05  1e-300
2.98538e-05  1e-300
3.34965e-05  1e-300
3.75837e-05  1e-300
4.21697e-05  1e-300
4.73151e-05  1e-300
5.30884e-05  1e-300
5.95662e-05  1e-300
6.68344e-05  1e-300
7.49894e-05  1e-300
8.41395e-05  1e-300
9.44061e-05  1e-300
0.000105925  1e-300
0.00011885  1e-300
0.000133352  1e-300
0.000149624  1e-300
0.00016788  1e-300
0.000188365  1e-300
0.000211349  1e-300
0.000237137  1e-300
0.000266073  1e-300
0.000298538  1e-300
0.000334965  1e-300
0.000375837  1e-300
0.000421697  1.9314e-11
0.000473151  6.75007e-11
0.000530884  1.37619e-10
0.000595662  2.77986e-10
0.000668344  5.65761e-10
0.000749894  9.83125e-10
0.000841395  1.39376e-09
0.000944061  1.67798e-09
0.00105925  1.81056e-09
0.0011885  1.82802e-09
0.00133352  1.77685e-09
0.00149624  1.69075e-09
0.0016788  1.58934e-09
0.00188365  1.48311e-09
0.00211349  1.37737e-09
0.00237137  1.27717e-09
0.00266073  1.1838e-09
0.00298538  1.09682e-09
0.00334965  1.01586e-09
0.00375837  9.40517e-10
0.00421697  8.7045e-10
0.00473151  8.05316e-10
0.00530884  7.44798e-10
0.00595662  6.88594e-10
0.00668344  6.36421e-10
0.00749894  5.88011e-10
0.00841395  5.43111e-10
0.00944061  5.01487e-10
0.0105925  4.62917e-10
0.011885  4.272e-10
0.0133352  3.94141e-10
0.0149624  3.63544e-10
0.016788  3.35223e-10
0.0188365  3.0902e-10
0.0211349  2.8479e-10
0.0237137  2.62396e-10
0.0266073  2.41705e-10
0.0298538  2.22596e-10
0.0334965  2.04952e-10
0.0375837  1.88668e-10
0.0421697  1.73642e-10
0.0473151  1.59782e-10
0.0530884  1.47001e-10
0.0595662  1.35219e-10
0.0668344  1.24361e-10
0.0749894  1.14357e-10
0.0841395  1.05142e-10
0.0944061  9.66558e-11
0.105925  8.88435e-11
0.11885  8.1653e-11
0.133352  7.50363e-11
0.149624  6.89492e-11
0.16788  6.33504e-11
0.188365  5.82018e-11
0.211349  5.34683e-11
0.237137  4.91172e-11
0.266073  4.51185e-11
0.298538  4.14443e-11
0.334965  3.8069e-11
0.375837  3.49692e-11
0.421697  3.21231e-11
0.473151  2.95107e-11
0.530884  2.71127e-11
0.595662  2.49109e-11
0.668344  2.28886e-11
0.749894  2.10316e-11
0.841395  1.93273e-11
0.944061  1.77637e-11
1.05925  1.63298e-11
1.1885  1.50153e-11
1.33352  1.38108e-11
1.49624  1.2708e-11
1.6788  1.16995e-11
1.88365  1.0779e-11
2.11349  9.94051e-12
2.37137  9.17684e-12
2.66073  8.47875e-12
2.98538  7.8373e-12
3.34965  7.24704e-12
3.75837  6.70572e-12
4.21697  6.21196e-12
4.73151  5.76428e-12
5.30884  5.36126e-12
5.95662  5.00187e-12
6.68344  4.68589e-12
7.49894  4.41416e-12
8.41395  4.18882e-12
9.44061  4.01344e-12
10.5925  3.89304e-12
11.885  3.83371e-12
13.3352  3.84191e-12
14.9624  3.92309e-12
16.788  4.0797e-12
18.8365  4.30872e-12
21.1349  4.59938e-12
23.7137  4.93193e-12
26.6073  5.27831e-12
29.8538  5.60541e-12
33.4965  5.8803e-12
37.5837  6.07666e-12
42.1697  6.18038e-12
47.3151  6.19234e-12
53.0884  6.12579e-12
59.5662  5.99868e-12
66.8344  5.82528e-12
74.9894  5.61234e-12
84.1395  5.36113e-12
94.4061  5.072e-12
105.925  4.7475e-12
118.85  4.39282e-12
133.352  4.01468e-12
149.624  3.62045e-12
167.88  3.21886e-12
188.365  2.82136e-12
211.349  2.44036e-12
237.137  2.08523e-12
266.073  1.76433e-12
298.538  1.485e-12
334.965  1.24849e-12
375.837  1.04955e-12
421.697  8.81306e-13
473.151  7.38058e-13
530.884  6.15785e-13
595.662  5.11582e-13
668.344  4.23145e-13
749.894  3.48526e-13
841.395  2.85963e-13
944.061  2.33814e-13
1059.25  1.90572e-13
1188.5  1.5488e-13
1333.52  1.2554e-13
1496.24  1.01476e-13
1678.8  8.18403e-14
1883.65  6.58784e-14
2113.49  5.29347e-14
2371.37  4.24631e-14
2660.73  3.40104e-14
2985.38  2.72018e-14
3349.65  2.17288e-14
3758.37  1.73381e-14
4216.97  1.38228e-14
4731.51  1.10133e-14
5308.84  8.77113e-15
5956.62  6.98334e-15
6683.44  5.55882e-15
7498.94  4.42428e-15
8413.95  3.52094e-15
9440.61  2.80175e-15
10592.5  2.2292e-15
11885  1.77335e-15
13335.2  1.41041e-15
14962.4  1.12144e-15
16788  8.91358e-16
18836.5  7.08191e-16
21134.9  5.62398e-16
23713.7  4.46384e-16
26607.3  3.54095e-16
29853.8  2.80707e-16
33496.5  2.22372e-16
37583.7  1.76026e-16
42169.7  1.39226e-16
47315.1  1.10025e-16
53088.4  8.68722e-17
59566.2  6.85297e-17
66834.4  5.40113e-17
74989.4  4.253e-17
84139.5  3.34588e-17
94406.1  2.62982e-17
105925  2.06509e-17
118850  1.62008e-17
133352  1.26973e-17
149624  9.94138e-18
167880  7.77543e-18
188365  6.07468e-18
211349  4.74045e-18
237137  3.69476e-18
266073  2.87602e-18
298538  2.23564e-18
334965  1.73533e-18
375837  1.3449e-18
421697  1.04061e-18
473151  8.0376e-19
530884  6.19666e-19
595662  4.76795e-19
668344  3.66094e-19
749894  2.80469e-19
841395  2.14362e-19
944061  1.63423e-19
1.05925e+06  1.24257e-19
1.1885e+06  9.42091e-20
1.33352e+06  7.12127e-20
1.49624e+06  5.36578e-20
1.6788e+06  4.02936e-20
1.88365e+06  3.01492e-20
2.11349e+06  2.24727e-20
2.37137e+06  1.6683e-20
2.66073e+06  1.23317e-20
2.98538e+06  9.07372e-21
3.34965e+06  6.64408e-21
3.75837e+06  4.83991e-21
4.21697e+06  3.50631e-21
4.73151e+06  2.52532e-21
5.30884e+06  1.80746e-21
5.95662e+06  1.28508e-21
6.68344e+06  9.07202e-22
7.49894e+06  6.35598e-22
8.41395e+06  4.41713e-22
9.44061e+06  3.04321e-22
1.05925e+07  2.07727e-22
1.1885e+07  1.4039e-22
1.33352e+07  9.3874e-23
1.49624e+07  6.20553e-23
1.6788e+07  4.05187e-23
1.88365e+07  2.61069e-23
2.11349e+07  1.65807e-23
2.37137e+07  1.03672e-23
2.66073e+07  6.37261e-24
2.98538e+07  3.84465e-24
3.34965e+07  2.27229e-24
3.75837e+07  1.31334e-24
4.21697e+07  7.41834e-25
4.73151e+07  4.09168e-25
5.30884e+07  2.19989e-25
5.95662e+07  1.15076e-25
6.68344e+07  5.84058e-26
7.49894e+07  2.86706e-26
8.41395e+07  1.3573e-26
9.44061e+07  6.17745e-27
1.05925e+08  2.69361e-27
1.1885e+08  1.12095e-27
1.33352e+08  4.43281e-28
1.49624e+08  1.6575e-28
1.6788e+08  5.82603e-29
1.88365e+08  1.91179e-29
2.11349e+08  5.80884e-30
2.37137e+08  1.61843e-30
2.66073e+08  4.08787e-31
2.98538e+08  9.23785e-32
3.34965e+08  1.83981e-32
3.75837e+08  3.17487e-33
4.21697e+08  4.6577e-34
4.73151e+08  5.68723e-35
5.30884e+08  5.6449e-36
5.95662e+08  4.43604e-37
6.68344e+08  2.67998e-38
7.49894e+08  1.20433e-39
8.41395e+08  3.87941e-41
9.44061e+08  8.59291e-43
1.05925e+09  1.24901e-44
1.1885e+09  1.13032e-46
1.33352e+09  6.0028e-49
1.49624e+09  1.75029e-51
1.6788e+09  2.6e-54
1.88365e+09  1.80895e-57
2.11349e+09  5.36396e-61
2.37137e+09  6.09782e-65
2.66073e+09  2.36033e-69
2.98538e+09  2.72374e-74
3.34965e+09  8.07443e-80
3.75837e+09  5.20489e-86
4.21697e+09  1e-300
4.73151e+09  1e-300
5.30884e+09  1e-300
5.95662e+09  1e-300
6.68344e+09  1e-300
7.49894e+09  1e-300
8.41395e+09  1e-300
9.44061e+09  1e-300
1.05925e+10  1e-300
1.1885e+10  1e-300
1.33352e+10  1e-300
1.49624e+10  1e-300
1.6788e+10  1e-300
1.88365e+10  1e-300
2.11349e+10  1e-300
2.37137e+10  1e-300
2.66073e+10  1e-300
2.98538e+10  1e-300
3.34965e+10  1e-300
3.75837e+10  1e-300
4.21697e+10  1e-300
4.73151e+10  1e-300
5.30884e+10  1e-300
5.95662e+10  1e-300
6.68344e+10  1e-300
7.49894e+10  1e-300
8.41395e+10  1e-300
9.44061e+10  1e-300
1.05925e+11  1e-300
1.1885e+11  1e-300
1.33352e+11  1e-300
1.49624e+11  1e-300
1.6788e+11  1e-300
1.88365e+11  1e-300
2.11349e+11  1e-300
2.37137e+11  1e-300
2.66073e+11  1e-300
2.98538e+11  1e-300
3.34965e+11  1e-300
3.75837e+11  1e-300
4.21697e+11  1e-300
4.73151e+11  1e-300
5.30884e+11  1e-300
5.95662e+11  1e-300
6.68344e+11  1e-300
7.49894e+11  1e-300
8.41395e+11  1e-300
9.44061e+11  1e-300
1.05925e+12  1e-300
1.1885e+12  1e-300
1.33352e+12  1e-300
1.49624e+12  1e-300
1.6788e+12  1e-300
1.88365e+12  1e-300
2.11349e+12  1e-300
2.37137e+12  1e-300
2.66073e+12  1e-300
2.98538e+12  1e-300
3.34965e+12  1e-300
3.75837e+12  1e-300
4.21697e+12  1e-300
4.73151e+12  1e-300
5.30884e+12  1e-300
5.95662e+12  1e-300
6.68344e+12  1e-300
7.49894e+12  1e-300
8.41395e+12  1e-300
9.44061e+12  1e-300
1.05925e+13  1e-300
1.1885e+13  1e-300
1.33352e+13  1e-300
1.49624e+13  1e-300
1.6788e+13  1e-300
1.88365e+13  1e-300
2.11349e+13  1e-300
