1.33352e-14  2.74163e-18
1.49624e-14  2.98423e-18
1.6788e-14  4.23102e-18
1.88365e-14  5.62993e-18
2.11349e-14  7.19953e-18
2.37137e-14  8.96064e-18
2.66073e-14  1.09366e-17
2.98538e-14  1.31537e-17
3.34965e-14  1.56413e-17
3.75837e-14  1.84324e-17
4.21697e-14  2.1564e-17
4.73151e-14  2.50778e-17
5.30884e-14  2.90202e-17
5.95662e-14  3.34436e-17
6.68344e-14  3.84067e-17
7.49894e-14  4.39752e-17
8.41395e-14  5.02232e-17
9.44061e-14  5.72333e-17
1.05925e-13  6.50987e-17
1.1885e-13  7.39236e-17
1.33352e-13  8.3825e-17
1.49624e-13  9.49342e-17
1.6788e-13  1.07398e-16
1.88365e-13  1.21383e-16
2.11349e-13  1.37073e-16
2.37137e-13  1.54677e-16
2.66073e-13  1.74428e-16
2.98538e-13  1.96588e-16
3.34965e-13  2.2145e-16
3.75837e-13  2.49343e-16
4.21697e-13  2.80636e-16
4.73151e-13  3.15745e-16
5.30884e-13  3.55134e-16
5.95662e-13  3.99323e-16
6.68344e-13  4.48897e-16
7.49894e-13  5.04512e-16
8.41395e-13  5.66901e-16
9.44061e-13  6.3689e-16
1.05925e-12  7.15402e-16
1.1885e-12  8.03472e-16
1.33352e-12  9.02261e-16
1.49624e-12  1.01307e-15
1.6788e-12  1.13736e-15
1.88365e-12  1.27675e-15
2.11349e-12  1.43309e-15
2.37137e-12  1.60842e-15
2.66073e-12  1.80503e-15
2.98538e-12  2.0255e-15
3.34965e-12  2.2727e-15
3.75837e-12  2.54985e-15
4.21697e-12  2.86054e-15
4.73151e-12  3.2088e-15
5.30884e-12  3.59912e-15
5.95662e-12  4.03654e-15
6.68344e-12  4.52665e-15
7.49894e-12  5.0757e-15
8.41395e-12  5.69068e-15
9.44061e-12  6.37935e-15
1.05925e-11  7.15036e-15
1.1885e-11  8.0133e-15
1.33352e-11  8.97887e-15
1.49624e-11  1.00589e-14
1.6788e-11  1.12665e-14
1.88365e-11  1.26161e-14
2.11349e-11  1.41237e-14
2.37137e-11  1.58069e-14
2.66073e-11  1.7685e-14
2.98538e-11  1.97791e-14
3.34965e-11  2.21122e-14
3.75837e-11  2.47093e-14
4.21697e-11  2.75975e-14
4.73151e-11  3.08058e-14
5.30884e-11  3.43651e-14
5.95662e-11  3.83083e-14
6.68344e-11  4.26696e-14
7.49894e-11  4.74848e-14
8.41395e-11  5.27899e-14
9.44061e-11  5.86213e-14
1.05925e-10  6.50141e-14
1.1885e-10  7.20012e-14
1.33352e-10  7.96116e-14
1.49624e-10  8.78687e-14
1.6788e-10  9.67874e-14
1.88365e-10  1.06372e-13
2.11349e-10  1.16611e-13
2.37137e-10  1.27477e-13
2.66073e-10  1.3892e-13
2.98538e-10  1.50864e-13
3.34965e-10  1.63204e-13
3.75837e-10  1.75804e-13
4.21697e-10  1.88495e-13
4.73151e-10  2.01077e-13
5.30884e-10  2.13326e-13
5.95662e-10  2.25e-13
6.68344e-10  2.35858e-13
7.49894e-10  2.45676e-13
8.41395e-10  2.54269e-13
9.44061e-10  2.61517e-13
1.05925e-09  2.67378e-13
1.1885e-09  2.71903e-13
1.33352e-09  2.75225e-13
1.49624e-09  2.77547e-13
1.6788e-09  2.7911e-13
1.88365e-09  2.80158e-13
2.11349e-09  2.80911e-13
2.37137e-09  2.81546e-13
2.66073e-09  2.82195e-13
2.98538e-09  2.82952e-13
3.34965e-09  2.83885e-13
3.75837e-09  2.85045e-13
4.21697e-09  2.86472e-13
4.73151e-09  2.88198e-13
5.30884e-09  2.90234e-13
5.95662e-09  2.9257e-13
6.68344e-09  2.95162e-13
7.49894e-09  2.97925e-13
8.41395e-09  3.00739e-13
9.44061e-09  3.03458e-13
1.05925e-08  3.05936e-13
1.1885e-08  3.08053e-13
1.33352e-08  3.09748e-13
1.49624e-08  3.11075e-13
1.6788e-08  3.12015e-13
1.88365e-08  3.12634e-13
2.11349e-08  3.12972e-13
2.37137e-08  3.13172e-13
2.66073e-08  3.13297e-13
2.98538e-08  3.13381e-13
3.34965e-08  3.13442e-13
3.75837e-08  3.13489e-13
4.21697e-08  3.13525e-13
4.73151e-08  3.13554e-13
5.30884e-08  3.13577e-13
5.95662e-08  3.13596e-13
6.68344e-08  3.13612e-13
7.49894e-08  3.13625e-13
8.41395e-08  3.13636e-13
9.44061e-08  3.13645e-13
1.05925e-07  3.13651e-13
1.1885e-07  3.13655e-13
1.33352e-07  3.13657e-13
1.49624e-07  3.13659e-13
1.6788e-07  3.13659e-13
1.88365e-07  3.1366e-13
2.11349e-07  3.1366e-13
2.37137e-07  3.1366e-13
2.66073e-07  3.1366e-13
2.98538e-07  3.1366e-13
3.34965e-07  3.1366e-13
3.75837e-07  3.1366e-13
4.21697e-07  3.1366e-13
4.73151e-07  3.1366e-13
5.30884e-07  3.1366e-13
5.95662e-07  3.1366e-13
6.68344e-07  3.1366e-13
7.49894e-07  3.1366e-13
8.41395e-07  3.1366e-13
9.44061e-07  3.1366e-13
1.05925e-06  3.1366e-13
1.1885e-06  3.1366e-13
1.33352e-06  3.1366e-13
1.49624e-06  3.1366e-13
1.6788e-06  3.1366e-13
1.88365e-06  3.1366e-13
2.11349e-06  3.1366e-13
2.37137e-06  3.1366e-13
2.66073e-06  3.1366e-13
2.98538e-06  3.13659e-13
3.34965e-06  3.13659e-13
3.75837e-06  3.13659e-13
4.21697e-06  3.13659e-13
4.73151e-06  3.13659e-13
5.30884e-06  3.13659e-13
5.95662e-06  3.13659e-13
6.68344e-06  3.13659e-13
7.49894e-06  3.13659e-13
8.41395e-06  3.13659e-13
9.44061e-06  3.13659e-13
1.05925e-05  3.13659e-13
1.1885e-05  3.13659e-13
1.33352e-05  3.13659e-13
1.49624e-05  3.13659e-13
1.6788e-05  3.13659e-13
1.88365e-05  3.13658e-13
2.11349e-05  3.13658e-13
2.37137e-05  3.13658e-13
2.66073e-05  3.13658e-13
2.98538e-05  3.13658e-13
3.34965e-05  3.13658e-13
3.75837e-05  3.13657e-13
4.21697e-05  3.13657e-13
4.73151e-05  3.13657e-13
5.30884e-05  3.13656e-13
5.95662e-05  3.13656e-13
6.68344e-05  3.13656e-13
7.49894e-05  3.13655e-13
8.41395e-05  3.13655e-13
9.44061e-05  3.13654e-13
0.000105925  3.13654e-13
0.00011885  3.13653e-13
0.000133352  3.13652e-13
0.000149624  3.13651e-13
0.00016788  3.1365e-13
0.000188365  3.13649e-13
0.000211349  3.13648e-13
0.000237137  3.13647e-13
0.000266073  3.13646e-13
0.000298538  3.13644e-13
0.000334965  3.13642e-13
0.000375837  3.13641e-13
0.000421697  3.13638e-13
0.000473151  3.13636e-13
0.000530884  3.13634e-13
0.000595662  3.13631e-13
0.000668344  3.13628e-13
0.000749894  3.13625e-13
0.000841395  3.13621e-13
0.000944061  3.13617e-13
0.00105925  3.13612e-13
0.0011885  3.13607e-13
0.00133352  3.13602e-13
0.00149624  3.13595e-13
0.0016788  3.13589e-13
0.00188365  3.13581e-13
0.00211349  3.13573e-13
0.00237137  3.13564e-13
0.00266073  3.13554e-13
0.00298538  3.13543e-13
0.00334965  3.13532e-13
0.00375837  3.13518e-13
0.00421697  3.13504e-13
0.00473151  3.13488e-13
0.00530884  3.13471e-13
0.00595662  3.13451e-13
0.00668344  3.1343e-13
0.00749894  3.13407e-13
0.00841395  3.13382e-13
0.00944061  3.13354e-13
0.0105925  3.13324e-13
0.011885  3.1329e-13
0.0133352  3.13254e-13
0.0149624  3.13214e-13
0.016788  3.1317e-13
0.0188365  3.13122e-13
0.0211349  3.13069e-13
0.0237137  3.13011e-13
0.0266073  3.12948e-13
0.0298538  3.12879e-13
0.0334965  3.12804e-13
0.0375837  3.12722e-13
0.0421697  3.12632e-13
0.0473151  3.12534e-13
0.0530884  3.12427e-13
0.0595662  3.1231e-13
0.0668344  3.12183e-13
0.0749894  3.12044e-13
0.0841395  3.11893e-13
0.0944061  3.11728e-13
0.105925  3.11549e-13
0.11885  3.11354e-13
0.133352  3.11142e-13
0.149624  3.10911e-13
0.16788  3.10661e-13
0.188365  3.10388e-13
0.211349  3.10093e-13
0.237137  3.09772e-13
0.266073  3.09425e-13
0.298538  3.09048e-13
0.334965  3.0864e-13
0.375837  3.08198e-13
0.421697  3.0772e-13
0.473151  3.07204e-13
0.530884  3.06645e-13
0.595662  3.06042e-13
0.668344  3.05391e-13
0.749894  3.04689e-13
0.841395  3.03932e-13
0.944061  3.03117e-13
1.05925  3.02241e-13
1.1885  3.01298e-13
1.33352  3.00285e-13
1.49624  2.99197e-13
1.6788  2.9803e-13
1.88365  2.9678e-13
2.11349  2.95442e-13
2.37137  2.9401e-13
2.66073  2.9248e-13
2.98538  2.90846e-13
3.34965  2.89104e-13
3.75837  2.87248e-13
4.21697  2.85273e-13
4.73151  2.83173e-13
5.30884  2.80944e-13
5.95662  2.78581e-13
6.68344  2.76078e-13
7.49894  2.73431e-13
8.41395  2.70636e-13
9.44061  2.67687e-13
10.5925  2.64582e-13
11.885  2.61316e-13
13.3352  2.57887e-13
14.9624  2.54293e-13
16.788  2.50531e-13
18.8365  2.46601e-13
21.1349  2.42501e-13
23.7137  2.38233e-13
26.6073  2.33798e-13
29.8538  2.29197e-13
33.4965  2.24434e-13
37.5837  2.19512e-13
42.1697  2.14437e-13
47.3151  2.09213e-13
53.0884  2.03849e-13
59.5662  1.98351e-13
66.8344  1.92728e-13
74.9894  1.86989e-13
84.1395  1.81143e-13
94.4061  1.75201e-13
105.925  1.69174e-13
118.85  1.63072e-13
133.352  1.56908e-13
149.624  1.50692e-13
167.88  1.44437e-13
188.365  1.38154e-13
211.349  1.31855e-13
237.137  1.25552e-13
266.073  1.19259e-13
298.538  1.12988e-13
334.965  1.06754e-13
375.837  1.00573e-13
421.697  9.44631e-14
473.151  8.8443e-14
530.884  8.25351e-14
595.662  7.67636e-14
668.344  7.11549e-14
749.894  6.57369e-14
841.395  6.05386e-14
944.061  5.55881e-14
1059.25  5.09119e-14
1188.5  4.65327e-14
1333.52  4.24677e-14
1496.24  3.87275e-14
1678.8  3.53148e-14
1883.65  3.2224e-14
2113.49  2.94415e-14
2371.37  2.69469e-14
2660.73  2.47146e-14
2985.38  2.2715e-14
3349.65  2.09174e-14
3758.37  1.92907e-14
4216.97  1.78055e-14
4731.51  1.64348e-14
5308.84  1.51549e-14
5956.62  1.39455e-14
6683.44  1.27903e-14
7498.94  1.16776e-14
8413.95  1.05996e-14
9440.61  9.55343e-15
10592.5  8.54018e-15
11885  7.56477e-15
13335.2  6.63499e-15
14962.4  5.7602e-15
16788  4.94969e-15
18836.5  4.21118e-15
21134.9  3.54978e-15
23713.7  2.96741e-15
26607.3  2.46276e-15
29853.8  2.03161e-15
33496.5  1.66755e-15
37583.7  1.36304e-15
42169.7  1.1102e-15
47315.1  9.01368e-16
53088.4  7.29577e-16
59566.2  5.88717e-16
66834.4  4.73554e-16
74989.4  3.79696e-16
84139.5  3.03396e-16
94406.1  2.41556e-16
105925  1.91601e-16
118850  1.51414e-16
133352  1.19238e-16
149624  9.3593e-17
167880  7.32456e-17
188365  5.71705e-17
211349  4.45199e-17
237137  3.45988e-17
266073  2.68301e-17
298538  2.07598e-17
334965  1.60307e-17
375837  1.23546e-17
421697  9.49961e-18
473151  7.29091e-18
530884  5.58561e-18
595662  4.26983e-18
668344  3.25852e-18
749894  2.48247e-18
841395  1.88734e-18
944061  1.43246e-18
1.05925e+06  1.08512e-18
1.1885e+06  8.20031e-19
1.33352e+06  6.18659e-19
1.49624e+06  4.65499e-19
1.6788e+06  3.49498e-19
1.88365e+06  2.61793e-19
2.11349e+06  1.95623e-19
2.37137e+06  1.45803e-19
2.66073e+06  1.08397e-19
2.98538e+06  8.03891e-20
3.34965e+06  5.94668e-20
3.75837e+06  4.38687e-20
4.21697e+06  3.22822e-20
4.73151e+06  2.36925e-20
5.30884e+06  1.734e-20
5.95662e+06  1.26564e-20
6.68344e+06  9.21143e-21
7.49894e+06  6.68529e-21
8.41395e+06  4.83779e-21
9.44061e+06  3.49078e-21
1.05925e+07  2.51092e-21
1.1885e+07  1.80075e-21
1.33352e+07  1.28798e-21
1.49624e+07  9.18043e-22
1.6788e+07  6.52122e-22
1.88365e+07  4.61808e-22
2.11349e+07  3.25997e-22
2.37137e+07  2.29162e-22
2.66073e+07  1.6066e-22
2.98538e+07  1.1228e-22
3.34965e+07  7.82084e-23
3.75837e+07  5.42825e-23
4.21697e+07  3.75259e-23
4.73151e+07  2.58889e-23
5.30884e+07  1.7741e-23
5.95662e+07  1.21492e-23
6.68344e+07  8.30077e-24
7.49894e+07  5.62258e-24
8.41395e+07  3.8145e-24
9.44061e+07  2.57966e-24
1.05925e+08  1.72912e-24
1.1885e+08  1.15945e-24
1.33352e+08  7.74573e-25
1.49624e+08  5.1679e-25
1.6788e+08  3.41357e-25
1.88365e+08  2.25849e-25
2.11349e+08  1.49474e-25
2.37137e+08  9.7879e-26
2.66073e+08  6.42674e-26
2.98538e+08  4.14316e-26
3.34965e+08  2.70498e-26
3.75837e+08  1.7512e-26
4.21697e+08  1.1273e-26
4.73151e+08  7.13095e-27
5.30884e+08  4.54937e-27
5.95662e+08  2.91197e-27
6.68344e+08  1.82363e-27
7.49894e+08  1.14731e-27
8.41395e+08  7.13202e-28
9.44061e+08  4.52824e-28
1.05925e+09  2.81114e-28
1.1885e+09  1.73112e-28
1.33352e+09  1.05408e-28
1.49624e+09  6.50336e-29
1.6788e+09  3.89672e-29
1.88365e+09  2.30493e-29
2.11349e+09  1.37621e-29
2.37137e+09  7.84398e-30
2.66073e+09  4.5655e-30
2.98538e+09  2.5253e-30
3.34965e+09  1.38071e-30
3.75837e+09  7.35682e-31
4.21697e+09  3.92543e-31
4.73151e+09  2.10384e-31
5.30884e+09  1.04318e-31
5.95662e+09  5.16111e-32
6.68344e+09  2.40632e-32
7.49894e+09  1.16e-32
8.41395e+09  5.23471e-33
9.44061e+09  2.24771e-33
1.05925e+10  9.5009e-34
1.1885e+10  3.73777e-34
1.33352e+10  1.5224e-34
1.49624e+10  5.35864e-35
1.6788e+10  1.84097e-35
1.88365e+10  5.85077e-36
2.11349e+10  1.67279e-36
2.37137e+10  4.93236e-37
2.66073e+10  1.11021e-37
2.98538e+10  2.0573e-38
3.34965e+10  1.31067e-39
3.75837e+10  1e-300
