73.0108
68.8279
130.207
130.722
98.3001
206
105.429
84.9263
71.3359
155.851
93.1787
103.86
79.8867
162.766
93.6486
164.86
111.109
117.645
104.597
80.338
69.3776
97.5078
88.298
164.684
132.52
88.8383
72.0925
90.1849
163.268
83.6409
158.902
140.22
68.2208
107.49
65.4837
111.344
77.6788
114.226
127.067
102.72
148.788
162.049
134.543
159.229
100.975
67.5262
108.065
133.447
153.602
131.309
87.832
121.912
127.33
133.248
68.5639
180.905
102.452
124.129
90.625
76.7799
83.5974
101.932
61.8203
118.535
165.417
60.7477
130.562
110.594
115.778
151.048
100.211
166.398
100.812
135.866
87.5853
106.144
76.8547
91.6976
99.2181
79.9192
129.746
121.137
140.611
90.5528
107.561
96.2686
75.8932
145.695
124.698
109.029
127.711
62.9963
64.1656
180.807
77.6137
67.586
87.4741
94.3749
144.271
162.048
90.1524
103.081
139.993
104.721
107.3
64.5789
136.645
131.657
148.16
77.3037
67.8394
125.35
87.1599
76.2088
68.1995
85.2055
62.7047
64.9066
120.738
131.179
110.114
78.0897
110.788
89.8201
98.7098
154.014
64.9822
120.798
116.627
78.3719
81.3993
129.959
83.1469
195.162
63.9175
110.357
94.8581
67.4638
65.5459
140.011
77.7839
99.9931
102.182
131.286
66.1879
96.7466
86.8908
89.4553
170.254
78.3292
104.276
155.181
133.015
68.1153
132.161
119.937
64.2053
83.7087
147.359
144.189
64.64
94.9231
109.033
92.0413
100.559
100.056
62.5115
64.0751
148.889
65.9063
74.8118
126.484
79.5603
107.239
119.431
73.9684
80.8451
133.487
199.67
154.191
62.7145
76.4128
128.652
118.565
114.159
82.5921
111.052
114.873
127.264
90.8317
126.976
99.937
77.4481
154.13
158.879
103.423
114.911
176.85
148.195
83.0947
104.574
101.08
131.206
113.107
113.172
118.805
156.481
71.0012
69.5937
66.4317
206.523
174.807
116.019
84.5581
119.147
96.4322
79.7054
98.8273
106.379
73.1609
98.6849
70.533
77.3106
91.1659
147.492
117.389
129.481
170.376
97.8875
124.26
90.2047
148.804
64.915
116.076
120.331
68.2015
95.3151
141.929
112.588
77.6556
130.637
136.199
71.4783
192.549
78.4479
78.7526
150.796
72.3896
97.548
66.3052
132.295
113.907
73.0227
78.6876
80.2308
176.922
88.3592
73.8124
69.4939
95.0341
119.763
119.413
169.998
116.045
88.1978
76.4278
121.662
116.791
88.1397
96.4105
112.64
96.694
68.789
61.6291
120.393
88.843
71.1044
96.504
148.514
69.718
134.839
120.686
97.9536
99.1581
104.747
145.77
114.988
69.5311
69.1249
120.276
112.906
136.816
110.634
74.9897
101.007
124.931
149.018
124.242
66.6852
100.815
