166.929
163.812
207.275
224.823
194.606
224.387
212.2
178.206
177.032
227.07
178.161
186.489
181.482
225.536
201.854
244.475
187.143
234.758
190.917
202.693
199.886
178.564
188.394
184.752
208.529
213.946
195.734
185.374
237.964
171.435
217.486
203.397
163.153
209.524
182.465
208.22
196.614
209.213
223.49
209.063
209.873
219.539
212.652
205.714
222.184
193.889
167.028
206.03
243.648
205.689
164.308
198.136
214.584
189.89
188.31
215.486
207.739
214.339
163.317
162.707
201.704
222.555
174.584
204.589
206.065
174.875
210.33
182.368
170.344
199.213
200.452
208.266
221.239
204.769
183.447
179.114
189.275
217.186
207.738
193.488
199.852
194.036
212.93
193.666
202.458
206.4
176.052
201.842
237.134
186.012
194.334
178.094
158.96
211.887
176.181
167.209
177.734
195.351
233.146
202.214
192.417
185.511
239.552
169.696
190.44
160.771
207.076
217.555
208.413
193.584
199.948
203.215
200.936
175.711
202.91
203.899
171.75
168.454
191.9
223.016
181.293
172.629
201.429
195.143
182.423
234.078
208.12
201.395
223.953
187.251
190.578
204.169
205.642
221.679
189.115
203.333
197.35
192.252
204.029
205.789
217.69
232.336
187.006
211.475
219.137
201.123
223.041
191.676
230.768
215.625
217.903
231.332
203.815
201.957
212.021
188.216
198.487
154.588
218.848
197.24
162.174
210.402
205.656
206.069
177.209
203.046
198.246
177.215
206.767
204.047
223.52
196.459
188.101
229.344
185.941
198.305
196.982
194.466
225.914
199.268
165.032
193.966
209.691
195.143
190.805
171.823
194.158
180.624
202.928
170.169
196.268
205.831
217.316
231.98
218.818
206.295
233.232
235.579
198.063
198.578
178.266
172.822
192.103
195.695
204.038
176.377
230.269
218.733
214.851
216.504
225.044
235.947
204.739
195.467
207.68
231.24
200.491
211.138
195.121
179.581
204.535
176.505
224.475
215.462
194.646
201.716
188.131
239.657
191.416
205.702
201.789
208.813
196.962
220.812
180.024
206.462
216.235
219.761
201.142
163.076
191.453
215.748
203.888
205.064
205.592
175.657
213.771
202.113
184.277
193.376
193.097
212.835
195.74
190.608
219.072
201.103
202.899
197.762
186.127
169.835
159.158
224.29
209.006
184.761
198.232
184.079
198.259
180.906
184.538
170.641
185.669
216.35
195.508
192.194
209.604
200.545
178.571
173.382
208.69
207.486
193.36
198.788
192.676
208.893
204.131
212.793
227.122
180.14
186.99
216.696
227.311
235.917
209.549
205.994
214.835
184.295
196.532
179.335
184.811
223.357
