1061.71
1053.7
1080.96
1347.84
1311.96
1167.26
1060.44
1290.77
1156.17
1318.01
1062.76
1190.94
1050.18
1158.8
1285.33
1351.75
1109.63
1288.35
1216.79
1218.99
1086.83
1254.26
1129.82
1145.11
1116.26
1224.5
1236.59
1123.13
1201.98
1115.38
1120.48
1173.06
1211.07
1080.12
1008.28
1156.99
1108.09
1101.08
1088.5
1103.76
1017.99
1004.44
1272.75
1184.77
1137.76
1188.67
1142.05
1155.76
1154.08
1260.39
1192.69
1161.47
1146.47
1135.54
1136.48
1224.89
1200.32
1306.23
1075.73
1059.44
1217.63
1347.79
1168.7
1130.88
1165.22
1216.31
1162.67
1127.32
1046.65
1092.65
1271.93
1239.83
1332.4
1192.13
1104.44
996.369
1086.78
1132.59
1319.38
1271.14
1121.74
1123.5
1180.42
1187.83
1321.16
1222.07
1150.16
1143.26
1076.49
1134.11
1154.77
1087.05
1083.62
1193.65
1205.51
1212.11
1170.85
1116.51
1224.08
1053.07
1263.98
1143.12
1252.91
1169
1244.57
1089.25
1122.68
1155.38
1190.37
1180.25
1281.95
1254.66
1207.72
1007.78
1070.32
1164.06
1209.28
1137.47
1242.82
1137.46
1173.58
1229.04
1139.26
1193.68
1065.72
1338.57
1234.85
1122.24
1320.53
1219.93
1130.06
1181.03
1137.05
1188.94
1187.54
1130.31
1230.01
1291.5
1129.9
1149.53
1252.6
1187.15
1051.97
1148.36
1143.9
1058.16
1137.06
1065.18
1172.84
1273.97
1357.87
1234.77
1168.45
1172.61
1232.41
1034.07
1124.35
1118.87
1146.49
1103.56
970.191
1220.6
1218.39
1162.8
1168.48
1197.13
1134.94
1036.86
1217.88
1344.12
1209.18
996.979
1174.12
1219.87
1158.21
1191.78
1062.34
1030.11
1091.9
1105.64
1053.36
1092.26
1142.62
1135.78
1211.78
1155.44
1277.17
1162.04
1207.44
1091.54
1178.22
1124.55
1226.96
1208.73
1218.25
1147.83
1185.31
1172.87
1355.06
1265.7
1186.64
972.599
965.129
1076.09
1220.18
1111.99
1168.02
1201.38
1248.12
1287.14
1200.8
1166.65
1068.95
1154.71
1054.97
1143.15
1077.62
1216.49
1330.18
1116.71
1132.34
1081.44
1250.26
1263.63
1166.6
1150.68
1154.35
1291.15
1167.93
1158.37
1161.27
1097.72
1164.84
1156.42
1136.03
1045.39
1018.1
1188.13
1172.64
1091.58
1044.4
1117.88
1348.21
1217.81
1225.4
1058.49
1146.91
1222.58
1010.85
1183.06
1108.65
1200.7
1234.09
1150.11
1102.57
1058.97
1145.25
1255.78
1065.53
1151.84
1115.32
1412.9
1153.18
1045.04
1267.28
1198.67
1192.32
1225.31
1170.49
1139.24
1180.79
1182.36
1130.55
1156.33
1178.59
1189.34
1234.75
1131.62
1292.53
1201.35
1089.62
1143.58
1247.64
1313.5
1233.44
1358.24
1286.4
1000.45
1052.86
1117.12
1165.21
1228.87
1110.56
1145.58
1215.62
955.832
1244.4
1072.32
1190.34
1172.66
