580.452
672.249
641.113
620.518
555.232
526.524
591.738
754.659
706.455
517.726
610.029
638.249
725.11
578.252
528.394
490.765
539.586
591.558
575.092
786.527
639.168
730.881
660.844
425.786
513.758
673.215
614.715
609.116
473.995
645.537
452.234
599.864
551.521
614.509
651.759
509.062
663.801
616.47
579.595
719.191
630.905
576.205
630.072
563.833
684.985
611.313
690.752
588.795
644.913
653.731
598.599
628.376
595.356
437.565
588.936
415.537
546.625
626.821
566.719
648.808
637.198
677.987
625.427
545.443
642.802
755.21
593.733
559.749
705.84
646.329
561.837
533.207
760.381
574.146
511.32
642.522
553.019
668.45
516.209
594.688
508.593
520.594
568.486
577.612
763.231
483.013
642.093
491.998
706.278
571.617
779.275
673.793
562.252
492.631
611.611
563.477
611.229
636.269
410.017
498.202
631.697
613.944
577.214
430.262
503.767
565.463
530.96
604.89
521.265
533.863
704.639
570.179
565.818
604.246
563.153
592.347
657.12
568.113
537.17
572.023
652.385
703.781
662.733
620.318
594.591
666.837
815.683
533.668
553.996
615.554
617.266
535.848
731.672
367.057
668.788
622.912
748.191
695.056
695.089
590.444
770.616
702.62
634.026
484.349
705.25
666.357
699.346
575.101
601.921
700.894
620.712
608.213
638.212
724.352
580.98
528.606
698.765
589.756
502.821
509.059
748.093
708.111
630.943
560.893
710.884
632.187
635.076
630.875
670.493
715.127
813.249
576.91
681.911
637.53
543.886
592.709
709.472
574.448
530.098
492.2
666.107
691.008
623.105
658.494
515.233
754.785
515.75
704.552
560.032
698.547
557.411
651.591
844.34
471.198
516.94
510.375
561.204
513.783
539.98
587.121
467.043
589.392
470.469
586.261
503.974
435.975
592.401
625.233
600.577
634.942
425.074
487.412
724.208
570.386
497.5
719.005
631.952
646.118
588.472
713.517
777.583
591.025
725.735
684.114
480.085
478.919
472.767
533.858
700.661
521.032
629.565
481.498
654.749
674.353
602.956
622.486
677.581
639.29
576.839
597.614
471.913
592.604
726.092
599.686
726.966
557.967
457.638
648.295
596.465
599.077
449.633
529.656
576.309
578.994
680.366
365.494
524.911
643.744
637.391
688.692
687.087
548.567
542.357
622.75
731.457
660.574
676.146
773.977
702.148
661.937
733.613
489.711
629.548
684.787
512.475
709.154
735.667
619.578
450.913
583.714
485.09
533.884
396.444
591.239
547.97
405.821
560.004
849.466
748.673
607.481
602.44
654.832
580.507
548.115
692.002
503.71
552.42
744.781
783.05
763.641
