769.451
508.779
412.964
518.834
1070.81
496.675
651.764
784.666
763.336
506.013
718.882
490.107
819.254
531.761
520.484
654.507
416.168
490.418
618.566
442.279
428.921
680.124
670.303
545.671
584.542
535.63
571.817
614.943
653.227
486.108
431.649
613.772
476.931
463.924
480.199
632.698
548.216
714.554
616.518
452.125
530.255
906.912
484.571
681.897
468.52
745.936
609.775
674.585
698.436
522.209
481.579
755.647
532.938
411.762
605.816
888.002
645.744
540.925
483.861
691.193
552.231
652.401
404.446
494.703
445.746
739.609
405.186
691.813
536.898
747.362
583.094
426.712
671.868
480.094
716.585
596.271
731.989
467.792
559.648
404.066
461.501
599.102
802.172
400.781
537.64
990.207
423.78
515.093
472.132
520.428
421.362
441.791
691.108
709.114
693.805
692.878
521.656
445.467
643.645
534.674
611.12
761.143
697.383
463.544
512.216
548.184
860.785
535.495
676.24
494.01
571.329
640.773
550.731
856.919
516.365
558.309
403.357
482.66
534.29
524.998
650.823
630.58
564.542
694.242
453.305
525.855
622.548
448.504
561.578
628.088
609.866
789.199
468.196
410.403
754.694
657.784
423.08
527.914
401.819
557.948
509.587
449.524
554.014
729.379
828.986
483.849
491.75
460.83
786.941
667.787
559.894
635.06
869.726
383.125
491.03
545.974
607.333
824.243
846.033
660.492
576.224
611.181
452.579
860.798
842.022
478.623
431.988
574.439
816.398
727.611
574.652
535.432
588.603
485.681
469.273
478.986
433.379
507.686
1001.47
463.661
410.497
565.959
957.626
524.433
691.049
401.163
474.589
609.087
428.139
459.123
829.292
788.536
776.406
683.724
661.111
752.197
1046.74
507.094
385.137
513.165
947.284
383.423
416.283
523.504
571.027
485.459
408.689
445.294
677.37
478.81
507.706
814.98
619.143
554.825
633.872
766.843
649.051
532.848
516.962
581.443
448.443
420.08
800.312
574.964
725.157
585.737
441.468
644.005
649.176
501.169
572.631
477.066
1052.69
1284.32
485.001
448.167
588.782
654.965
539.84
506.65
703.009
392.383
580.727
477.439
411.847
448.61
695.467
827.599
714.414
645.069
510.922
678.425
488.466
613.543
479.584
551.252
553.818
449.969
430.109
649.976
484.293
464.644
468.189
722.153
500.998
482.481
564.188
757.855
611.355
532.056
787.324
517.359
731.425
752.903
474.16
532.401
637.974
622.683
551.392
660.923
544.493
400.318
613.169
573.52
950.765
727.69
486.517
641.185
545.32
831.296
922.166
644.518
396.706
592.846
418.64
711.316
629.658
480.964
639.333
648.155
