26.9583
37.7675
24.7218
36.5797
25.7331
32.8859
46.9965
21.0233
22.5862
31.7843
22.9507
28.7636
27.9289
31.6836
51.2702
28.7043
46.9362
32.9956
43.1859
21.043
39.7869
28.1788
40.9291
34.5345
36.4852
36.6261
66.5366
41.807
31.9304
32.3279
22.0207
31.458
30.9793
24.0729
25.007
25.1493
35.2131
27.7976
20.4509
32.1395
30.4871
27.5156
30.2566
28.2533
34.0704
30.6712
45.8191
34.1011
35.5235
44.8781
28.7388
23.0224
25.7342
30.7506
21.6218
22.5369
35.7967
35.1619
20.8851
31.255
27.4367
23.8239
27.1394
33.4258
31.2922
42.2326
31.2146
27.9686
27.5628
35.9091
46.9082
24.1691
39.9519
28.1333
34.9615
26.2111
22.7836
31.4881
28.1692
39.5104
37.1845
28.0858
31.853
35.733
25.2157
30.2887
36.2738
23.9925
20.2447
28.878
28.0586
27.0394
42.6778
23.6325
45.7803
27.2533
29.8537
25.2634
36.4671
42.1625
