46.6752
68.2762
45.8103
61.1034
56.2085
54.9309
40.7106
58.6321
35.166
47.3704
36.5974
37.8087
63.1354
38.3146
58.7095
48.0106
62.8345
53.5709
39.2544
79.6135
42.3246
47.0839
72.4625
36.7845
73.7831
48.4563
62.5941
42.251
42.7895
44.6457
55.1856
39.3792
35.5013
40.4064
41.8347
39.4135
38.6351
42.3669
47.2997
35.3007
70.904
33.6777
72.0291
38.1432
42.7323
40.2139
54.5021
65.8987
59.4625
64.6429
58.4165
42.099
40.2469
55.8234
80.1489
57.2917
32.7963
33.5032
34.2857
45.0617
35.7836
35.8977
65.2885
78.2234
35.63
58.0245
35.4876
39.4787
42.1228
40.4352
93.2444
56.9344
65.8371
42.1026
37.411
63.5881
68.5878
56.3939
44.915
47.6123
44.0508
51.7573
58.2742
47.3467
40.6093
38.483
47.4625
31.74
51.227
42.2919
49.8414
83.8599
35.9263
58.9368
53.053
44.9498
51.4285
69.4263
33.4289
44.9449
49.4115
47.3788
53.8183
33.1722
51.905
35.2513
44.5973
40.4906
52.9879
65.4553
62.7576
57.7156
49.3085
56.124
65.6909
44.5633
46.6258
65.0333
38.2621
40.1999
43.5291
51.9618
39.8705
45.3059
34.0916
40.9734
65.5826
49.0483
46.8768
43.6962
54.0475
42.8402
54.1653
40.7257
69.5162
37.7002
62.6713
63.1322
68.841
63.4323
34.6399
56.8826
34.1554
50.6777
35.0316
37.3535
37.2102
60.722
48.4486
48.0321
65.6389
34.3853
59.159
39.4562
34.7266
47.9056
74.7978
37.8164
66.4958
40.3862
62.1585
44.2699
51.2109
35.9765
50.3386
49.5907
31.8568
47.2141
94.5828
52.2938
53.9082
70.0697
45.6104
50.3546
42.2667
33.5363
59.8507
58.141
43.7866
45.2763
47.1502
54.0483
73.0103
49.6629
62.7248
58.3801
46.8118
47.8287
54.6102
36.2649
45.6397
86.843
60.6031
42.417
77.9343
38.0557
55.4451
34.2609
66.8866
42.284
49.7398
46.3946
45.3358
54.0806
52.566
106.827
34.1005
32.8518
83.213
60.1031
36.3582
58.1224
45.6283
55.187
40.7843
47.3879
58.516
35.2569
47.7515
49.7499
39.2497
52.8579
88.4627
80.9018
59.6472
37.1696
34.1043
59.4457
36.3735
54.3767
48.1822
39.8339
32.6322
58.1399
74.131
37.4521
52.2913
48.2782
77.759
46.0624
46.468
66.328
66.5509
45.2092
43.1841
76.0942
49.8056
55.9999
59.0969
55.8367
36.2334
44.9957
48.3226
36.198
58.5723
46.6319
44.7781
61.1283
68.884
51.0265
44.8584
60.9844
39.7496
68.1799
49.9001
59.1193
63.9355
44.6056
56.2216
34.514
38.0002
53.6735
42.1588
44.6087
48.1346
76.3276
44.8067
72.3936
50.2382
41.3961
43.011
32.6039
88.4885
41.5126
53.2527
40.3858
54.2385
32.0955
40.9034
35.2723
62.5731
44.4822
68.6574
50.3842
51.0122
38.6803
60.8798
68.042
63.9829
54.1687
