92.464
83.9821
45.1124
52.9585
79.1616
57.714
40.3444
63.5802
44.1609
51.4761
43.4532
59.6574
46.6122
46.9346
72.2762
57.9904
77.8956
48.9041
41.7287
87.9589
53.6902
93.6241
86.5381
61.1883
87.8502
58.7768
65.9302
56.4318
50.6239
65.679
73.3149
70.0166
44.8658
84.0667
77.5424
82.874
43.9173
42.3718
91.1984
54.3283
72.1227
46.6603
92.4987
57.5468
66.078
46.0773
48.1543
55.2439
59.8798
74.983
46.3836
49.8785
64.014
79.9362
90.411
95.1551
58.2076
58.1957
48.5183
42.461
63.6621
59.3197
100.778
61.4801
48.3531
47.592
48.2154
40.2785
45.1982
50.4583
91.5486
71.6228
71.6675
62.7121
92.1679
58.5436
73.3702
61.1527
76.1817
47.4966
66.9433
41.4329
41.4926
40.5579
66.3372
64.9558
46.128
46.7881
95.276
66.6712
52.8725
71.2576
62.9211
90.5811
40.967
42.1624
43.9884
81.0906
65.4755
46.5847
56.5167
63.9148
53.1102
56.0832
57.799
45.5354
52.5134
66.4359
62.6813
92.0436
55.8509
84.7849
53.1905
70.7329
49.7821
66.5117
42.4164
56.8229
49.6009
54.5622
40.9185
45.5961
99.6443
45.9062
56.1113
46.9526
89.0407
64.6057
51.8064
49.1585
42.2866
66.6184
82.0736
42.4227
85.2303
50.7613
85.2067
95.6368
88.334
56.3585
41.343
73.2695
43.9213
54.9143
46.6236
44.4678
41.1481
76.3444
43.0738
39.7198
57.9805
51.9422
53.5966
58.9295
69.0354
74.5456
102.726
65.9779
59.7183
50.4251
56.5307
77.122
47.6128
84.6793
46.1299
48.8557
46.3955
46.1999
79.6471
66.9841
64.7328
70.4865
62.6244
66.1805
49.5816
61.7603
60.7972
82.2969
41.848
73.1986
61.3907
43.2998
57.2422
49.0104
68.8889
51.5029
50.5853
93.7744
55.3741
46.6399
70.2425
127.042
119.671
68.0869
80.4312
67.8848
56.0481
59.6656
79.4803
69.1725
57.464
65.96
49.0945
71.3394
66.7073
102.705
53.784
59.5993
65.88
49.7248
57.3776
53.9587
43.1799
67.2041
65.4082
45.9434
77.9674
53.7283
43.9407
81.7004
45.5678
46.1458
83.7551
86.8285
46.9316
43.1781
54.9655
45.8915
44.3646
44.7795
62.3595
46.0888
65.793
59.1226
47.5219
40.2363
44.8767
45.581
78.0417
66.1139
62.6442
70.7906
65.9816
68.8355
39.9414
82.883
45.0489
71.8167
49.4344
67.6038
69.8127
60.5153
61.3604
54.3363
104.984
83.1939
69.1623
63.9862
46.8298
55.8454
67.792
100.314
51.5192
56.1239
82.9731
59.3708
95.3685
104.179
53.2725
54.4609
50.4213
58.3803
60.8027
51.7154
53.5273
46.0458
55.471
49.6527
53.4914
46.9507
46.2302
55.8633
76.1439
53.7987
56.8008
51.1531
104.492
74.0626
64.185
45.3105
70.1012
54.4832
68.4096
65.6965
61.7244
61.1246
65.9297
125.352
62.8248
92.6549
