25.3877
16.2791
28.4141
15.8496
21.9366
14.5174
18.84
19.5994
15.9853
18.0313
18.1954
18.633
15.1215
19.8692
13.5569
15.0809
15.0431
14.391
21.6471
17.6752
22.6385
19.7251
26.1556
21.9533
15.2719
21.2336
17.2559
27.1209
17.0486
18.9132
26.5453
27.8726
33.8543
25.3134
17.1125
17.6814
27.1384
21.8492
29.544
22.0283
26.7117
15.1009
27.1437
26.2741
19.0157
19.2455
14.9163
15.8039
23.3632
26.8156
24.7623
18.8353
15.6293
16.4968
14.5208
17.9881
14.0003
18.5106
14.4839
25.447
17.4744
18.9125
15.2211
18.7768
15.8901
19.7444
21.0526
20.6382
14.3313
19.4109
14.5129
22.9026
22.6215
14.2597
16.2793
33.0178
25.8477
23.6256
24.5196
23.6297
16.3571
15.0272
16.982
16.4848
16.9962
20.2945
21.1712
19.2517
16.1723
18.5971
17.2615
20.1192
22.0744
14.4647
24.609
14.4423
25.8755
29.1409
34.0519
19.4183
20.5052
15.375
16.3133
18.5009
17.1394
14.2464
24.8243
30.5223
21.6052
14.0978
22.1503
13.8109
25.9379
22.7794
24.0549
19.7619
26.4694
15.0391
16.5892
23.4364
17.0558
22.8442
15.3438
18.3959
21.7408
15.6826
22.9728
14.537
14.1103
18.9171
15.104
17.1803
22.1675
22.025
23.6227
23.9693
24.6778
16.8993
27.6007
38.7455
17.9198
17.6965
17.933
21.2678
28.2655
28.4216
27.25
17.9091
19.0001
17.801
15.0003
16.1351
23.0839
16.1404
22.6075
21.5516
25.4515
23.0473
19.1703
25.1629
19.6227
22.7418
29.5785
14.5132
24.3159
24.5127
27.5302
21.2879
18.168
23.1085
14.9142
20.856
14.88
13.9888
15.9646
21.9205
39.6911
19.9002
21.8508
18.528
13.9277
15.8872
16.0986
26.8564
23.0216
22.433
20.4509
21.8681
14.3503
20.3823
25.3123
18.4138
20.4143
23.1285
23.7657
17.4064
30.5363
20.818
31.0348
16.9774
16.8146
18.4248
20.6599
25.4368
15.4681
17.3168
30.4707
15.6921
13.6118
15.8879
23.2376
31.6971
24.698
19.4804
18.3214
15.5518
15.8179
18.7686
18.3423
26.1516
23.6715
20.0888
14.6608
19.2875
29.8311
26.1567
20.1331
20.9795
20.0663
19.2372
14.3812
26.4239
39.4623
15.5287
14.6197
29.5542
27.6825
29.755
16.2115
21.2256
15.3519
16.842
23.9913
22.7946
26.4962
21.3195
25.5274
27.4182
16.1328
18.3438
14.179
15.8914
18.1985
16.6232
30.6379
45.8648
30.658
15.3059
19.3584
31.0315
15.1054
16.7559
24.8069
24.4417
15.6499
15.7288
21.16
14.0097
22.3476
24.99
28.0143
25.1994
14.5708
21.8699
20.6262
35.7739
24.912
19.3473
25.9276
24.196
26.8456
17.6104
16.2311
15.4287
14.638
15.639
17.887
18.1292
33.6055
23.691
18.3396
24.8337
23.048
15.4849
22.2303
27.1246
27.8865
26.775
33.7059
22.1356
