281.783
412.377
250.935
310.707
231.909
240.788
190.989
206.593
249.38
359.132
199.813
219.855
282.736
214.911
318.778
212.664
274.008
223.831
223.539
365.853
260.138
194.186
348.51
237.831
305.251
184.059
262.664
252.311
222.09
223.767
344.23
221.798
233.931
261.415
166.813
187.223
268.472
195.409
221.055
222.227
294.823
288.58
346.037
314.26
184.726
317.33
328.675
311.521
333.764
370.872
341.843
259.329
211.896
241.57
426.588
404.708
283.55
205.186
224.246
202.016
202.38
189.807
343.075
316.724
247.855
441.405
220.53
277.803
378.963
314.071
424.384
342.584
403.976
206.122
255.803
296.549
361.709
220.97
301.613
249.357
330.289
258.728
378.933
178.793
230.118
221.471
260.035
183.869
350.168
223.698
266.407
430.757
240.419
422.518
237.468
195.252
199.899
269.346
174.29
238.466
274.689
274.279
329.956
231.491
182.462
209.895
277.943
295.108
319.964
273.689
281.032
226.189
364.794
449.459
297.356
186.655
178.393
256.293
214.528
176.53
323.278
225.127
267.79
254.011
213.905
198.323
276.42
248.137
209.151
203.522
279.32
236.97
308.44
242.478
408.267
208.746
329.711
231.195
384.456
231.731
228.969
304.209
239.852
279.236
263.81
250.261
212.296
358.356
197.003
176.099
247.819
185.147
184.156
191.884
233.047
307.948
450.306
211.006
196.652
260.786
300.739
245.399
383.41
173.957
296.477
354.227
272.323
362.405
478.906
371.453
238.387
311.843
200.589
277.515
271.942
199.489
249.345
406.015
268.815
191.798
172.361
223.62
437.72
315.402
313.474
259.352
292.605
236.584
238.938
177.887
339.693
301.468
245.317
179.638
264.315
259.392
175.427
172.165
349.345
252.907
176.808
221.967
229.45
354.39
316.051
457.7
244.971
186.332
498.24
211.578
213.829
336.17
224.552
372.538
185.149
294.497
216.962
275.471
325.109
231.152
213.228
268.563
473.184
381.725
322.242
213.321
183.188
284.095
190.567
368.436
277.415
236.057
308.475
393.408
326.759
183.881
284.046
228.492
280.53
344.982
233.458
312.169
442.945
192.586
192.952
374.635
173.705
311.268
333.506
259.169
317.197
210.078
266.213
244.964
325.127
249.229
312.436
297.136
314.941
337.617
241.269
334.045
302.114
436.509
289.071
241.816
345.49
434.271
196.759
184.299
181.035
202.672
255.337
303.71
266.846
241.543
187.1
437.874
227.735
370.194
176.687
224.832
420.859
245.666
330.661
258.665
341.874
252.41
337.251
268.163
448.911
215.833
369.188
313.678
279.096
248.758
362.891
401.832
265.788
362.397
