59.0823
51.7683
21.8663
52.1207
49.6892
35.0166
33.3923
46.6044
26.6031
45.5957
38.1032
29.3106
50.4498
28.1521
30.8365
35.1691
38.5226
48.3822
34.378
64.9025
37.8538
21.6028
20.6092
40.462
23.9354
20.2284
43.2185
40.2498
37.072
22.8571
41.2958
29.1137
28.6896
22.5062
25.674
23.6368
27.407
20.3238
34.7554
20.7494
42.3519
34.3966
31.8117
33.8769
32.4105
30.0692
49.4686
31.5656
38.1332
48.4758
56.7741
35.9225
21.2977
48.461
49.6249
53.0337
34.4162
33.0947
22.4136
32.3308
30.5418
48.2557
50.2202
49.7454
23.4977
26.5118
31.2373
23.0798
34.3459
28.9527
42.5204
51.7776
48.1709
26.4762
29.0126
47.3547
36.404
51.1392
42.2013
45.7943
28.6223
33.7324
29.9071
25.2187
26.4893
41.2472
38.1034
33.2682
36.9495
31.391
26.6683
44.7683
24.9864
54.7056
23.6841
29.3775
27.9957
46.0247
36.1156
21.9906
22.5777
23.9543
33.1132
40.511
23.314
30.1648
44.6569
40.8745
37.7753
37.343
55.2548
32.3667
47.9876
43.4793
25.1947
23.5154
21.6378
37.231
34.2911
21.2807
20.8691
52.0749
47.6194
21.0805
38.4872
49.2261
44.1209
30.901
33.644
25.6574
33.6568
40.6767
41.0939
33.0707
51.7747
28.9408
41.8837
41.3084
51.0808
39.6099
35.9514
62.5632
31.4921
41.4398
20.216
32.8891
25.3064
46.0947
34.1303
30.9537
44.2401
22.4316
34.1924
20.741
28.591
41.0691
62.2622
27.9605
41.9083
25.4079
34.3233
35.107
45.1043
48.2757
26.7788
33.3902
37.4392
27.6785
57.5973
37.885
43.6595
50.0014
40.1062
23.1432
42.2476
35.1309
43.3963
40.9713
20.4077
27.7883
24.0239
20.6091
44.2817
34.9953
49.4357
33.7831
43.9778
51.7903
23.7919
25.8064
26.5607
50.88
53.8768
41.3492
59.8694
20.4457
55.5498
21.1148
65.0313
41.4766
44.8129
29.8752
38.2748
44.5413
41.4473
58.4258
44.966
28.9237
46.6157
31.0967
23.346
33.8934
23.7937
37.6617
33.7639
33.7648
30.6127
21.6099
31.7882
45.581
35.556
22.8201
46.4693
37.3552
30.8217
27.858
32.526
36.7743
34.0326
36.8872
30.6679
23.188
32.8484
24.3538
43.8094
31.6397
22.4112
24.6056
39.0617
39.8429
44.1321
64.8002
67.717
20.6185
24.7957
47.4975
44.4627
38.4258
20.9143
39.6034
32.9463
35.1834
30.2154
22.2197
37.0791
35.3231
24.9493
45.9913
58.4686
34.4925
30.1903
35.8606
38.7758
35.435
40.8768
27.5399
56.5606
40.8735
21.1481
28.5935
39.1403
33.8437
33.2842
22.1325
21.8957
26.469
21.2085
55.5082
31.0482
32.1845
29.6005
35.5285
61.8791
29.8091
36.4937
25.7101
45.644
52.6235
34.9686
29.8177
47.1088
28.4436
44.8578
40.2254
37.5416
30.023
38.6279
81.6605
36.7398
55.1001
