138.722
101.576
177.501
119.051
112.698
114.776
133.875
143.765
95.6658
104.01
92.3125
101.704
116.269
116.358
95.9428
123.379
88.7552
109.867
128.203
109.685
141.689
90.9879
145.781
103.545
116.295
139.903
108.973
169.103
130.663
99.4227
153.64
138.406
193
179.871
91.6459
135.432
163.809
132.363
199.27
142.498
173.739
105.035
164.656
149.956
160.16
99.4831
122.843
94.1615
133.429
174.094
117.524
95.5889
98.8125
96.7351
102.876
124.45
100.278
129.426
105.537
142.706
100.093
111.001
99.3829
124.416
104.823
127.866
132.736
132.871
91.5883
145.114
90.9693
144.18
150.848
120.633
114.646
223.435
163.918
127.968
164.894
119.453
106.739
91.1297
102.856
96.3385
134.987
129.917
111.12
138.042
99.7787
119.566
98.1744
127.209
158.104
96.3221
149.248
94.5607
169.878
155.535
218.996
133.503
130.257
99.8316
107.58
98.0494
109.075
96.0854
162.666
201.052
151.06
101.116
151.107
99.8331
167.975
124.116
162.365
105.021
180.706
91.5781
118.624
149.204
118.652
156.285
99.9168
113.811
124.208
106.113
163.01
90.3873
106.318
138.969
87.0705
128.675
129.973
112.332
147.066
154.976
163.728
91.7755
157.878
211.701
87.7101
119.382
113.975
106.329
141.918
166.181
157.063
117.751
134.075
92.0799
94.9778
91.7641
135.491
115.297
121.953
115.048
144.055
148.58
116.362
171.256
121.251
148.191
193.719
87.8348
141.844
137.2
177.435
124.325
109.568
133.94
100.893
99.6112
111.729
114.045
108.593
148.822
239.782
148.526
133.596
121.991
96.5326
109.227
112.223
152.161
144.637
121.558
139.237
95.6709
123.818
148.413
159.39
138.036
167.265
150.132
172.822
136.495
171.117
152.888
201.895
127.04
93.0639
99.0545
109.36
146.274
117.631
92.6749
182.929
103.017
98.5103
92.2865
137.642
216.671
156.53
122.892
87.3214
91.2811
102.421
120.274
136.196
179.325
146.545
148.427
88.3862
113.561
173.585
147.638
97.4458
118.001
138.871
105.147
94.0344
174.202
251.567
102.412
93.9974
187.092
163.236
167.247
101.264
164.169
92.0143
130.331
142.967
135.186
187.51
130.356
166.474
185.509
121.777
111.562
98.6147
92.6644
133.174
97.9427
211.751
303.967
155.731
100.962
109.846
187.651
96.1557
112.263
142.627
138.262
109.841
102.851
138.753
96.232
150.111
165.706
155.071
152.464
88.4095
143.543
120.745
225.618
174.65
157.177
159.717
177.074
183.602
115.946
109.805
94.1217
86.5248
123.498
137.245
134.887
214.758
116.356
116.672
143.223
145.526
89.2387
143.642
174.798
172.805
185.573
208.914
138.673
