365.376
460.466
244.741
374.049
361.364
258.059
179.682
321.711
179.578
340.489
210.963
208.923
363.262
251.443
312.197
225.079
364.799
348.113
240.096
498.805
239.317
213.872
347.491
232.458
337.101
232.89
349.235
244.23
178.248
216.624
329.53
252.09
240.907
201.795
180.312
183.896
171.455
178.676
266.823
182.406
375.701
191.767
341.498
235.3
207.483
267.028
364.957
311.947
344.392
420.277
339.736
263.031
196.185
347.343
438.504
411.012
253.956
221.88
189.016
222.807
224.582
270.919
418.759
405.524
204.509
327.665
205.303
211.964
295.966
252.826
436.72
371.243
408.046
193.125
195.736
341.173
375.049
343.986
319.046
317.068
291.869
277.976
269.409
203.603
212.22
255.046
284.511
198.877
326.551
290.647
253.674
419.439
198.621
416.601
233.191
223.965
266.058
332.042
246.247
184.589
225.708
203.204
310.299
214.467
243.728
200.062
204.239
290.981
274.915
393.769
357.985
276.308
323.578
388.428
286.973
239.416
175.961
310.507
224.618
185.839
228.64
320.305
314.908
197.987
274.751
306.683
363.935
269.31
287.135
202.029
208.311
282.141
345.203
191.535
409.672
176.202
380.742
341.94
414.249
298.775
251.488
414.425
205.022
290.717
211.087
257.771
188.182
376.409
253.11
275.498
381.141
175.453
257.314
191.412
208.315
309.545
488.405
240.379
335.229
194.64
341.033
297.708
322.074
314.709
206.32
270.913
233.195
271.919
504.837
369.925
309.848
366.959
313.561
252.804
289.73
271.276
351.001
346.547
221.498
187.428
257.521
222.603
405.272
286.978
355.236
326.426
270.069
367.438
233.839
174.643
245.539
486
402.047
249.612
420.507
260.202
332.559
173.382
484.544
306.531
325.79
211.713
276.297
374.623
296.898
557.966
253.407
199.498
412.208
311.46
179.21
258.208
173.863
354.872
214.475
189.043
258.132
187.175
271.834
325.727
209.897
191.218
453.889
390.559
284.427
237.266
245.4
336.462
214.016
294.853
264.17
190.116
210.01
280.068
362.77
264.285
275.863
234.86
355.26
302.591
321.839
426.355
467.846
182.125
189.71
417.6
263.073
349.019
236.077
308.864
279.514
281.652
258.432
193.593
339.623
298.62
283.963
345.565
425.261
309.505
242.622
322.477
286.011
346.206
320.477
324.565
413.597
342.97
198.627
197.996
271.337
290.116
223.26
260.389
259.211
298.19
192.841
424.727
270.058
234.071
190.027
237.353
531.08
217.584
280.435
211.458
387.644
306.106
272.66
221.136
362.966
226.539
366.16
338.856
317.991
210.165
356.953
512.783
347.341
417.84
