18.8175
18.9722
9.76933
17.7822
11.0328
23.8869
10.5578
15.7278
19.3369
11.4928
17.2918
20.0347
19.2923
11.6694
16.9383
21.6544
15.7202
12.9867
12.667
13.271
15.766
19.8153
17.3337
21.3945
22.6609
15.6152
11.4767
10.2003
17.5009
20.7773
13.448
26.526
11.2378
20.152
24.1249
22.6711
11.966
13.7869
14.4849
18.1009
12.417
14.1753
19.4123
10.6578
23.0789
13.6358
18.0922
13.4394
14.6939
10.5324
23.1814
16.4937
17.0264
10.6421
14.2712
15.0062
14.0089
15.8751
15.0084
10.3135
19.0198
12.7668
18.4594
16.9854
11.1129
10.1659
10.4237
12.9401
11.0142
14.483
11.1398
12.2839
12.2853
19.8946
22.8128
16.8789
11.0584
16.9738
14.836
15.8809
13.19
16.5097
19.2702
10.5698
15.6662
13.7984
16.097
15.6007
15.566
11.9369
11.2097
12.8254
17.3178
17.0227
16.2046
20.4927
16.9196
21.4206
11.7046
14.7965
10.9045
21.7093
12.038
19.0544
10.8709
14.1476
11.9307
15.3667
20.338
19.1283
17.6744
15.6431
14.0469
15.5926
15.3714
20.7379
15.2355
18.84
11.9873
14.7803
14.4422
17.6183
19.9778
11.6718
12.3279
15.9803
10.8629
18.2766
15.8698
17.311
9.98679
14.3587
10.4089
25.9572
14.0027
12.4398
14.6824
12.0875
12.0192
21.367
15.3194
10.8583
10.5539
16.5435
22.6202
12.8453
12.9276
12.5782
18.8429
14.9799
13.2083
14.3509
18.2719
17.3714
15.6718
13.1862
14.258
11.9097
14.7353
10.4265
10.1417
16.2055
14.3251
15.4673
10.1171
14.5748
14.6539
10.1724
14.8071
16.6984
13.2072
26.075
10.7044
22.4037
12.3981
10.1302
12.8081
13.9519
14.1417
20.825
10.7659
14.6134
16.2561
15.2791
11.5533
11.8049
24.0517
24.5346
21.1354
19.3037
12.6659
18.2677
21.3839
15.1543
18.4001
25.6544
16.2168
18.4087
17.5398
18.1743
18.9296
29.4579
19.5088
12.6837
15.4963
15.4208
10.8121
11.477
16.9582
14.4547
11.0767
16.6568
11.9787
10.4757
15.7244
15.4473
15.023
14.1333
14.8058
14.0053
10.2122
14.3177
12.3424
13.0302
18.7098
12.3469
17.4015
16.5933
11.3291
14.7119
10.2431
10.7963
13.1514
11.1955
15.812
9.80034
15.5632
17.1121
17.2012
14.7678
13.3168
20.8571
13.5164
14.916
13.8037
10.4567
16.8518
12.4168
14.788
13.8292
15.662
12.6858
18.2989
12.6554
17.8861
16.5862
22.4327
18.5672
18.0304
10.5336
14.4386
18.321
11.8735
16.8095
14.2064
22.1027
10.3603
18.3372
11.0203
18.2944
14.4656
16.3821
21.2281
10.6991
15.4067
16.2202
12.7074
22.8306
13.8079
23.4347
14.0759
12.4333
14.0098
18.1109
22.2369
21.8315
22.6795
18.206
14.6415
16.3426
14.5682
18.135
14.5389
13.5434
11.917
11.5191
9.91344
19.2386
21.4063
18.2046
