391.405
704.933
460.888
545.956
437.715
435.543
411.798
414.12
363.424
502.985
324.805
383.848
508.959
414.746
504.026
319.208
543.835
511.888
314
738.546
339.257
360.981
688.371
340.41
585.684
518.304
551.787
334.546
409.278
385.721
510.36
336.507
398.374
440.985
447.461
319.758
362.751
329.379
340.938
286.241
583.384
382.141
582.682
335.227
320.105
475.218
576.219
587.088
615.648
707.26
429.911
440.47
311.964
508.952
738.538
642.905
375.044
327.795
311.137
323.89
379.015
319.707
644.872
622.728
299.991
615.189
292.929
401.928
491.086
444.788
759.787
527.846
688.787
378.362
393.439
488.313
670.502
444.419
431.478
409.934
502.844
488.927
500.197
432.294
304.968
296.292
441.124
299.392
513.765
499.182
456.484
705.514
309.048
599.232
510.5
377.637
500.859
518.458
304.301
305.658
438.337
360.651
542.893
330.796
422.042
306.603
471.421
396.558
416.214
687.69
471.298
451.394
446.079
646.043
586.759
412.136
340.276
508.391
314.812
305.924
443.443
419.295
349.902
418.428
395.255
458.901
562.566
389.91
480.23
291.894
486.621
339
563.162
301.369
674.662
415.172
617.125
529.329
578.032
468.941
349.622
580.359
350.868
402.22
390.788
391.34
300.596
579.32
372.091
463.704
615.214
314.38
368.951
349.844
328.642
461.139
702.038
349.176
480.412
310.139
598.791
453.074
465.586
332.985
462.219
419.099
300.691
505.911
847.305
648.464
447.781
641.56
461.602
482.163
440.262
444.629
556.366
529.337
436.439
418.101
445.085
398.982
753.893
483.756
517.835
568.495
404.677
459.773
493.325
339.425
473.106
723.134
512.023
290.654
557.329
483.385
374.256
316.266
694.116
432.378
416.832
379.543
450.761
614.989
380.508
949.784
292.207
299.478
689.242
538.585
313.011
422.466
310.754
633.583
301.035
444.245
339.036
384.111
452.532
426.774
341.53
375.41
806.817
703.045
512.838
398.853
435.959
629.97
310.615
497.753
417.244
311.254
351.546
598.5
574.845
433.18
564.171
461.648
573.836
400.72
470.643
601.921
680.698
366.764
414.034
682.189
305.834
610.825
460.171
497.651
450.692
470.282
397.05
368.843
556.766
440.554
497.585
505.98
678.436
530.558
384.823
470.294
454.827
682.29
487.342
542.758
626.95
558.975
301.585
338.653
418.327
502.172
394.512
512.839
511.235
575.707
312.051
693.904
426.255
464.108
290.19
361.285
898.385
383.106
516.586
421.173
574.947
302.351
401.025
382.552
628.741
477.053
601.578
562.223
515.512
312.781
610.175
625.543
685.355
591.895
