33.5275
23.1578
26.8991
38.2937
30.7453
52.9841
31.6566
32.9825
46.7604
44.7362
44.776
27.532
46.7
50.8931
33.8266
30.7851
37.0856
37.0882
41.7834
37.7444
28.9324
39.3405
46.3631
41.9107
34.2845
54.2345
35.1402
34.8355
39.4037
21.9736
30.5596
22.997
33.6665
49.5517
28.8494
23.4812
34.0666
28.2899
29.1231
36.2784
52.9544
32.1238
42.4807
30.3699
40.8433
36.7115
39.2468
42.9141
27.9848
33.5556
25.1465
24.5714
37.5047
29.6082
37.0054
34.6235
26.0293
22.416
28.4397
35.0258
33.3179
35.4371
45.4501
26.9825
23.7528
52.3378
27.4462
25.6671
34.3464
31.7682
39.4707
36.1418
24.0954
28.3694
28.876
35.9727
50.6728
34.8715
52.5762
41.4796
30.7095
31.8574
38.2883
31.0662
40.2024
37.9914
32.1336
57.2941
27.5136
33.3069
37.5533
32.1867
36.882
36.5933
27.008
23.5107
34.2132
32.6688
24.7673
46.3651
