12.4091
9.35462
13.1732
14.6344
12.1823
14.4404
12.9436
17.1261
15.4213
10.6244
15.9612
12.031
15.3872
11.2293
10.4755
15.9249
10.1106
13.9703
8.65089
9.63777
11.916
17.4863
11.3473
12.7734
17.8617
13.811
8.69702
12.3296
17.2908
15.1227
10.0625
15.9876
11.457
16.9885
15.8726
17.6034
11.3635
11.6825
17.2326
13.9407
15.1306
12.3345
12.4677
10.3478
21.4744
13.1458
17.1438
11.9415
9.63203
14.9521
15.8131
14.4462
9.43927
9.78954
11.9361
13.0456
10.3632
14.9439
14.6799
9.77018
11.7592
10.9962
14.8699
12.7149
9.75641
10.3012
12.9121
13.0237
9.56843
16.8779
9.0383
9.9573
13.8874
18.0915
19.0243
20.7476
13.2815
12.3608
14.1818
14.2
9.7693
8.97664
9.07577
9.13163
15.5163
9.9527
14.2884
15.4198
10.3497
9.83274
10.6429
9.0373
16.7981
12.7874
10.8269
12.4536
15.8316
13.0208
17.1394
12.8906
10.0152
17.4861
10.1782
12.7997
9.04698
12.7926
15.3256
17.4476
15.6719
14.4348
16.5424
13.4951
14.3468
11.6757
15.3783
13.3286
13.968
13.1956
10.3117
10.8257
11.9111
14.3975
14.0489
9.93078
9.56686
10.9775
17.792
9.21551
13.6384
14.2775
9.53251
13.9897
9.39415
15.2096
10.4177
13.7951
14.4181
15.0578
9.35807
9.34673
15.4457
12.0996
9.49124
14.9551
14.5613
9.75569
10.9419
13.2271
14.4259
14.0522
8.75264
9.33514
9.89366
14.2788
12.0416
12.7194
9.32458
11.3983
10.6815
16.4097
10.2398
14.7004
17.2549
9.30235
9.06447
9.81198
18.2152
10.1305
9.34132
9.66018
11.4807
15.2779
13.7297
16.8942
10.2454
15.8892
16.9351
15.8422
11.0381
9.65596
10.4123
11.4124
10.985
9.23109
10.8428
9.85872
13.4028
18.5871
17.8411
17.7269
12.1165
15.8339
21.1969
15.1664
19.7325
18.9601
9.85017
16.8674
16.8245
15.7778
13.2644
18.3396
13.8108
9.8526
14.1462
14.825
11.7852
10.5103
12.2134
10.756
10.8949
21.5289
12.3333
9.33056
14.573
12.0205
9.19014
9.39139
15.8498
16.8739
10.0419
14.3422
9.16955
9.3302
9.42032
9.08002
15.7382
10.3768
14.9939
10.2123
9.59591
15.2764
18.4821
15.9047
9.0089
14.2212
8.91536
8.32528
10.7596
18.5403
9.93661
15.7232
9.94973
11.8433
17.7403
10.4884
11.5318
15.8804
12.7983
11.1773
12.2785
11.4927
14.0732
10.9953
18.8043
22.255
12.0733
16.2186
10.1065
13.4542
10.1328
13.2615
10.33
9.49413
12.1768
15.4154
10.0474
10.4858
12.9946
15.7809
10.8638
11.0243
10.8337
11.9181
9.92185
16.4067
19.9411
22.2494
11.659
17.4348
17.8814
10.1625
10.5729
13.6942
10.4405
18.115
16.1559
16.6054
17.2567
15.575
9.1022
10.2974
10.9637
9.85547
9.59967
14.4636
12.296
18.2904
18.244
11.3886
