121.6
192.365
86.8925
90.3338
115.453
74.7436
95.9944
93.8304
63.8658
149.26
75.6943
67.3104
122.894
108.15
105.456
123.339
142.318
127.646
84.8066
162.485
83.0696
99.5723
123.018
63.5845
121.759
102.928
95.2614
81.4286
72.0121
79.9319
100.423
121.888
96.4327
64.8003
69.6221
80.0021
68.9564
63.0188
81.0512
73.6091
106.449
63.9309
140.21
76.5292
78.7752
89.9334
152.86
89.9298
102.426
133.956
104.534
74.4915
74.8925
97.2313
98.353
143.278
107.174
76.145
75.3264
111.056
83.4674
96.5817
165.341
119.543
61.6006
144.921
90.6592
68.2423
144.666
89.1517
117.786
114.749
126.614
117.299
74.633
105.072
115.412
101.197
96.9982
65.3928
113.109
77.5116
78.7387
66.7356
88.5212
102.787
98.7177
89.9222
129.663
118.176
94.9699
140.737
66.5245
146.564
92.5671
75.2238
102.211
89.7556
76.1497
87.3514
75.7674
68.3833
97.2247
82.6746
74.0962
65.2702
78.8221
117.643
63.1592
130.802
66.9067
61.4832
113.437
122.879
80.2954
107.415
74.5216
73.8218
86.4728
79.5241
97.0424
99.471
118.612
86.9947
83.0684
93.7352
103.638
93.1347
102.742
84.0742
64.8493
87.452
97.625
115.197
115.651
105.964
134.156
84.0175
135.94
67.7071
81.3306
137.598
68.7292
111.87
84.1566
116.961
71.8635
120.331
96.767
101.964
125.343
66.2204
88.1969
91.7599
74.6508
111.499
192.778
85.1215
122.094
74.8763
107.155
126.833
109.013
135.015
62.023
80.8957
63.5455
104.498
136.481
146.312
88.5508
95.96
115.932
101.642
119.821
126.588
106.126
109.266
70.1468
71.3888
71.1843
64.9403
115.947
72.2756
101.726
132.282
69.3873
135.571
64.1653
74.7737
91.4101
187.722
124.427
76.6541
106.937
104.733
102.53
74.8553
187.846
117.918
139.919
61.7381
70.3354
133.115
121.272
153.747
94.8278
62.2556
107.181
91.8124
63.7218
87.2682
71.5997
124.79
90.4423
65.5635
72.5274
70.6209
80.248
82.4247
80.4324
87.6796
113.049
102.652
72.6405
73.2927
101.669
116.532
89.873
104.105
112.2
86.2028
71.6402
65.1632
101.259
105.378
108.335
76.8795
110.435
111.045
112.509
96.6773
142.072
85.5286
65.7583
115.845
73.4901
93.6025
76.4764
114.465
114.313
72.1536
87.0814
104.449
137.725
107.105
105.634
83.2071
129.88
104.111
76.5917
83.338
90.8187
79.6003
94.9762
120.295
131.437
134.412
79.1637
69.8009
112.966
75.1667
63.952
105.633
84.8805
79.7523
80.3508
138.466
100.004
65.541
72.3408
85.4732
172.016
73.1963
78.6955
69.7798
148.382
107.139
75.9074
67.7515
102.431
89.5394
113.768
136.007
97.2688
81.4421
123.216
174.079
102.345
153.197
