393.038
737.97
473.13
336.488
582.032
372.491
498.348
407.574
516.419
486.607
600.591
508.413
397.147
484.47
592.875
556.718
589.121
391.229
447.949
589.764
403.112
404.604
752.229
344.174
545.274
544.547
341.015
360.813
537.086
528.278
386.27
391.064
455.267
395.704
478.478
334.593
384.958
475.484
341.957
401.239
634.994
494.117
734.882
385.834
408.319
335.861
351.178
869.61
577.116
599.037
378.298
421.065
501.243
337.401
730.71
547.614
421.279
382.497
391.72
509.515
373.857
542.178
615.162
445.873
345.333
669.877
364.993
466.48
388.612
514.661
867.118
423.226
766.003
532.805
443.764
435.898
685.995
420.754
388.986
337.536
518.06
497.567
577.414
658.026
643.448
442.243
411.279
363.965
375.57
378.223
595.596
849.478
382.749
451.7
477.584
405.906
365.982
403.77
446.526
377.917
633.483
502.789
519.333
428.955
400.046
373.653
569.989
447.162
492.402
574.702
343.917
631.187
518.444
782.262
664.89
391.378
391.488
426.853
431.431
381.672
685.692
371.247
483.105
597.763
399.04
348.427
550.752
517.853
515.423
519.121
558.578
358.814
498.466
449.467
801.156
558.567
532.173
497.936
641.12
409.484
492.724
566.372
719.711
538.004
711.572
377.587
422.498
584.174
607.493
342.324
433.2
485.129
353.669
392.439
397.347
336.158
519.991
676.056
352.622
356.395
454.781
412.597
427.718
470.942
600.25
346.611
562.416
577.85
827.297
706.069
445.618
574.366
434.324
468.375
382.192
353.828
339.687
386.578
543.899
367.578
426.94
433.129
713.651
350.389
522.423
367.799
441.862
366.604
415.909
331.369
665.627
764.42
368.262
478.012
472.497
711.091
593.158
523.923
543.509
365.487
535.483
350.996
422.221
761.695
419.266
843.859
547.953
364.573
589.08
500.309
524.748
566.086
486.115
490.991
341.538
585.255
422.657
335.49
431.37
351.084
492.188
503.912
958.206
798.759
406.326
380.159
364.747
488.212
473.242
494.071
515.395
437.098
668.077
940.105
476.897
383.478
607.665
550.467
525.694
471.314
565.692
364.194
561.513
477.537
412.32
632.613
462.407
760.406
586.73
641.736
339.417
568.149
460.517
386.362
707.847
366.46
667.501
563.568
473.532
468.837
491.514
593.817
537.083
696.487
381.483
498.215
600.442
469.714
365.58
668.821
573.845
371.027
497.216
698.041
516.716
653.902
404.568
740.38
594.974
630.192
389.153
432.741
942.073
449.881
470.83
388.687
532.36
504.753
413.054
513.004
663.486
587.203
557.775
581.771
542.93
424.566
575.112
605.934
789.338
450.128
