85.1556
121.539
66.6187
106.026
67.8126
67.2189
110.039
107.588
163.665
69.9665
108.843
116.488
120.58
127.19
90.2064
103.659
66.235
128.023
73.2562
78.7094
142.25
75.572
73.8328
106.363
101.722
98.4081
87.8838
88.7069
67.2477
64.2706
71.0415
111.931
109.273
92.7873
69.6002
92.6134
67.9753
78.1664
61.9623
85.2754
70.8878
92.6765
100.001
79.8613
103.134
105.975
121.993
85.4246
62.6637
82.6848
107.615
92.0078
85.2559
99.1264
106.085
95.211
93.0594
64.03
157.264
64.4445
118.539
104.277
112.569
128.318
85.074
87.8441
72.8078
95.3748
163.536
130.306
74.9458
94.3985
81.867
98.7831
106.775
63.4093
144.247
108.659
135.226
86.2123
95.0963
90.1655
152.044
69.2205
85.1709
65.1864
81.7023
78.0713
69.5727
98.833
72.0372
93.6311
65.0968
69.6263
82.1272
134.438
135.231
110.305
62.9657
69.3238
