616.36
1123.87
745.071
493.692
1162.4
732.642
976.426
548.489
574.637
908.033
857.436
743.199
1290.41
589.1
545.374
771.531
1116.77
375.763
436.793
789.616
781.651
432.12
739.866
1128.51
631.174
1153.36
673.987
613.819
1267.02
1002.34
597.733
808.527
386.601
874.502
697.779
710.781
393.705
555.901
498.54
1014.12
722.607
896.674
559.709
568.15
531.884
507.78
512.285
566.975
909.419
324.702
883.835
810.085
982.48
580.613
546.359
521.93
560.995
487.58
644.106
553.946
402.595
614.843
507.258
1094.52
692.727
866.721
537.772
865.754
439.925
912.607
849.939
887.865
741.187
877.929
749.857
1601.62
684.916
686.042
576.997
522.312
779.921
865.022
1084.28
783.091
520.843
1290.09
426.223
701.573
628.589
868.555
494.524
991.341
411.111
495.749
572.103
1305.17
1158
612.556
551.566
610.887
