38.4263
41.3149
56.9998
56.926
38.0514
49.9188
56.0675
68.041
57.7787
43.709
51.9943
40.2442
58.5662
42.2597
42.2444
69.3539
45.0762
55.4999
40.3569
39.8601
46.2778
65.6081
47.3311
44.0037
64.2361
62.1889
42.1452
64.4071
60.2578
52.6459
46.6373
52.5492
76.7448
65.5122
55.3482
68.4227
62.6714
62.4425
74.0388
67.6439
72.3214
48.5686
71.743
53.6634
81.0937
47.8747
66.4285
49.6608
38.0242
65.2119
56.5997
44.6065
43.9294
41.8225
51.9194
49.066
46.5055
59.6276
61.7061
42.5346
40.6532
39.8406
49.1221
46.1742
38.633
46.6504
55.3931
76.0684
43.8364
67.0817
39.0362
45.4288
57.3976
75.6974
65.9324
86.2688
62.6259
40.1582
66.301
53.4733
42.4246
51.1963
45.6065
39.4458
56.6078
45.5694
45.4794
67.3119
38.3301
43.7639
45.4956
42.9801
63.0801
57.4277
55.9412
43.9972
70.8261
39.7681
80.9979
55.4807
37.7344
69.7002
52.2256
50.9466
39.2459
47.634
70.4913
74.0789
72.0469
54.9219
70.83
63.7784
67.2676
43.1127
56.6638
47.8521
61.6578
56.5898
38.4591
45.6632
47.6061
63.9253
59.1195
39.72
45.0401
41.8181
89.9433
47.7862
40.1366
50.3947
49.4222
54.9166
47.7563
52.9201
60.0345
57.6234
64.5544
53.383
49.989
59.2933
50.3415
51.7041
43.4431
56.3412
41.0185
38.1277
55.91
50.1293
56.1972
56.9762
39.7236
40.5827
60.9895
53.0999
44.7141
41.5286
39.6653
48.7814
43.1292
70.8531
49.1278
62.5961
78.6883
40.803
46.6278
55.3093
77.564
45.4244
42.4673
38.0689
46.6396
49.014
56.3897
46.9354
53.0782
72.1017
83.823
60.8261
55.9189
41.632
40.629
47.2701
52.3994
46.8721
58.6414
47.4308
50.5007
67.278
61.1501
73.5425
56.5676
64.5297
74.9782
72.9053
79.8067
79.3588
49.8389
66.1506
88.0418
69.8279
50.0701
67.037
38.6012
54.509
65.9757
68.6599
55.4298
44.1551
54.4974
45.5866
60.5091
101.982
56.8478
39.3766
52.5217
47.8207
48.2039
41.1635
64.2736
73.3533
49.3386
53.4321
53.406
41.2228
55.6016
42.1265
64.6915
39.0632
50.9961
39.9902
42.3004
58.7262
89.4908
66.6738
38.2179
74.6899
40.4409
65.8841
49.4535
67.3872
39.5274
59.052
52.6671
60.5238
74.3285
56.8067
58.2187
69.7309
55.6606
36.5582
49.6992
50.5122
63.9319
40.5758
79.3701
100.005
45.0137
71.3221
50.2343
68.993
44.8217
60.2133
41.4162
40.1948
53.3217
54.7015
39.7154
47.7286
57.1437
69.8745
40.1352
55.957
38.9524
44.8345
39.7378
84.7947
91.4012
73.1139
70.4922
78.4136
71.1874
38.8228
41.0446
52.1214
41.6722
75.2166
69.6114
62.4834
66.6713
51.7952
47.62
41.6643
49.8459
38.6699
49.5261
64.1851
61.8645
79.1603
78.4466
57.2912
