58.9951
57.6196
93.5399
74.2796
56.0026
73.9234
85.3137
88.1983
66.2314
59.0957
71.4843
55.069
71.5488
59.7378
57.4095
87.4253
55.1141
70.4933
67.1948
52.7831
75.6456
73.339
68.3324
53.1347
83.1153
81.1295
55.0626
94.2199
87.1556
63.887
82.1201
51.0627
100.658
105.844
70.4129
92.1393
89.4953
80.4996
118.627
82.3794
92.7471
62.364
82.3401
76.9849
108.228
55.4889
81.6217
62.4816
74.6497
109.899
52.4404
59.6736
53.0808
56.7938
58.3995
78.4853
63.8498
91.7448
70.3846
76.0655
54.0569
60.4202
79.2588
69.9851
55.9254
71.4252
73.4981
85.5303
55.1996
88.8922
51.3489
74.3952
84.0063
86.1
88.5443
135.88
89.4087
64.8267
96.3384
58.891
68.051
52.888
61.4327
52.8541
91.2892
75.1488
57.8193
81.9174
56.8963
71.0009
55.9696
60.5991
96.13
68.054
84.8597
60.9648
100.371
69.8284
126.271
77.3908
63.8383
80.664
61.4654
54.0657
59.4798
61.767
102.95
118.774
92.7318
76.4385
90.7824
63.9327
89.0315
52.7737
98.6256
50.661
101.903
62.4634
66.1512
84.3893
71.5287
85.266
76.285
62.8837
71.1002
60.5225
104.118
58.3289
63.324
79.6493
52.8472
81.4949
59.8437
56.6073
79.4267
90.6769
95.5865
65.2347
82.1503
101.459
63.3638
78.3678
64.4278
57.8338
67.1965
80.4239
86.8105
81.7415
81.5152
57.1101
61.9962
54.4547
74.0322
69.3538
59.8661
55.5129
63.382
83.4112
56.6794
109.6
65.2443
90.7148
112.377
55.8779
70.8742
70.5639
108.694
67.4199
59.5909
74.3405
64.4313
61.831
78.7444
77.6907
62.5531
83.3009
127.381
91.1216
78.1776
65.4025
58.6494
67.5874
69.0465
80.8252
81.2733
72.0266
73.4572
74.1973
87.452
88.4651
84.0038
90.2136
120.89
83.9139
107.557
91.6445
87.0104
91.5756
117.967
81.5705
65.4028
74.6332
50.2375
80.9074
64.7977
58.0881
99.5463
68.305
60.442
54.9116
81.9867
128.736
85.3925
59.4898
68.0535
56.5604
57.2929
62.244
82.6205
109.146
79.6807
91.7382
56.2344
57.1288
82.165
77.5733
55.4411
57.7033
95.721
56.3709
51.8537
102.831
133.746
71.8409
53.319
103.429
87.941
83.1703
53.9349
107.257
57.7307
78.3172
80.697
72.8441
112.231
68.3981
86.6297
107.931
68.0991
51.2824
66.7367
55.0157
74.3077
52.1425
124.358
163.951
70.1981
72.745
55.2327
99.8654
59.6963
74.6176
78.1713
70.0668
70.1268
66.0512
77.3532
59.4426
87.6857
98.9683
75.5863
81.9663
58.2713
86.4769
68.7924
127.554
114.305
102.921
86.8995
102.729
102.438
68.9345
62.0132
68.0525
57.8001
84.9741
93.0911
94.5452
124.121
59.2608
63.6209
70.2266
77.782
54.2645
72.8298
102.577
94.068
115.064
124.347
79.2975
