35.0031
37.7463
37.3948
60.528
31.1059
73.1404
39.5868
53.6232
59.3298
38.1989
62.4913
63.0869
58.7389
35.476
54.4644
62.212
31.9331
48.6972
41.9434
32.5
53.0232
63.849
40.606
57.2774
70.4705
39.5513
47.4816
35.3701
64.9763
64.7995
38.3837
67.8127
38.0273
72.9238
68.9837
79.7474
32.1012
30.8143
51.1881
55.3056
45.7667
47.3051
68.1086
46.306
75.6123
32.3553
63.6547
31.1323
33.1864
41.3408
64.513
51.4569
51.188
33.0228
43.6407
42.2906
33.4535
71.0771
50.5382
31.9029
60.5401
40.4024
47.8076
54.1801
43.9449
32.1901
39.2112
33.5522
34.4205
54.4349
48.7898
32.7832
50.8321
65.278
70.3263
77.0235
34.755
45.2941
36.3504
40.3462
37.0592
50.4869
49.6127
37.1361
47.9608
41.5937
52.7183
49.2464
38.126
32.784
48.7252
45.0706
64.8827
39.5189
33.8327
60.7042
67.6316
53.9223
49.4632
38.401
38.513
69.9038
51.1023
58.1327
35.7539
40.4552
36.2941
52.6354
71.5067
52.9608
62.5874
47.0815
51.1601
37.8638
45.8773
48.3522
54.2971
54.438
34.2731
32.5712
43.7244
58.9991
54.3735
39.9667
33.1492
53.1673
36.1329
44.767
49.1536
54.2245
43.0699
35.2092
38.7036
67.9631
32.2862
56.0088
43.3813
39.3475
31.0595
40.6752
47.9215
31.9765
35.1023
48.742
43.4282
30.1127
33.4667
39.3591
66.3304
42.3935
31.4271
48.0598
44.8986
49.0272
46.6227
34.2426
30.3728
39.8962
47.3256
44.7234
37.2154
37.6069
64.6348
39.0583
48.6249
34.9834
62.136
41.0938
44.4993
38.7117
53.2534
75.3376
31.1096
63.1932
40.3114
39.7707
69.423
34.5666
37.6127
53.9125
36.9567
42.1978
44.6272
31.5335
33.1868
32.3178
73.3673
54.962
51.5971
56.6508
38.6985
43.21
63.0883
44.2897
61.1351
76.2511
34.457
64.1059
57.6701
38.9571
42.5437
80.0294
56.2413
41.0095
51.9614
38.2423
34.1466
31.8035
50.5919
48.0899
36.7808
42.3705
35.6016
37.5674
38.2725
46.2443
36.9983
53.5473
52.5576
44.1074
32.1645
43.4226
39.4314
43.2483
46.1926
30.0903
36.6125
60.7715
32.5535
54.8724
37.9819
36.4367
41.5455
42.194
56.8658
35.6281
30.1398
45.2838
42.8245
47.5994
34.3674
61.7866
34.0922
54.2316
44.558
37.6882
33.7148
45.4571
31.6281
42.6443
34.9781
39.0467
57.4011
41.5938
59.9775
58.9284
60.3797
60.0517
61.9042
51.2042
48.2618
62.6491
53.9823
38.8966
37.4325
55.9023
36.6999
36.4226
34.5846
78.4878
39.8754
46.1535
67.6833
36.8624
34.5786
58.4567
41.226
62.3034
30.3158
80.1692
56.9981
35.717
50.8461
56.538
67.5988
65.0078
61.3187
53.3191
54.153
56.8068
47.2986
52.9505
40.9006
30.2787
36.2647
35.1888
33.3383
61.6845
80.6158
51.2367
35.0031
