807.117
561.21
957.839
522.878
738.47
475.006
629.045
659.934
538.641
606.849
598.858
619.57
499.355
638.865
466.85
503.982
516.712
475.719
736.17
567.232
759.02
654.339
857.563
779.278
521.203
715.998
564.465
901.175
590.082
603.179
910.151
921.753
1124.39
826.917
551.316
613.534
901.084
755.777
997.203
727.874
873.331
500.825
869.561
879.892
628.689
659.001
497.344
497.82
804.014
922.488
843.998
610.714
504.38
559.664
469.969
617.71
469.047
640.314
488.762
854.204
579.258
628.826
462.027
628.995
511.871
649.034
702.454
693.653
490.242
640.891
472.938
751.17
745.592
468.1
542.826
1113.69
861.068
782.258
811.455
794.088
557.418
528.765
584.311
546.838
566.474
664.128
674.209
623.991
502.212
617.531
568.94
638.39
738.314
472.114
831.056
474.984
858.266
950.803
1139.85
639.616
680.249
487.435
512.436
624.562
570.37
456.197
853.576
1028.99
710.649
488.726
751.388
459.863
838.96
715.85
830.979
659.016
858.38
494.508
528.479
782.575
568.848
730.772
497.437
611.563
739.969
511.623
772.872
492.72
452.47
610.805
522.327
569.634
699.063
725.33
773.727
804.145
825.448
548.875
920.439
1288.91
581.057
606.791
596.611
709.97
933.21
933.838
929.244
653.032
630.279
607.603
525.298
542.273
786.701
544.491
763.541
715.434
844.312
762.916
607.928
873.796
657.838
791.608
989.673
497.045
781.387
809.397
954.699
742.635
602.931
792.461
501.711
696.461
522.208
474.51
514.99
731.261
1319.91
674.04
736.327
616.306
478.327
540.881
528.115
907.131
755.831
773.824
658.161
708.182
500.662
677.923
829.081
623.707
708.209
769.561
797.112
583.779
1014.7
678.77
1028.03
572.566
556.235
623.903
666.445
863.786
474.044
576.825
1026.56
546.375
476.565
515.73
794.866
1075.84
820.023
626.464
588.101
512.222
551.359
632.618
609.232
881.802
788.534
667.377
469.878
648.94
961.404
903.384
696.478
708.555
723.702
639.122
528.328
906.096
1310.98
525.239
488.675
978.197
924.532
989.98
537.519
728.938
520.215
539.162
801.566
770.079
889.129
707.893
829.448
918.877
503.661
579.16
500.044
533.131
562.48
550.258
1021.15
1505.7
1030.7
512.813
603.509
1026.9
503.163
568.45
857.119
838.831
536.117
536.525
694.303
479.023
747.941
829.233
929.666
844.981
478.846
749.259
690.621
1189.33
862.092
681.617
853.699
761.924
893.44
601.387
535.299
508.009
478.874
536.173
595.32
648.263
1162.34
784.185
596.068
820.932
774.396
519.054
702.626
927.537
928.114
916.242
1160.22
730.684
