291.534
138.044
270.639
156.796
213.861
156.109
190.016
182.638
170.31
170.752
199.177
188.994
151.083
229.218
152.048
157.968
137.606
144.309
197.599
200.038
211.27
207.462
285.595
158.245
141.339
198.051
190.728
272.797
137.726
224.928
233.047
286.296
332.06
259.489
197.958
156.573
271.879
183.169
278.251
215.936
276.984
144.094
297.346
243.588
185.533
175.61
143.842
194.825
209.719
231.329
228.78
210.841
164.754
159.452
167.97
158.01
160.434
146.344
143.583
243.83
186.18
198.785
198.169
174.573
171.088
209.23
186.35
199.568
140.561
189.91
147.851
246.406
223.186
144.039
168.855
294.01
250.994
247.687
258.631
221.34
155.802
165.026
150.499
155.61
169.936
217.735
244.918
199.515
195.448
191.702
171.884
239.454
207.213
149.215
230.752
155.643
247.456
305.497
325.51
202.481
215.127
200.541
190.319
172.432
173.395
162.427
209.371
282.49
223.449
179.144
199.591
136.858
272.022
263.543
207.054
194.821
296.924
157.839
193.753
231.416
167.454
254.261
154.31
173.04
198.991
163.135
220.795
144.431
146.65
201.968
147.643
179.205
256.377
232.512
258.341
222.139
246.313
191.097
270.08
383.743
205.154
155.703
185.192
212.658
282.998
297.338
237.976
153.346
185.745
165.878
146.573
148.26
221.59
141.37
215.714
223.568
252.232
235.647
232.487
210.847
191.282
189.379
284.499
143.396
256.788
251.26
212.196
173.138
185.561
191.252
137.154
202.241
150.489
172.974
185.902
208.124
374.539
193.617
203.193
188.761
140.293
147.032
174.003
253.457
243.417
193.359
221.908
230.013
153.32
195.057
259.034
179.953
168.325
220.391
212.112
162.858
306.242
209.575
317.702
168.819
156.202
172.216
232.834
236.577
191.94
171.15
286.917
138.747
144.441
176.76
207.979
292.008
244.792
211.839
199.59
171.765
145.475
184.794
183.165
242.956
240.087
210.541
162.672
188.382
336.451
220.427
176.317
200.632
136.922
183.897
174.348
230.682
390.594
158.728
144.545
297.206
273.311
299.113
160.524
191
142.534
184.148
234.967
209.43
259.265
220.172
281.106
267.268
198.215
230.77
156.716
157.019
222.71
175.218
300.128
468.023
284.242
160.188
227.409
300.748
142.027
148.187
205.37
212.568
150.408
143.935
224.984
159.863
223.391
237.493
287.633
241.74
158.314
195.267
201.746
356.896
201.396
139.828
270.123
285.323
260.379
158.613
159.994
166.544
155.911
141.053
186.242
140.914
283.567
250.094
206.868
259.92
222.155
140.874
269.664
243.65
277.006
246.175
274.664
229.099
291.534
