563.359
358.099
561.765
517.005
271.292
273.099
362.028
312.939
246.062
236.326
243.556
339.965
328.635
375.692
237.517
288.782
454.261
328.396
304.821
387.2
381.975
363.041
577.079
449.81
340.141
240.824
372.694
282.749
264.793
300.068
282.512
389.635
709.573
343.932
384.851
334.856
297.038
241.207
226.205
234.676
345.626
332.557
216.237
271.917
234.863
279.85
211.328
258.71
387.695
449.129
343.932
244.961
356.224
453.66
322.409
298.118
335.574
568.642
451.659
238.554
350.943
339.768
300.42
429.702
404.831
238.722
312.61
257.517
382.147
341.939
294.414
313.93
236.633
355.923
333.966
654.697
293.523
446.426
362.527
275.311
221.632
266.713
204.878
239.508
537.955
335.77
286.543
395.851
298.891
237.412
212.323
237.906
365.179
365.169
292.408
396.771
216.824
386.693
386.195
292.531
