201.163
202.449
84.8735
107.37
163.213
110.038
117.592
98.4629
78.7162
149.046
89.8475
100.131
105.288
114.178
121.989
179.282
155.433
125.06
103.324
170.19
76.6318
98.7657
100.405
83.5124
121.092
103.135
100.357
141.347
85.3118
96.5102
106.689
154.686
105.717
119.565
148.254
112.625
83.697
82.9942
132.461
105.389
110.952
90.4825
112.04
93.4342
114.61
98.5414
120.779
81.5104
94.284
142.977
95.6025
78.7899
89.7736
127.901
106.425
167.651
136.758
131.555
75.2159
133.788
72.9182
123.445
176.41
95.5444
90.0391
110.793
105.372
78.9953
129.63
88.7507
93.0428
140.616
122.349
92.6634
106.111
87.3047
114.109
125.488
155.629
125.95
135.166
76.3803
100.01
98.8958
141.391
156.663
90.3371
76.5768
144.243
132.592
75.1097
107.853
104.117
187.21
99.3016
93.2869
79.2034
81.0681
135.957
107.124
76.2395
112.769
99.0628
88.182
76.4692
74.2844
146.86
149.206
85.939
150.006
96.9993
86.2304
124.294
156.241
108.954
107.274
127.114
86.1864
88.0531
75.2497
80.4315
100.17
195.32
110.963
131.292
105.86
118.93
118.005
96.8254
86.2369
109.065
141.535
124.127
121.305
113.186
87.203
146.226
101.622
162.78
87.2366
110.115
159.067
102.112
98.0316
103.217
118.249
86.0638
140.252
75.0917
89.0367
117.476
75.9778
95.706
88.3799
84.046
119.819
196.477
116.431
100.174
108.735
102.407
147.733
111.737
197.223
104.289
84.813
101.248
86.3861
112.837
156.318
103.255
90.2565
138.45
104.306
110.292
136.624
105.294
139.661
74.1043
129.47
93.2262
98.1104
83.1461
84.0011
113.139
107.668
82.64
205.057
128.565
94.1523
76.1498
189.851
201.146
100.683
111.708
141.054
123.061
82.3082
215.08
154.725
162.419
131.381
68.0605
153.205
119.017
123.23
139.189
90.3013
84.485
81.2126
87.4504
100.981
93.0926
123.796
134.127
94.418
93.1862
81.2838
81.3686
146.908
116.847
127.358
107.538
93.915
92.7229
94.4484
88.9673
77.7147
115.004
77.1422
103.178
100.079
116.748
93.8762
71.6747
120.267
73.3107
84.4227
78.0468
145.3
131.519
120.908
160.876
80.1377
110.994
117.289
80.3357
125.4
99.7576
109.179
143.663
96.3862
109.655
85.3688
146.079
145.351
132.723
97.5111
103.997
105.212
96.6156
131.787
103.938
88.2208
129.525
136.595
146.205
166.006
97.6909
83.5178
105.639
76.1451
104.603
95.7081
81.7342
124.847
90.776
97.8432
98.2308
115.834
93.2591
102.032
139.942
98.2569
96.9108
109.191
200.713
194.546
129.43
74.1347
89.3653
86.352
91.7051
137.677
120.826
82.5107
115.73
233.208
94.3443
203.246
