247.67
133.022
161.673
207.405
282.183
191.113
160.47
129.362
162.431
207.475
153.983
138.301
155.161
153.201
189.079
137.52
166.639
214.356
215.688
163.563
266.735
162.414
182.141
199.78
124.467
375.433
184.418
130.445
161.612
213.526
131.382
160.778
233.562
319.573
157.947
203.523
154.954
148.131
183.79
176.698
155.858
166.339
139.055
179.617
159.431
148.039
207.482
145.132
253.559
153.828
146.354
167.192
186.563
193.18
134.436
249.914
319.885
230.064
139.802
179.361
178.181
259.879
227.155
152.396
184.927
160.926
203.416
170.045
137.043
189.823
193.462
166.24
259.738
133.508
180.344
169.781
205.715
187.694
199.364
212.672
267.229
165.441
229.796
153.615
123.511
198.715
130.451
313.471
127.921
280.93
171.028
127.401
207.28
207.833
186.524
243.205
124.928
155.945
158.382
192.35
