119.213
114.875
65.2861
70.4802
82.9161
110.903
75.2109
71.0665
86.7369
80.7042
75.3049
94.4696
78.8512
62.4604
90.1906
127.029
94.4086
54.3974
56.5007
90.0634
73.7038
97.9454
82.2334
89.8674
110.764
86.8013
57.617
83.7504
79.4236
95.1949
58.5182
125.583
68.9192
111.112
123.838
112.149
57.0089
61.1323
97.9407
91.3409
56.2938
61.8891
95.927
56.539
117.559
54.533
68.9696
68.1091
57.059
83.7273
86.9449
76.0101
79.7647
72.2087
57.0014
103.055
85.1662
99.4437
71.2007
72.5594
82.1029
60.5887
115.066
71.0494
52.8847
68.1283
59.4854
59.426
75.7929
70.0573
63.3297
80.8959
52.8458
95.5596
109.714
85.2986
74.6689
57.0509
99.0726
55.9412
83.8391
74.3693
85.6898
63.4024
101.2
94.7077
70.0674
75.4986
93.2997
78.6843
58.5156
71.3414
94.6623
111.308
73.2548
91.853
86.3025
88.807
92.9206
83.2304
55.2312
108.145
54.0279
76.4942
53.129
67.5816
92.6143
104.742
96.6776
107.913
78.1887
77.7026
54.3449
95.9694
90.7258
94.025
94.4958
86.4696
55.0065
58.6942
62.0241
72.0487
127.519
69.8469
69.6996
61.8162
83.9867
86.7489
65.4515
84.0273
65.9971
92.0238
68.4808
115.228
61.8402
61.2448
96.6744
56.909
89.6906
84.9987
61.6275
81.4644
64.2319
68.2187
97.8084
64.9336
55.5492
86.5621
84.3768
66.1697
59.8269
68.1691
80.6019
85.6963
67.4935
59.4395
102.656
79.2428
59.9302
79.1286
63.2161
100.997
65.1407
110.413
61.7138
59.8488
68.6352
59.0386
54.8926
92.4697
55.9688
108.024
83.565
103.316
60.3526
65.645
67.0942
93.3472
60.1066
99.1763
63.669
71.3121
64.6963
61.4334
65.2752
57.9702
102.216
142.935
111.829
95.0112
57.3076
119.716
139.092
62.4124
75.8054
128.595
55.3247
88.6502
128.748
107.403
107.403
131.998
84.3612
89.0281
59.3423
57.4637
78.3845
57.9771
72.5562
64.8842
62.3992
96.1141
63.3755
68.8064
96.0603
62.0561
70.218
69.1813
73.4783
98.7399
70.3418
91.2812
69.6954
67.0977
81.4999
56.5964
69.4134
72.976
72.3585
65.6183
64.0363
74.5522
90.8456
57.9984
72.7219
76.7139
64.2385
72.7751
71.8114
100.939
64.6965
74.5442
73.3594
68.1634
87.7066
68.451
61.6246
86.6714
78.1663
76.3785
95.0304
53.8705
92.1219
57.3401
113.61
113.678
106.252
76.3633
65.9829
55.6077
74.4395
101.262
54.0285
75.8962
87.3774
111.708
81.7647
105.547
69.65
91.565
55.1537
64.2789
97.4472
65.9417
68.9312
100.817
81.5703
95.049
64.3804
114.432
69.1705
59.3961
59.2027
89.7307
96.0945
105.498
136.541
126.13
99.3107
78.3122
60.9501
80.3492
55.2469
82.4289
76.2618
62.2758
71.934
141.505
107.82
121.82
