322.865
247.994
211.987
170.228
356.574
189.276
359.269
338.139
314.382
205.813
284.089
231.897
302.835
215.682
212.829
249.309
171.406
173.775
257.932
235.572
192.822
212.402
354.016
209.452
185.217
290.052
183.752
254.264
285.242
185.708
181.473
255.709
202.21
260.428
320
311.707
210.411
283.601
296.188
203.746
206.444
354.947
194.498
178.495
217.885
342.682
272.467
284.429
337.641
310.987
245.017
293.643
163.541
243.847
331.619
359.571
226.051
248.152
182.254
230.893
232.742
270.623
221.25
171.263
211.334
322.445
188.926
268.696
238.245
307.599
254.079
188.153
337.547
194.393
312.843
245.811
335.469
238.379
205.909
190.644
235.036
261.766
271.132
233.35
179.454
330.624
179.877
175.393
176.035
293.129
204.754
222.787
247.159
267.958
329.978
202.384
270.99
160.51
250.505
202.502
246.122
228.5
310.736
249.187
186.259
213.136
452.097
206.772
172.05
287.329
244.299
201.853
177.186
345.798
289.625
163.928
208.694
179.394
243.963
179.467
275.175
249.128
305.587
311.733
187.309
177.378
184.568
212.859
257.777
242.394
311.972
316.647
249.656
204.934
332.411
332.787
220.571
195.584
217.844
196.203
214.54
184.859
266.869
259.745
304.895
192.342
185.598
213.263
258.665
169.194
189.157
224.257
322.899
163.148
182.46
172.012
167.452
287.054
308.638
178.543
222.513
172.403
167.017
381.724
372.064
173.428
197.155
253.048
388.817
362.06
181.08
306.857
190.485
237.577
186.337
265.512
202.104
223.534
357.949
247.786
198.947
209.015
412.971
277.127
236.916
263.27
167.718
239.521
262.954
228.536
332.545
276.435
255.279
305.805
262.889
294.569
361.821
181.446
221.532
170.487
304.684
179.11
241.651
294.891
274.062
343.045
213.5
186.554
271.345
171.146
206.242
235.878
262.581
323.676
201.404
342.109
334.154
253.417
202.761
206.995
245.425
198.771
374.385
313.729
286.111
221.643
247.678
374.493
256.26
222.024
171.045
170.929
352.16
460.914
188.173
224.621
320.099
305.456
186.591
233.481
166.956
232.377
249.84
250.232
268.59
257.78
338.892
384.334
263.685
230.154
241.568
254.997
171.193
212.714
219.248
174.187
255.895
185.963
245.129
290.552
191.17
170.477
212.342
361.956
187.495
198.833
274.725
329.312
337.37
208.451
206.925
236.415
275.563
325.486
305.163
211.924
238.754
304.103
241.165
321.983
202.452
186.339
353.093
262.948
388.308
319.316
212.031
288.184
175.811
293.927
379.033
308.925
218.021
253.988
226.236
255.898
283.244
186.253
352.074
241.974
