56.617
51.0623
52.3605
40.2997
52.8297
73.7603
73.2856
46.6968
53.8895
52.0554
42.1332
36.6178
55.3395
57.4312
71.3308
42.3381
43.0031
54.8945
84.301
43.5351
40.7296
54.8329
39.2897
43.7524
49.6181
63.5372
41.5234
49.8546
82.7099
61.0648
80.2866
47.2984
45.5959
56.735
58.6476
46.3131
54.867
40.321
36.7068
47.7933
43.7218
40.8943
42.2548
72.758
62.5915
39.0755
64.7223
56.754
48.6635
55.8877
67.734
45.3983
37.9578
42.4903
42.1034
40.1794
57.183
63.8989
91.9452
39.1723
52.0717
47.3639
44.7093
58.1426
71.3791
62.9481
53.626
56.839
39.54
81.4259
47.9564
53.2357
35.9437
60.1655
120.1
47.1032
52.9628
70.8117
65.6664
44.9039
38.7343
42.032
58.0989
45.6523
61.1064
51.6575
87.4758
45.4853
51.1331
58.4114
69.0228
52.1568
77.5175
37.0693
69.5406
70.3348
87.5965
70.7118
51.9133
51.4008
