35.8969
40.148
28.2807
25.8911
32.9115
34.4924
42.4013
46.6132
29.8546
30.8955
20.3297
27.9204
34.4392
26.2196
34.4893
46.4299
33.5348
35.3993
38.0865
44.6508
33.9046
28.793
27.5606
25.4996
24.5418
31.1945
35.4735
62.485
24.7265
33.0465
32.1345
21.8116
39.5563
31.9161
25.4676
27.6718
25.5153
45.22
42.5818
26.9521
23.4194
24.0276
34.8153
51.6295
22.2621
48.5185
28.4411
45.0535
32.0127
34.3303
32.0804
24.7797
28.5786
41.0358
22.9617
44.4313
22.1719
27.4593
34.3741
24.843
36.5189
34.0274
26.5672
29.8626
36.9746
33.6385
36.0307
27.1031
29.1952
25.782
30.9854
28.96
28.6535
44.4635
36.1966
49.4327
42.6855
23.08
27.0741
32.9782
25.7794
24.4654
38.9259
34.0256
41.6062
23.4838
31.8551
26.5714
43.2547
28.2855
33.9905
31.1948
39.8627
43.4182
24.2015
22.6635
37.0311
24.9916
22.1688
24.181
