182.303
195.594
231.752
188.305
305.958
131.974
158.923
216.176
218.448
173.415
196.961
126.74
134.29
259.737
188.14
183.48
301.489
223.156
164.491
181.531
264.879
217.796
156.078
253.623
191.158
170.096
157.905
176.502
185.877
224.358
151.98
243.251
152.652
221.215
173.572
210.371
204.135
243.293
157.162
183.516
260.776
200.024
170.168
136.55
182.673
227.932
210.266
300.744
168.191
217.124
150.956
171.115
150.561
163.599
177.833
153.023
188.643
175.862
132.56
219.774
158.153
223.079
238.345
208.789
163.324
248.489
235.702
193.765
153.446
240.164
286.137
236.895
202.954
223.657
147.028
216.703
157.973
131.642
176.397
164.572
263.552
189.526
168.11
144.024
151.086
255.454
145.922
169.023
162.914
232.386
