188.138
198.467
155.037
195.466
139.671
229.081
241.833
292.668
137.505
162.157
262.24
156.876
316.961
156.481
178.712
260.205
213.032
163.866
173.868
231.676
140.716
290.42
434.846
162.872
156.299
245.988
299.926
173.457
146.558
169.12
161.967
143.025
152.714
295.566
149.44
214.351
165.087
159.458
183.213
234.896
298.688
194.845
299.726
147.226
230.993
149.058
175.329
162.826
388.426
251.008
273.68
143.497
213.722
187.584
285.041
163.199
146.479
151.894
148.538
140.675
208.104
261.525
238.015
162.439
227.631
174.733
215.985
189.128
158.175
150.884
154.516
196.03
184.667
264.061
378.163
248.211
173.355
231.933
155.975
230.025
217.479
222.668
210.323
162.913
197.514
169.622
209.703
137.049
155.176
177.645
273.355
221.214
169.596
191.832
236.484
176.697
265.737
264.022
170.511
226.634
