1576.61
3141.28
2448.8
3104.29
1651.14
2274.29
1374.11
1571.56
804.047
2733.42
863.545
1499.22
1455.08
1336.31
2033.9
1205.79
925.47
2455.08
1033.5
1742.28
1281.94
1883.34
789.658
2576.72
978.662
1044.6
2842.37
1920.83
1263.12
1847.93
1537.75
792.416
1194.71
821.096
619.385
667.725
1005.96
1432.88
1308.77
1212.81
1784.86
1550.89
1597.9
1010.4
1784.88
1678.55
931.898
1035.16
2361.12
1345.61
2083.46
889.096
1965.93
2039.16
877.803
1472.51
2458.91
1909.02
843.284
1907.94
1621.64
777.988
898.39
4102.48
1114.15
2817.08
2308.37
1237.74
1158.51
2621.02
1272.11
1150.89
1684.3
2504.53
1214.58
1153.76
715.401
1256.31
1067.09
1078.12
842.097
1276.68
1313.69
811.458
1070.04
964.186
1749.4
760.011
2171.25
849.579
1379.57
1320.08
2499.31
976.452
2234.18
2028
723.669
2277.4
1782.31
1139.05
