139.994
256.962
269.621
149.684
215.96
210.429
153.27
280.057
299.408
185.005
223.677
201.829
158.058
235.091
165.472
157.131
146.507
164.039
215.38
174.09
156.858
212.951
192.358
135.614
194.334
216.778
384.31
165.825
202.344
277.86
142.393
191.876
161.805
385.524
220.97
414.852
208.66
394.282
160.22
202.123
252.305
266.137
142.596
151.561
172.367
274.252
139.531
171.814
126.438
224.514
216.668
159.177
335.674
162.548
128.961
206.736
188.893
149.806
203.585
265.33
230.133
246.845
168.422
200.488
138.74
292.751
152.614
195.985
197.382
208.678
239.629
161.234
197.592
165.1
209.017
283.909
277.396
141.975
251.808
133.328
220.255
217.81
175.507
139.356
208.504
274.293
175.306
227.207
213.358
195.614
203.175
154.861
129.711
447.522
165.9
252.437
274.776
169.717
189.369
210.825
