59.1267
65.3693
60.6336
72.8986
63.3748
41.375
85.1056
65.2148
76.0196
45.8621
47.3251
42.9234
50.3958
65.0949
70.7264
47.7471
89.8192
50.4449
55.7156
70.4451
63.5586
53.9298
76.3702
56.3336
43.9794
54.2967
82.5676
60.5453
62.8937
51.3494
63.0191
45.3457
64.5947
42.7233
70.3095
65.9525
89.0415
56.5882
63.3988
68.0697
85.5998
72.3843
48.75
56.4228
50.0184
48.1873
51.0683
43.7759
72.0002
74.1724
57.1433
53.07
42.8238
50.9028
47.8385
52.5367
51.0005
42.0382
61.2344
49.2283
41.7416
69.9569
93.9192
65.7482
66.0205
63.1976
58.8687
59.8303
50.7109
44.1529
69.4022
50.9677
49.7195
84.457
70.3193
49.6574
54.5322
59.5698
81.9895
102.697
60.8392
54.442
40.5548
56.5593
54.8237
48.765
44.761
52.9617
64.3032
82.5788
94.73
49.6485
49.5069
56.1381
50.9194
88.4452
59.8303
51.5948
90.7713
63.3581
