120.964
122.847
160.846
126.328
139.848
106.016
140.094
153.373
93.8279
104.966
93.9039
124.72
111.816
78.1214
105.146
121.53
134.411
162.252
89.1002
90.0741
102.177
100.235
131.631
111.933
128.883
74.5031
112.764
80.5328
106.698
134.247
101.385
104.318
86.7151
83.6283
78.9888
94.3061
131.614
133.542
135.1
129.985
127.837
183.11
76.1926
95.1835
126.872
147.251
94.8209
82.9379
80.1997
114.145
101.33
136.037
105.145
137.628
76.7016
90.1057
106.302
86.663
139.805
94.098
114.332
77.4682
163.254
189.805
77.6896
110.484
98.6331
77.5943
117.21
82.8453
109.033
127.225
123.021
105.107
93.2477
82.3875
126.978
73.1922
76.0453
104.377
151.266
99.1958
150.727
86.35
116.444
164.528
87.2665
77.3469
115.351
131.856
106.504
105.131
91.4947
193.678
83.0534
106.711
93.0715
112.729
96.7317
95.1786
105.092
118.686
96.3692
