225.205
372.787
182.363
67.4895
119.64
218.667
194.612
228.228
168.564
230.715
180.221
177.779
152.682
165.304
252.541
255.255
206.206
157.906
226.064
255.365
137.467
217.4
154.277
234.363
233.653
170.031
148.641
150.591
143.356
128.862
146.814
209.764
220.113
161
191.959
184.186
232.839
122.171
163.403
214.012
152.959
151.303
205.345
171.799
152.033
180.205
134.866
140.227
238.436
202.043
250.443
223.155
150.767
78.8695
181.315
148.934
231.822
229.646
149.427
137.142
133.56
192.014
312.152
269.885
200.197
209.119
215.252
112.431
264.687
179.746
154.845
236.392
250.277
174.889
206.34
125.578
228.968
199.418
113.268
269.349
303.523
198.729
258.122
179.765
258.229
388.973
130.822
250.343
268.901
144.529
206.196
198.028
197.282
135.858
221.066
192.25
170.656
154.794
174.897
147.674
