53.8224
62.7086
97.7056
59.8126
109.693
74.6339
76.3761
64.9208
83.0374
75.1838
94.839
105.665
55.981
99.5709
77.4781
57.8954
96.7966
85.2881
120.012
64.9464
96.3607
67.1308
61.8678
84.0028
69.4772
69.234
70.4204
56.9896
53.9323
57.4903
126.143
53.0278
60.7723
72.156
60.8012
121.51
51.0657
90.7454
76.2195
80.1238
89.5588
61.5795
113.21
96.7863
57.576
75.3968
65.4332
53.9474
72.3241
61.3834
120.916
77.786
89.773
87.7024
68.059
60.3928
63.2812
78.9384
97.3811
59.7299
66.3912
75.8774
74.1833
62.1182
59.0585
74.3215
56.734
59.4636
62.7673
86.754
110.116
59.3867
53.9226
105.311
64.3884
76.0363
54.4237
53.8986
76.3168
84.6809
84.6156
74.3386
72.4613
67.0573
64.5471
76.5116
84.6635
60.7854
67.7771
62.8871
68.126
53.8383
62.7209
78.0245
73.0944
91.2198
86.9942
62.5379
99.2487
76.5924
62.1898
86.1086
58.4997
