129.844
159.52
158.516
173.194
259.572
188.491
205.585
165.03
137.588
128.595
268.011
173.661
215.735
413.321
151.39
187.248
172.347
206.943
199.028
184.4
131.879
143.77
145.185
164.605
282.948
159.944
137.053
239.692
124.267
171.961
145.183
150.618
134.962
204.107
145.942
140.011
193.676
198.439
166.856
206.921
153.143
128.937
240.178
173.055
213.106
255.77
138.945
192.041
161.034
199.994
136.697
140.083
127.814
161.431
147.777
154.355
137.289
129.651
212.882
224.264
179.705
229.115
198.909
247.37
139.3
207.173
130.294
253.82
212.753
127.64
230.488
209.205
156.952
240.82
186.746
308.605
224.073
132.561
170.666
235
158.064
183.465
135.456
133.769
183.04
209.522
183.093
249.41
140.705
146.378
187.327
162.542
168.186
245.241
162.275
140.103
276.763
170.711
127.649
207.88
