534.47
573.116
542.593
616.549
560.407
644.674
741.327
1285.41
1080.49
731.516
815.517
680.145
531.426
1142.86
1188.18
566.907
1365.12
912.256
603.791
972.621
657.546
923.658
534.522
1776.67
1509.38
699.853
570.701
710.795
601.414
805.455
1224.82
700.299
790.078
1020.65
598.688
658.762
1487.78
951.801
863.912
802.194
619.079
663.599
729.355
745.359
1031.67
499.905
530.9
808.235
746.596
1561.83
1252.15
1320.05
598.237
1202.46
465.867
885.779
887.946
1478.53
623.338
642.761
1576.87
846.368
671.333
889.909
874.355
1031.5
1538.32
731.389
1213.17
1052.3
906.457
757.965
900.278
657.785
1060.03
618.308
615.47
586.329
1031.11
446.104
1345.36
826.363
751.333
1549.46
879.6
1238.5
757.266
695.843
1143.85
613.912
521.701
1098.07
574.024
486.874
1028.57
1059
594.675
469.546
734.085
536.3
