249.99
183.034
142.579
235.695
197.357
148.717
197.444
223.034
123.793
203.961
298.413
176.672
174.552
191.672
160.969
129.454
320.948
152.306
299.555
239.796
149.248
191.76
224.29
202.072
210.738
145.044
135.77
125.164
272.294
204.745
214.216
141.58
171.447
268.94
276.869
177.447
242.264
177.524
248.513
275.9
149.389
145.845
272.02
163.741
200.79
143.155
216.142
195.937
180.641
203.792
160.448
220.991
181.016
133.07
214.526
181.503
163.818
240.123
248.09
141.705
146.131
217.202
285.717
146.817
217.006
305.079
141.049
183.107
157.533
217.014
182.274
128.152
219.848
178.497
178.479
158.201
220
144.681
279.864
139.103
185.462
135.455
174.881
124.216
198.891
179.324
222.369
179.692
142.381
193.381
153.872
232.648
224.64
190.683
169.292
153.892
197.761
273.619
266.207
270.361
