334.006
262.37
204.627
175.693
230.778
228.349
331.89
243.891
241.651
211.419
291.048
380.657
209.433
266.902
196.875
191.468
449.426
341.752
204.556
260.361
169.994
234.241
220.902
208.839
352.313
187.937
154.516
264.674
245.712
164.293
301.151
279.583
324.104
233.618
352.818
226.336
279.356
195.242
224.913
192.82
283.963
207.999
394.233
396.242
236.311
327.469
263.229
227.705
210.954
204.743
384.683
181.827
331.862
187.239
272.438
233.595
261.414
195.744
291.949
331.183
271.658
295.329
204.989
282.322
167.019
247.428
268.759
296.047
168.825
298.973
292.789
173.048
223.256
337.626
244.582
270.374
250.068
166.883
205.868
177.513
404.019
420.604
234.068
329.862
237.236
189.397
208.391
192.196
351.138
258.386
293.574
278.919
333.761
237.647
206.032
217.887
281.538
325.112
213.77
245.196
