82.5168
61.1391
98.6929
46.6083
66.1536
49.6137
80.5763
48.5041
66.8236
60.6665
62.4045
56.8912
95.9594
48.4038
57.6588
48.1944
72.8815
70
57.4528
49.0594
65.4392
65.5051
80.7381
53.2813
65.9567
63.2444
73.1388
54.722
86.0459
61.4686
68.627
85.7085
45.9203
53.0848
45.1915
65.3845
101.28
73.9169
63.4347
65.5221
69.226
67.9454
61.3725
71.3645
49.1392
60.4433
79.9356
46.05
118.124
82.9169
55.7659
44.2293
62.3022
44.4181
96.0234
74.3076
70.3365
44.1934
65.6481
49.9367
55.5208
62.1498
43.8764
44.6557
70.1771
72.2843
67.238
56.3714
57.9253
54.0478
53.4354
51.4446
79.386
53.6961
49.8991
80.5875
64.1162
48.8018
81.0132
80.2251
53.6581
58.9533
93.4829
49.9513
55.8493
44.8113
48.8239
70.153
52.9844
95.3563
58.9854
81.0422
86.5608
74.5448
81.2838
60.3133
88.4579
54.1824
101.639
58.6561
