65.1406
66.9348
67.8161
53.2431
56.6637
91.0155
77.1595
47.5565
71.3958
63.0809
109.501
53.2238
77.0811
109.117
49.6609
79.9081
52.7314
81.1107
86.7162
100.101
68.6781
64.3419
54.6065
85.3303
61.8354
87.4118
98.0449
79.6283
86.0577
65.353
88.9265
70.6191
57.9698
92.5335
85.7627
76.6493
65.7943
66.6094
56.2142
118.794
68.0194
84.4705
52.0938
93.8169
47.5811
51.9751
56.5624
88.165
73.0594
58.166
68.2585
93.9541
73.4616
86.606
106.088
59.5086
71.2661
79.7804
50.7694
66.32
67.2002
66.7939
127.893
48.9713
59.8344
57.8694
76.5324
62.3775
62.3639
64.4169
60.67
83.0108
49.6277
77.0002
61.5664
63.6946
89.6955
51.9955
58.6049
74.9089
70.7106
84.4758
65.4659
71.5811
53.3822
81.5567
96.9814
64.4069
60.29
56.4842
114.064
100.568
85.8253
69.0869
93.6193
55.2975
62.5472
92.8306
69.0293
94.049
