203.754
249.018
147.645
257.479
160.098
171.522
281.772
257.163
287.134
248.341
147.442
190.881
212.404
122.665
279.412
165.159
223.324
155.619
215.395
128.231
210.542
207.836
145.576
180.85
169.789
152.455
184.171
167.025
233.211
179.32
186.627
220.224
189.82
199.834
193.942
162.943
311.348
250.592
290.269
206.001
254.839
140.439
191.762
191.904
119.988
183.347
148.411
164.766
152.143
147.858
304.351
197.116
125.243
154.519
149.638
135.516
156.63
145.528
171.425
131.094
140.245
172.912
156.71
121.036
237.658
171.177
136.169
257.45
273.181
170.638
221.149
151.848
174.72
125.181
339.906
156.927
234.847
131.28
140.644
198.192
312.676
224.805
123.889
271.557
197.035
133.588
278.743
176.775
159.715
120.385
172.298
220.491
174.8
126.94
171.367
288.262
210.873
241.373
261.293
351.018
