1061.98
1469.39
699.096
856.01
1659.4
701.246
800.226
1831.66
1441.51
677.697
1566.94
1187.27
1241.04
741.048
1083.87
2082.52
932.32
859.901
898.471
817.085
532.748
910.155
884.444
573.304
628.528
1688
521.199
1954.85
1148.3
623.976
1656.37
642.144
862.98
968.482
1460.97
671.901
863.805
1570.83
911.293
889.803
1720.16
822.39
565.768
691.295
795.82
933.788
535.197
890.413
1292.7
1152.12
1210.26
728.478
999.846
1297.33
1271.7
1001.78
486.959
1197.1
564.727
1122.69
805.584
983.071
2029.58
617.858
1156.15
814.274
571.746
565.724
723.525
687.453
1563.16
593.441
1164.61
1100.09
575.176
962.773
715.376
1334.92
796.086
598.214
995.041
829.062
961.233
918.018
1486.49
1350.95
1737.38
1038.12
1457.51
1065.52
567.027
614.473
999.2
633.353
990.486
993.39
1727.48
646.256
619.703
455.82
