202.555
148.074
181.143
165.574
186.461
133.778
213.143
269.644
215.034
232.508
227.651
191.563
132.128
137.492
183.918
238.088
154.414
263.078
174.469
166.064
169.288
172.013
300.741
242.683
195.574
208.155
230.48
299.48
214.134
189.876
202.25
229.368
191.467
230.627
216.472
200.915
164.692
194.48
284.423
255.027
185.285
140.334
183.005
204.264
239.42
233.6
225.466
197.689
213.366
230.923
155.393
266.089
220.001
218.553
157.47
199.42
214.411
208.985
212.512
151.422
268.384
249.348
203.671
167.597
136.353
173.475
166.36
178.879
152.791
139.055
194.491
176.612
213.621
153.746
193.794
166.658
237.148
303.423
216.804
246.486
160.33
132.164
161.304
260.828
137.653
159.811
208.864
224.188
183.287
241.727
205.963
120.11
214.024
192.395
274.304
207.963
235.863
132.51
143.255
279.656
