1128.44
515.595
595.272
469.249
827.401
565.172
759.567
741.527
607.951
563.541
748.735
900.55
535.435
683.275
734.295
432.482
949.109
593.325
646.773
907.035
565.145
428.677
476.993
446.822
683.429
644.328
653.03
733.904
567.964
546.547
406.244
403.198
706.78
464.292
516.783
690.803
751.929
873.424
663.032
805.123
712.546
637.546
479.559
568.149
483.366
606.036
709.332
686.281
788.567
497.931
852.824
524.844
693.373
607.701
614.894
482.248
734.376
472.646
484.302
629.262
643.891
641.029
608.892
553.097
396.375
811.181
569.118
424.089
825.744
571.576
583.674
462.239
834.911
628.208
634.709
814.752
993.764
497.341
752.032
770.289
457.747
477.307
555.151
757.686
499.778
969.326
672.314
465.641
621.401
847.039
449.707
1060.93
636.376
478.292
658.579
472.44
655.424
476.039
693.405
484.621
