68.1905
59.3797
130.681
54.9635
71.0605
74.4257
54.2483
87.0816
70.0105
73.185
56.3967
83.8373
66.4326
97.0133
65.2669
61.1437
91.264
90.0841
96.0654
102.314
80.879
123.007
61.8197
117.789
59.4329
87.655
59.8305
86.387
99.1522
61.4462
104.114
96.4709
90.8321
70.6849
110.413
74.9127
64.9126
70.5189
83.8272
74.3338
66.4495
77.4955
107.782
90.4501
60.498
62.532
54.0707
67.0034
90.6932
64.3656
88.4508
53.0383
95.5967
98.0286
62.0573
75.0602
98.4335
72.7119
114.928
69.3253
56.5521
80.803
78.9935
86.2755
93.756
117.055
61.4372
71.6644
128.914
65.5196
108.172
70.9696
96.5137
66.6572
82.9754
61.6916
86.77
54.2804
67.9293
66.0654
104.853
107.7
82.414
101.866
95.2769
90.0448
71.7266
109.63
75.8177
85.9901
74.7419
91.1323
78.0075
65.0705
65.2829
56.8572
67.4619
55.5038
60.9788
88.7274
