165.345
191.064
141.51
218.147
179.21
115.093
116.723
202.986
152.45
140.039
245.537
150.725
115.251
186.226
268.732
172.66
214.428
187.028
127.532
189.913
160.452
175.994
138.152
210.721
131.256
131.739
166.199
173.188
122.275
304.166
166.917
187.598
117.229
257.614
180.701
226.062
132.457
170.967
202.967
169.527
196.752
176.366
304.222
229.818
247.733
276.539
168.545
133.237
140.765
234.549
242.533
171.031
271.705
233.572
223.347
182.55
223.489
217.415
136.432
167.061
213.808
220.509
215.858
290.205
254.245
191.565
142.387
162.745
299.384
126.433
176.551
152.641
119.688
186.71
142.071
134.351
192.908
110.837
148.037
248.468
158.421
125.319
146.888
178.854
189.48
166.109
213.093
225.697
138.575
297.601
168.618
207.443
224.957
273.387
218.76
273.998
236.401
163.201
131.552
219.077
