221.229
151.234
201.149
118.418
164.296
142.952
198.724
197.545
165.796
116.891
106.514
107.506
182.559
401.606
253.368
148.037
139.282
140.313
177.937
190.714
89.6062
176.318
190.216
214.65
189.282
201.812
161.881
210.515
262.524
221.655
403.046
159.309
98.9616
245.024
195.692
305.875
286.422
227.443
128.775
109.266
244.202
237.555
188.001
297.486
222.406
108.792
254.936
140.362
98.4504
266.384
175.837
162.076
142.372
207.77
171.027
209.893
149.289
131.507
182.026
114.46
163.397
208.555
186.698
150.039
180.108
288.059
83.7727
264.474
224.204
244.736
283.189
238.339
206.77
163.766
135.466
215.021
151.328
147.287
246.789
204.186
125.191
190.166
179.852
261.084
158.084
280.419
252.471
219.873
133.971
177.11
162.298
161.465
183.249
151.477
135.234
172.502
237.468
149.923
185.471
201.779
