194.631
147.37
215.74
201.242
211.67
145.126
191.651
161.781
243.432
145.226
193.81
203.191
161.843
175.614
197.828
149.737
153.489
130.657
178.382
205.547
222.477
230.394
224.535
133.428
211.757
149.255
282.615
148.594
169.412
168.81
228.084
126.903
198.106
126.479
248.996
221.702
167.212
235.358
158.212
277.038
140.467
160.003
123.258
128.04
167.215
149.301
140.092
133.301
237.875
341.112
188.87
174.537
143.904
149.721
207.038
177.977
241.351
163.828
182.146
267.133
183.757
133.374
182.405
219.286
141.724
178.34
138.138
220.608
308.446
253.46
187.59
246.259
195.974
156.46
144.595
186.686
154.735
162.325
132.782
145.073
124.994
152.139
182.339
131.686
125.875
247.068
199.865
197.899
330.422
224.499
