460.953
617.712
425.327
498.336
477.555
410.209
498.567
663.957
415.529
773.292
687.073
526.406
608.987
468.965
540.928
764.265
408.572
573.226
483.533
343.239
377.366
586.833
431.019
836.014
414.344
810.46
438.444
536.261
569.909
356.317
536.868
583.714
532.169
375.725
386.547
545.955
551.878
515.078
662.925
704.61
675.551
438.041
470.703
337.296
528.001
356.05
483.877
379.151
358.434
357.061
595.831
480.503
1368.86
363.165
567.3
806.17
530.78
438.851
674.27
489.938
923.781
777.259
398.648
435.467
913.466
677.697
506.5
987.832
520.501
319.545
500.731
695.409
408.006
598.031
452.479
353.495
427.291
397.646
680.938
570.261
638.842
404.134
679.598
729.269
689.059
461.574
504.266
367.795
449.984
659.13
376.713
402.534
919.688
438.119
623.353
748.073
504.318
514.627
376.409
457.422
