139.152
167.481
132.364
289.877
119.108
113.171
128.432
179.083
201.959
174.924
208.796
93.2772
141.314
198.037
269.889
201.104
156.74
161.727
171.689
94.978
181.304
194.774
107.616
106.481
96.1704
141.916
99.3869
91.9611
170.036
196.72
197.846
158.507
156.074
96.0707
134.842
158.168
181.821
163.187
167.427
194.25
174.765
184.49
149.121
164.906
232.75
174.15
143.356
140.272
123.27
126.452
104.278
107.242
196.651
118.854
122.241
161.019
125.854
153.636
158.42
188.11
186.315
100.355
124.185
117.688
131.941
146.338
125.984
93.2145
164.406
146.969
96.0434
162.993
125.63
209.469
97.1656
128.265
124.579
157.846
154.196
95.8368
114.694
126.082
113.678
127.746
94.8973
124.757
141
102.657
112.999
120.604
140.741
118.393
161.309
125.968
167.089
153.117
95.5091
162.469
182.955
147.029
