211.164
265.597
213.42
248.355
132.372
95.7351
120.338
152.236
147.322
196.868
263.087
115.933
269.16
100.563
177.385
144.463
145.53
186.942
148.81
230.73
118.634
138.59
135.864
138.734
161.405
195.202
173.581
156.244
244.404
180.028
254.375
258.81
187.307
129.95
132.794
206.657
206.625
190.525
174.9
190.006
237.323
145.675
222.635
279.227
232.466
179.158
198.45
155.067
154.585
193.537
343.094
114.653
155.932
184.517
281.996
209.415
164.682
255.892
171.843
209.216
144.114
121.119
145.687
208.755
232.645
96.8362
239.82
131.826
233.189
100.809
233.414
236.342
159.287
185.375
203.176
116.041
257.185
143.542
244.036
111.387
276.553
160.473
222.264
118.618
192.499
196.038
229.148
182.994
179.159
275.991
216.869
188.539
171.96
241.793
182.821
165.418
183.192
182.271
264.051
119.453
