220.927
576.49
542.83
682.133
303.603
332.853
574.237
639.514
450.171
244.016
414.51
223.758
402.959
449.271
412.525
406.696
334.476
762.489
466.174
638.891
269.425
520.021
315.484
390.712
474.106
375.547
458.372
620.235
219.382
245.11
220.164
429.495
412.605
671.275
356.879
473.688
245.521
380.917
498.683
516.822
312.658
242.073
654.132
495.34
279.612
430.12
215.353
494.56
303.157
588.801
479.213
614.595
325.06
412.534
270.97
540.651
411.746
359.044
333.172
385.03
667.517
253.531
310.347
489.892
491.638
297.427
226.757
458.4
364.882
355.303
408.697
348.113
233.025
209.656
333.552
575.423
360.783
411.279
233.009
302.487
543.657
371.323
540.926
387.046
241.809
360.462
339.957
699.529
205.849
406.603
483.737
252.414
450.659
606.604
413.517
337.629
279.248
212.726
431.628
360.799
