440.162
590.815
630.054
614.29
443.715
391.046
472.034
679.776
554.498
598.788
867.031
746.257
454.181
812.456
522.046
530.999
691.419
748.279
659.972
389.716
543.256
734.097
615.423
597.53
775.733
724.516
470.965
601.949
664.955
597.101
459.212
658.916
396.631
1154.21
860.013
596.994
397.019
530.241
524.072
764.934
650.159
395.613
498.054
410.712
493.057
496.318
418.26
932.084
420.041
854.185
495.308
718.168
766.396
503.442
398.673
573.672
382.376
477.949
817.947
571.567
513.771
912.185
827.605
518.335
552.995
451.886
639.11
410.369
800.58
464.407
596.091
593.596
572.278
443.798
913.438
444.87
460.969
406.89
693.714
575.231
768.048
627.674
394.618
368.686
658.999
925.233
500.205
527.316
976.69
918.372
613.58
736.002
1162.03
536.851
576.016
547.436
786.675
425.987
441.156
453.081
