813.179
843.34
815.457
666.289
583.685
706.881
565.087
1357.59
1471.93
994.96
1353.62
968.513
551.154
787.199
1061.26
700.144
689.735
929.286
578.926
756.558
539.079
669.769
1513.03
965.469
1025.5
736.981
801.596
673.163
947.17
1255.11
589.121
761.802
696.713
1222.06
805.603
764.35
918.667
1106.25
811.389
864.761
1035.36
955.385
659.809
1124.02
850.615
1156.29
517.743
626.687
1096.91
658.445
873.494
579.286
557.233
1529.08
885.126
911.296
1009.18
1210
924.282
987.14
1143.92
605.807
1277.4
775.578
724.581
760.542
877.741
852.89
696.91
949.18
1343.55
1256.37
568.606
1227.4
810.222
780.647
1343.75
673.73
1115.5
1421.36
817.03
924.138
615.075
535.597
944.808
1539.14
614.71
631.576
487.765
973.3
898.079
568.061
1158.05
1320.12
1312.65
695.9
1131.8
1077.65
603.979
1354.25
