283.339
225.266
421.699
368.576
320.561
232.965
256.092
274.651
244.14
280.918
386.606
238.489
296.768
269.485
225.776
236.682
362.117
246.456
244.997
313.006
317.423
296.511
464.621
341.843
342.734
335.415
350.473
247.759
379.716
242.879
343.36
342.352
308.995
264.064
423.431
477.267
322.848
466.699
335.478
233.051
248.791
258.485
331.579
318.403
255.893
322.457
278.983
449.868
250.121
490.752
320.911
227.747
271.027
288.485
231.658
256.013
224.075
311.193
510.605
420.477
325.106
350.579
406.555
216.908
370.069
223.24
441.736
335.795
521.324
228.336
246.61
328.285
217.681
298.475
331.591
267.277
362.942
260.739
403.978
251.872
291.287
239.438
417.414
260.119
372.189
323.14
319.744
211.098
289.406
422.335
213.957
257.839
505.439
321.365
223.774
219.442
344.983
335.442
284.15
276.973
279.137
306.476
295.077
232.615
325.453
312.348
