162.258
169.47
246.184
201.127
286.533
207.771
227.616
210.532
140.241
183.889
179.191
146.413
196.035
196.009
283.583
193.919
217.237
185.488
145.094
181.388
160.96
298.489
176.078
268.832
149.478
142.92
174.372
246.458
200.182
146.881
222.137
164.737
226.477
167.709
153.252
164.747
279.879
241.894
315.859
146.738
186.81
280.708
175.314
161.187
224.609
304.914
155.262
182.403
176.828
188.899
207.689
153.639
153.413
181.762
142.303
174.039
220.421
197.346
167.856
208.289
214.479
155.777
191.647
249.116
174.542
164.322
238.79
180.46
151.575
132.978
208.623
168.11
201.363
229.387
216.007
137.253
298.924
274.573
237.106
163.108
179.544
200.188
152.563
159.299
166.361
308.404
192.694
221.496
195.714
289.477
212.884
141.51
169.896
213.982
219.044
160.836
213.529
180.614
160.312
131.951
