165.191
127.933
146.571
193.167
188.64
109.494
197.137
171.229
140.64
183.563
117.543
145.771
195.274
245.839
225.545
107.774
115.919
136.675
165.935
134.36
119.008
159.722
112.599
161.722
204.586
126.76
145.908
164.49
205.097
111.845
182.771
141.918
238.062
157.66
114.094
109.125
114.898
216.656
118.86
136.66
140.351
137.744
168.222
146.248
262.388
137.45
155.45
161.208
109.958
274.313
108.383
149.885
120.817
115.282
113.128
181.641
112.521
131.198
193.542
164.812
190.935
186.149
115.739
128.305
141.751
109.09
117.199
145.319
221.896
130.485
193.199
162.771
117.895
133.761
212.665
174.062
165.462
159.138
179.863
126.665
133.306
165.762
198.517
138.19
123.854
143.603
122.894
195.143
122.773
190.522
111.781
122.255
198.171
124.196
165.356
195.787
166.68
215.891
252.791
158.415
