231.862
270.872
215.827
270.044
269.747
126.179
318.879
298.708
146.384
156.192
90.6711
189.354
150.788
212.671
263.74
325.61
144.117
136.955
310.638
174.242
144.84
157.126
216.135
95.8228
183.111
197.192
110.976
195.244
201.955
183.978
231.435
120.577
264.138
145.205
156.774
194.774
278.707
177.628
351.663
171.565
172.013
159.349
175.803
164.885
115.318
172.45
221.051
133.705
301.744
165.898
283.056
174.301
151.89
160.612
118.908
154.317
146.74
144.91
244.558
233.689
144.404
278.298
237.898
211.257
255.553
166.036
165.502
216.605
175.237
211.756
243.399
210.515
158.222
227.388
259.462
225.585
189.381
121.532
314.869
243.658
234.099
188.894
130.221
192.145
91.5056
203.543
240.58
154.466
123.346
191.954
