57.9119
77.6276
82.653
53.9414
99.0122
62.8986
90.3283
57.1376
64.718
48.572
80.7947
63.6429
62.0972
59.0043
76.8471
66.8662
81.4277
79.6489
57.9886
49.1484
72.3851
78.5179
52.1199
53.1351
54.87
54.2662
74.6247
51.4411
75.4759
79.5253
62.9567
72.5164
72.9386
74.5876
68.5137
68.8085
50.1785
74.0648
47.7807
89.3476
53.0113
50.1648
51.747
69.3887
82.0252
51.2402
60.0995
59.0386
64.0521
58.3782
64.4465
87.1028
70.7427
58.7483
54.3551
48.7823
106.837
89.4161
83.6531
94.1322
72.7632
77.988
121.742
51.9037
49.6605
105.654
54.5005
70.3319
60.9727
93.5386
87.262
117.154
53.6101
147.56
107.376
115.26
65.4506
62.5754
70.1574
63.3722
96.2058
72.5452
77.4479
65.009
53.4497
61.1918
82.9223
59.4385
49.0943
76.5896
85.3401
71.8685
82.3663
78.418
98.9781
60.5669
79.7481
82.3722
50.3111
71.2577
