158.31
176.233
196.98
145.363
265.137
252.186
265.882
156.154
161.093
102.543
197.077
197.865
164.035
253.441
163.065
241.577
224.964
140.135
209.878
183.905
189.615
141.138
261.293
276.589
230.559
169.544
179.71
164.388
198.722
238.949
213.995
157.667
273.802
143.187
212.513
163.467
249.516
190.291
221.866
218.333
223.455
181.206
226.601
272.166
128.601
197.771
175.713
133.043
175.623
150.51
127.223
194.874
267.185
372.59
221.953
230.206
166.766
157.692
153.56
136.094
274.612
207.588
244.289
296.017
141.3
168.261
220.841
225.618
172.108
160.587
200.905
250.527
256.637
167.711
158.786
200.396
299.789
171.152
196.122
182.557
187.228
284.686
186.267
247.21
147.087
197.814
221.874
164.115
224.311
257.467
