51.5724
74.4941
60.1008
80.7059
62.7558
86.4257
58.7732
79.9971
91.9242
75.4909
93.0502
62.2339
66.2096
55.196
61.3328
60.538
66.4094
91.7169
86.9817
65.2639
94.025
56.3602
96.1698
63.3345
67.502
76.7123
54.4917
56.8042
94.0359
110.292
72.832
92.4191
82.4676
53.9474
77.262
69.5309
60.3228
102.372
68.9664
138.319
95.2132
92.5645
91.6878
83.5038
86.0911
73.8941
110.784
61.9582
70.8478
121.45
101.956
71.6755
57.3805
74.8298
77.6496
120.469
55.2219
83.9731
78.1966
122.972
61.3859
94.2147
80.0056
67.2491
55.5215
94.8861
80.6385
132.211
57.8
89.6095
99.5979
60.0625
55.8513
53.8997
61.3324
106.414
77.9047
74.6988
75.604
99.8066
74.9032
87.2729
65.3175
100.617
74.1194
72.0641
93.2871
91.1243
88.3565
105.034
82.2299
62.2819
59.7809
65.3628
70.4447
73.8015
56.8325
83.4828
59.4081
55.1008
56.4235
85.587
55.8284
