0.2 0.16 4.96625912111e-19 1.1142245323e-13 2.25559810864e-14 0.1 0.2
0.3 0.24 2.77785113226e-19 2.85780535713e-13 6.53707087637e-14 0.1 0.3
0.5 0.4 3.18511638212e-19 1.29240627823e-12 3.58978746276e-13 0.1 0.5
0.6 0.48 1.88767135447e-19 1.14383692559e-12 3.44633591867e-13 0.1 0.6
0.8 0.64 1.46072309487e-20 1.54877579607e-13 5.37916197214e-14 0.1 0.8
1.0 0.8 6.44418649852e-21 1.00653351721e-13 3.94782042599e-14 0.1 1.0
2.0 1.6 1.04363110757e-21 4.55998453529e-14 2.77820609958e-14 0.1 2.0
3.0 2.4 5.0521678044e-22 3.74736747534e-14 3.07067712211e-14 0.1 3.0
5.0 4.0 5.33547468832e-22 7.2054163076e-14 8.87300123979e-14 0.1 5.0
6.0 4.8 4.20558676222e-22 6.96014673184e-14 9.9909545858e-14 0.1 6.0
8.0 6.4 5.23149456907e-22 1.18797277154e-13 2.18575674844e-13 0.1 8.0
10.0 8.0 5.41840446543e-22 1.56458406083e-13 3.50572652441e-13 0.1 10.0
20.0 16.0 2.07017443558e-22 1.22537942084e-13 5.1653747371e-13 0.1 20.0
30.0 24.0 9.91483036099e-23 8.89077004479e-14 5.47249332291e-13 0.1 30.0
50.0 40.0 4.17097726967e-23 6.25927895303e-14 6.23163830664e-13 0.1 50.0
100.0 80.0 1.15424320764e-23 3.47129615279e-14 6.68829173466e-13 0.1 100.0
