0.2 0.16 4.96625912111e-19 1.1142245323e-13 2.25559810864e-14 0.1 0.2
0.3 0.24 2.77785153116e-19 2.85780576751e-13 6.53707181509e-14 0.1 0.3
0.5 0.4 1.11155693337e-20 1.47805059581e-13 3.41763332716e-14 0.1 0.5
0.6 0.48 4.10164303239e-20 2.48539595885e-13 7.48840081439e-14 0.1 0.6
0.8 0.64 1.46072355401e-20 1.54877628289e-13 5.37916366295e-14 0.1 0.8
1.0 0.8 6.44418649858e-21 1.00653351722e-13 3.94782042602e-14 0.1 1.0
2.0 1.6 1.04363110757e-21 4.55998453529e-14 2.77820609958e-14 0.1 2.0
3.0 2.4 5.05221688993e-22 3.74740388377e-14 3.070706956e-14 0.1 3.0
5.0 4.0 5.33549505318e-22 7.20544380979e-14 8.87303510696e-14 0.1 5.0
6.0 4.8 4.20558676222e-22 6.96014673184e-14 9.9909545858e-14 0.1 6.0
8.0 6.4 5.23149456973e-22 1.18797277169e-13 2.18575674871e-13 0.1 8.0
10.0 8.0 5.4184039681e-22 1.56458391722e-13 3.50572620263e-13 0.1 10.0
20.0 16.0 2.07017438435e-22 1.22537939053e-13 5.1653746093e-13 0.1 20.0
30.0 24.0 9.9148302562e-23 8.89076995083e-14 5.47249326507e-13 0.1 30.0
50.0 40.0 4.17097729466e-23 6.25927899055e-14 6.23163834399e-13 0.1 50.0
100.0 80.0 1.15424320764e-23 3.47129615279e-14 6.68829173466e-13 0.1 100.0
