0.2 0.18 2.7213152434e-19 1.09137540307e-13 2.21127784275e-14
0.3 0.27 1.72726573166e-19 3.11884081897e-13 7.13431446254e-14
0.4 0.36 1.41790548676e-19 5.7554402455e-13 1.46017035922e-13
0.5 0.45 6.31657823825e-20 4.39020939519e-13 1.21886467094e-13
0.6 0.54 3.07189064105e-20 3.16073498281e-13 9.5187219321e-14
0.7 0.63 1.55788795155e-20 2.1571367701e-13 6.99401648775e-14
0.8 0.72 9.83538635696e-21 1.75285539853e-13 6.08292867883e-14
1 0.9 4.49294234735e-21 1.11599807416e-13 4.37927565338e-14
5 4.5 4.56831173056e-22 9.95503219706e-14 1.19242151445e-13
10 9.0 3.76621186654e-22 1.84839363892e-13 3.8533727755e-13
50 45.0 2.82041294801e-23 8.92756409302e-14 6.58529739404e-13
100 90.0 6.64698518129e-24 4.89605844247e-14 5.98074395997e-13
