0.2 0.16 2.20991127032e-19 7.27398814361e-14 1.40946994694e-14 0.1 0.2
0.3 0.24 4.33140877463e-20 1.04800048788e-13 2.18743965606e-14 0.1 0.3
0.5 0.4 8.70147930362e-21 1.6232667327e-13 3.73300124283e-14 0.1 0.5
0.6 0.48 5.23163995471e-21 1.82159855222e-13 4.35312171152e-14 0.1 0.6
0.8 0.64 2.30071518303e-21 2.03120569209e-13 5.17910606709e-14 0.1 0.8
1.0 0.8 1.17845201455e-21 1.99958833513e-13 5.38736314175e-14 0.1 1.0
2.0 1.6 1.42845933235e-22 1.42822849455e-13 4.67721241431e-14 0.1 2.0
3.0 2.4 4.38160026296e-23 1.09488490358e-13 4.09429563697e-14 0.1 3.0
5.0 4.0 1.16479971383e-23 8.26206543703e-14 3.73479072086e-14 0.1 5.0
6.0 4.8 7.61960429888e-24 7.6589596125e-14 3.72823508776e-14 0.1 6.0
8.0 6.4 3.70764181506e-21 1.65472969343e-13 3.84087921221e-13 0.1 8.0
10.0 8.0 2.72458114981e-24 6.77108763792e-14 4.14513399721e-14 0.1 10.0
20.0 16.0 9.79647531429e-25 7.31392950832e-14 6.46595158204e-14 0.1 20.0
30.0 24.0 1.53215406212e-22 2.85659012071e-14 2.0957137821e-13 0.1 30.0
50.0 40.0 2.54231754754e-23 7.90541489085e-15 9.26903068174e-14 0.1 50.0
100.0 80.0 3.09014120145e-25 2.00016825367e-13 5.52471511376e-13 0.1 100.0
